1.000000 0.000000 0.000000 0.000705 0.000000 1.000000 0.000000 0.002171 0.000000 0.000000 1.000000 -0.015007
1.000000 0.000000 0.000000 -0.000141 0.000000 1.000000 0.000000 0.004551 0.000000 0.000000 1.000000 -0.023015
1.000000 0.000000 0.000000 -0.003523 0.000000 1.000000 0.000000 0.006782 0.000000 0.000000 1.000000 -0.020023
1.000000 0.000000 0.000000 -0.001127 0.000000 1.000000 0.000000 0.006745 0.000000 0.000000 1.000000 -0.031023
1.000000 0.000000 0.000000 0.001268 0.000000 1.000000 0.000000 0.012073 0.000000 0.000000 1.000000 -0.043040
1.000000 0.000000 0.000000 -0.000141 0.000000 1.000000 0.000000 0.015031 0.000000 0.000000 1.000000 -0.044050
1.000000 0.000000 0.000000 -0.003241 0.000000 1.000000 0.000000 0.018554 0.000000 0.000000 1.000000 -0.042062
1.000000 0.000000 0.000000 -0.006624 0.000000 1.000000 0.000000 0.027047 0.000000 0.000000 1.000000 -0.048090
0.980886 0.085693 -0.174695 -0.011133 0.090561 -0.995689 0.020072 0.039778 -0.172222 -0.035509 -0.984418 -0.060132
0.977994 0.124380 -0.167505 -0.015925 0.131159 -0.990907 0.029996 0.048252 -0.162251 -0.051305 -0.985415 -0.072161
0.974613 0.153851 -0.162665 -0.029877 0.155147 -0.987880 -0.004783 0.070085 -0.161429 -0.020576 -0.986670 -0.074233
0.966494 0.206852 -0.151992 -0.032414 0.207852 -0.978115 -0.009461 0.102655 -0.150623 -0.022448 -0.988336 -0.075341
0.950332 0.263871 -0.165048 -0.030300 0.264294 -0.964239 -0.019797 0.125083 -0.164370 -0.024807 -0.986087 -0.065415
0.948060 0.282540 -0.146129 -0.004510 0.284686 -0.958599 -0.006456 0.140293 -0.141903 -0.035480 -0.989244 -0.055466
0.942193 0.318472 -0.104155 0.062291 0.319855 -0.947460 -0.003601 0.139536 -0.099829 -0.029922 -0.994555 -0.060463
0.941157 0.331143 -0.067586 0.128668 0.330806 -0.943555 -0.016441 0.128448 -0.069215 -0.006884 -0.997578 -0.055427
0.941513 0.335011 -0.036330 0.212521 0.335878 -0.941671 0.021005 0.100161 -0.027174 -0.031979 -0.999119 -0.046333
0.933718 0.358004 -0.001795 0.332170 0.356750 -0.930005 0.088436 0.080697 0.029991 -0.083215 -0.996080 -0.055268
0.931417 0.363927 -0.004381 0.470140 0.362202 -0.925688 0.109138 0.066803 0.035663 -0.103240 -0.994017 -0.059222
0.927564 0.370740 0.046668 0.671246 0.363401 -0.924093 0.118289 0.091316 0.086980 -0.092761 -0.991882 -0.090304
0.929109 0.365534 0.056054 0.865870 0.356958 -0.926073 0.122347 0.106119 0.096632 -0.093665 -0.990903 -0.091353
0.917577 0.389471 0.079776 1.063171 0.391258 -0.920250 -0.007500 0.106297 0.070493 0.038095 -0.996785 -0.093353
0.916182 0.394824 0.068730 1.298946 0.396409 -0.918013 -0.010603 0.064489 0.058909 0.036960 -0.997579 -0.143215
0.920244 0.385339 0.068301 1.544445 0.385976 -0.922500 0.004152 0.032847 0.064608 0.022542 -0.997656 -0.141110
0.919955 0.386851 0.063475 1.792762 0.387201 -0.921967 0.007193 0.060205 0.061305 0.017961 -0.997957 -0.151201
0.951036 0.309041 0.004806 2.069265 0.308858 -0.950829 0.023025 0.129434 0.011685 -0.020413 -0.999723 -0.204431
0.955695 0.287700 0.062252 2.317301 0.290810 -0.955557 -0.048382 0.176938 0.045566 0.064341 -0.996887 -0.167588
0.962693 0.252368 0.097637 2.562095 0.260770 -0.961589 -0.085702 0.191473 0.072258 0.107965 -0.991525 -0.193637
0.946736 0.268354 0.177980 2.836766 0.286005 -0.954727 -0.081842 0.204719 0.147960 0.128386 -0.980625 -0.217681
0.937473 0.287663 0.195943 3.096922 0.283660 -0.957681 0.048820 0.241226 0.201695 0.009814 -0.979399 -0.203802
0.934897 0.314874 0.163773 3.370184 0.316835 -0.948367 0.014704 0.336181 0.159946 0.038143 -0.986389 -0.257118
0.938871 0.310101 0.149528 3.645278 0.315635 -0.948774 -0.014210 0.422683 0.137462 0.060538 -0.988655 -0.236405
0.947653 0.277253 0.158378 3.892891 0.273304 -0.960796 0.046636 0.491361 0.165099 -0.000910 -0.986277 -0.232633
0.939398 0.328496 0.098090 4.173904 0.323540 -0.944101 0.063214 0.520828 0.113372 -0.027647 -0.993168 -0.276731
0.935351 0.340439 0.096018 4.445897 0.334994 -0.939724 0.068539 0.549050 0.113564 -0.031942 -0.993017 -0.249825
0.906943 0.404591 0.117307 4.718454 0.397263 -0.914095 0.081319 0.624853 0.140131 -0.027150 -0.989761 -0.274077
0.902156 0.421533 0.091784 5.004259 0.415725 -0.906300 0.076115 0.706255 0.115269 -0.030510 -0.992866 -0.284347
0.892184 0.442298 0.091543 5.248771 0.438656 -0.896796 0.057779 0.766906 0.107651 -0.011394 -0.994123 -0.245548
0.890926 0.448913 0.068757 5.516819 0.446283 -0.893459 0.050617 0.776788 0.084154 -0.014411 -0.996349 -0.279582
0.875209 0.480519 0.055769 5.801214 0.479012 -0.876955 0.038696 0.771774 0.067501 -0.007153 -0.997694 -0.284565
0.862237 0.498607 0.089099 6.056860 0.497839 -0.866670 0.032245 0.802382 0.093297 0.016554 -0.995501 -0.263667
0.855024 0.505685 0.114965 6.321666 0.502512 -0.862673 0.057239 0.877782 0.128122 0.008830 -0.991719 -0.297918
0.875485 0.479388 0.060934 6.584358 0.476129 -0.877268 0.060843 0.938789 0.082623 -0.024255 -0.996286 -0.263120
0.883267 0.457688 0.101787 6.828448 0.446258 -0.887225 0.116984 0.984709 0.143850 -0.057905 -0.987904 -0.257273
0.878764 0.470740 0.078603 7.080007 0.462629 -0.880661 0.102034 0.983371 0.117254 -0.053299 -0.991671 -0.270269
0.857373 0.495820 0.138109 7.313526 0.494518 -0.867947 0.046045 0.989016 0.142701 0.028819 -0.989346 -0.242288
0.850567 0.502843 0.153899 7.550569 0.503699 -0.863117 0.036280 1.026323 0.151076 0.046660 -0.987420 -0.266412
0.871455 0.482019 0.090684 7.797337 0.480598 -0.876102 0.038353 1.078658 0.097936 0.010160 -0.995141 -0.279586
0.869453 0.473226 0.141805 8.008590 0.469103 -0.880867 0.063371 1.113913 0.154900 0.011423 -0.987864 -0.252703
0.890553 0.438678 0.120322 8.229567 0.425826 -0.896997 0.118614 1.128676 0.159962 -0.054396 -0.985623 -0.265752
0.885635 0.450998 0.110687 8.469006 0.435971 -0.889579 0.136304 1.116785 0.159937 -0.072460 -0.984464 -0.279713
0.848619 0.512805 0.129907 8.673353 0.499325 -0.857578 0.123426 1.116538 0.174699 -0.039876 -0.983814 -0.242712
0.841599 0.529693 0.105528 8.895880 0.517692 -0.846829 0.121967 1.154413 0.153969 -0.048016 -0.986908 -0.262839
0.855679 0.508660 0.095281 9.134756 0.498967 -0.859760 0.108834 1.209709 0.137279 -0.045585 -0.989483 -0.276022
0.856063 0.503135 0.118373 9.343472 0.490587 -0.863036 0.120388 1.251687 0.162731 -0.044988 -0.985644 -0.231162
0.873511 0.466203 0.140116 9.581501 0.451466 -0.883482 0.125050 1.268138 0.182088 -0.045975 -0.982207 -0.293217
0.882443 0.460504 0.096074 9.842925 0.451286 -0.886362 0.103454 1.278691 0.132798 -0.047935 -0.989983 -0.292252
0.867956 0.480416 0.125906 10.085605 0.471121 -0.876679 0.097356 1.296866 0.157151 -0.025184 -0.987254 -0.281313
0.854871 0.507617 0.107332 10.337587 0.494724 -0.859840 0.126190 1.348612 0.156344 -0.054777 -0.986183 -0.304485
0.838137 0.525765 0.145252 10.572657 0.511488 -0.850067 0.125562 1.397005 0.189489 -0.030943 -0.981395 -0.278646
0.837512 0.517935 0.174118 10.790534 0.491401 -0.853271 0.174508 1.431618 0.238954 -0.060591 -0.969139 -0.277761
0.850952 0.505338 0.143232 11.029268 0.468905 -0.853755 0.226343 1.423564 0.236664 -0.125445 -0.963459 -0.306735
0.837158 0.532403 0.125354 11.276881 0.497889 -0.836646 0.228321 1.425815 0.226435 -0.128728 -0.965482 -0.297743
0.831337 0.538335 0.138110 11.506595 0.509968 -0.837684 0.195493 1.443600 0.220933 -0.092089 -0.970932 -0.292803
0.844009 0.530563 0.078432 11.753362 0.513956 -0.841903 0.164467 1.507039 0.153292 -0.098501 -0.983259 -0.306014
0.850364 0.525360 0.029635 11.973776 0.520037 -0.847669 0.104971 1.549357 0.080268 -0.073852 -0.994034 -0.270154
0.835119 0.549259 0.029856 12.187847 0.544029 -0.832752 0.102743 1.562449 0.081296 -0.069560 -0.994260 -0.285198
0.853962 0.520295 0.006481 12.448566 0.517688 -0.850807 0.090144 1.569184 0.052416 -0.073625 -0.995908 -0.319221
0.842215 0.535573 -0.061924 12.677718 0.538879 -0.839816 0.065716 1.572642 -0.016809 -0.088716 -0.995915 -0.281233
0.809715 0.584499 -0.052184 12.926740 0.586753 -0.807787 0.056573 1.603878 -0.009087 -0.076427 -0.997034 -0.294337
0.791340 0.606172 -0.079603 13.206766 0.610661 -0.789983 0.054953 1.628454 -0.029574 -0.092097 -0.995311 -0.306419
0.799906 0.589036 -0.114835 13.425488 0.590267 -0.806769 -0.026629 1.631340 -0.108331 -0.046483 -0.993028 -0.273429
0.819065 0.568267 -0.078774 13.670423 0.569569 -0.821914 -0.007008 1.610509 -0.068728 -0.039127 -0.996868 -0.304361
0.830829 0.549315 -0.089309 13.934666 0.553418 -0.832419 0.028397 1.551307 -0.058744 -0.073018 -0.995599 -0.297165
0.812446 0.581781 -0.038241 14.179037 0.583034 -0.810883 0.050400 1.510795 -0.001687 -0.063243 -0.997997 -0.291031
0.792063 0.608921 -0.043025 14.437079 0.610370 -0.788946 0.070796 1.529947 0.009165 -0.082336 -0.996563 -0.320095
0.816138 0.567203 -0.110453 14.677786 0.573266 -0.818772 0.031279 1.583750 -0.072694 -0.088847 -0.993389 -0.281274
0.815495 0.575048 -0.065481 14.915111 0.574846 -0.817916 -0.023782 1.636274 -0.067234 -0.018247 -0.997570 -0.293449
0.857493 0.506849 -0.088375 15.162724 0.510925 -0.859087 0.030407 1.652581 -0.060511 -0.071227 -0.995623 -0.287504
0.857493 0.506849 -0.088375 15.413155 0.510925 -0.859087 0.030407 1.679818 -0.060511 -0.071227 -0.995623 -0.278595
0.878070 0.474050 -0.065338 15.669364 0.475963 -0.879306 0.016752 1.698723 -0.049511 -0.045808 -0.997723 -0.326658
0.892391 0.450048 -0.033081 15.928110 0.451170 -0.891290 0.045251 1.771822 -0.009119 -0.055306 -0.998428 -0.384902
0.877282 0.471636 -0.089083 16.124425 0.477632 -0.876149 0.065046 1.831883 -0.047372 -0.099613 -0.993898 -0.245101
0.877469 0.467726 -0.106208 16.335396 0.474082 -0.879375 0.044112 1.877711 -0.072764 -0.089058 -0.993365 -0.211253
0.884561 0.460272 -0.075509 16.627824 0.463373 -0.885670 0.029567 1.883724 -0.053267 -0.061143 -0.996707 -0.184274
0.892678 0.438029 -0.106097 16.917293 0.446117 -0.892247 0.069828 1.917210 -0.064078 -0.109665 -0.991901 -0.244386
0.867672 0.493238 -0.062135 17.186468 0.495383 -0.868320 0.024803 1.954398 -0.041720 -0.052301 -0.997760 -0.248510
0.850506 0.519578 -0.081716 17.462266 0.524632 -0.849102 0.061533 1.975452 -0.037414 -0.095206 -0.994754 -0.206581
0.866396 0.498299 -0.032492 17.729186 0.498870 -0.860843 0.100391 1.991323 0.022054 -0.103187 -0.994417 -0.220634
0.866396 0.498299 -0.032492 18.021756 0.498870 -0.860843 0.100391 1.961512 0.022054 -0.103187 -0.994417 -0.280536
0.906512 0.420111 -0.041738 18.303332 0.422175 -0.902506 0.085151 1.934432 -0.001896 -0.094811 -0.995494 -0.242447
0.880540 0.471147 -0.051665 18.567293 0.473027 -0.880427 0.033078 1.938002 -0.029903 -0.053565 -0.998117 -0.226460
0.889141 0.455964 -0.039044 18.866627 0.457632 -0.886097 0.073523 1.985020 -0.001073 -0.083240 -0.996529 -0.224616
0.872566 0.482552 -0.075978 19.135661 0.485914 -0.873363 0.033551 2.013500 -0.050167 -0.066194 -0.996545 -0.175711
0.881644 0.468556 -0.056197 19.413996 0.471370 -0.880079 0.057199 2.014314 -0.022657 -0.076918 -0.996780 -0.209715
0.902434 0.421459 -0.089364 19.719390 0.425991 -0.903891 0.038893 1.988671 -0.064383 -0.073166 -0.995239 -0.184631
0.902434 0.421459 -0.089364 19.983633 0.425991 -0.903891 0.038893 1.981498 -0.064383 -0.073166 -0.995239 -0.115608
0.921850 0.383664 -0.054718 20.263800 0.387200 -0.917768 0.088195 2.009138 -0.016381 -0.102490 -0.994599 -0.152700
0.920996 0.381011 -0.081222 20.558060 0.387057 -0.918594 0.079824 2.057772 -0.044196 -0.104955 -0.993494 -0.109862
0.927556 0.367197 -0.069323 20.816947 0.371021 -0.927066 0.053777 2.086705 -0.044520 -0.075601 -0.996144 -0.091959
0.933851 0.354098 -0.050369 21.103738 0.356264 -0.933371 0.043519 2.097226 -0.031603 -0.058585 -0.997782 -0.100995
0.943967 0.321943 -0.072657 21.378692 0.324538 -0.945488 0.026982 2.100578 -0.060010 -0.049050 -0.996992 -0.039007
0.943967 0.321943 -0.072657 21.645189 0.324538 -0.945488 0.026982 2.127059 -0.060010 -0.049050 -0.996992 -0.035096
0.942605 0.331287 -0.041763 21.933812 0.332945 -0.942000 0.042221 2.217712 -0.025353 -0.053703 -0.998235 -0.046397
0.946075 0.320169 -0.049337 22.164372 0.323262 -0.942963 0.079513 2.273631 -0.021065 -0.091174 -0.995612 0.016416
0.962349 0.266762 -0.052176 22.427909 0.270300 -0.959432 0.080180 2.322849 -0.028670 -0.091264 -0.995414 -0.043748
0.983106 0.176982 -0.046694 22.724847 0.179111 -0.982744 0.046188 2.371999 -0.037714 -0.053771 -0.997841 -0.012912
0.983106 0.176982 -0.046694 22.967669 0.179111 -0.982744 0.046188 2.440642 -0.037714 -0.053771 -0.997841 0.035859
0.992732 0.116798 -0.029003 23.197383 0.118193 -0.991616 0.052239 2.549360 -0.022658 -0.055288 -0.998213 0.002498
0.993944 0.109677 -0.006843 23.460779 0.109870 -0.990638 0.081020 2.710819 0.002107 -0.081282 -0.996689 -0.033039
0.997299 0.070896 -0.019171 23.676823 0.072183 -0.994350 0.077834 2.835015 -0.013545 -0.079008 -0.996782 0.024548
0.999691 0.024484 -0.004330 23.916403 0.024735 -0.997028 0.072965 2.930279 -0.002530 -0.073049 -0.997325 0.008231
0.996452 -0.063898 -0.054769 24.159506 -0.060757 -0.996512 0.057210 3.038853 -0.058234 -0.053680 -0.996859 0.042870
0.996452 -0.063898 -0.054769 24.355256 -0.060757 -0.996512 0.057210 3.160907 -0.058234 -0.053680 -0.996859 0.068464
0.999176 -0.037347 -0.015883 24.530994 -0.037048 -0.999138 0.018725 3.325582 -0.016569 -0.018121 -0.999699 0.053917
0.998820 -0.046038 -0.015479 24.715329 -0.045451 -0.998305 0.036344 3.513039 -0.017126 -0.035598 -0.999219 0.100294
0.995759 -0.090958 -0.013817 24.895718 -0.090021 -0.994266 0.057711 3.658939 -0.018987 -0.056223 -0.998238 0.116809
0.982801 -0.184642 -0.003134 25.083013 -0.184220 -0.981454 0.053017 3.784662 -0.012865 -0.051528 -0.998589 0.132391
0.982801 -0.184642 -0.003134 25.288769 -0.184220 -0.981454 0.053017 3.939723 -0.012865 -0.051528 -0.998589 0.120876
0.979803 -0.193260 -0.051350 25.468312 -0.191692 -0.980868 0.033931 4.111943 -0.056925 -0.023403 -0.998104 0.093303
0.975112 -0.217133 -0.044824 25.578518 -0.213408 -0.974022 0.075754 4.314128 -0.060108 -0.064303 -0.996119 0.004631
0.959157 -0.282607 -0.012324 25.669840 -0.279499 -0.953520 0.112609 4.494712 -0.043575 -0.104565 -0.993563 0.155033
0.959157 -0.282607 -0.012324 25.816124 -0.279499 -0.953520 0.112609 4.659331 -0.043575 -0.104565 -0.993563 0.123485
0.949410 -0.312252 0.033459 25.989607 -0.313760 -0.947663 0.059080 4.829138 0.013260 -0.066589 -0.997692 0.093921
0.923885 -0.381917 0.024013 26.126590 -0.382232 -0.917999 0.105724 4.999175 -0.018334 -0.106855 -0.994106 0.133356
0.935303 -0.353442 0.016964 26.241588 -0.352256 -0.925479 0.139302 5.173329 -0.033535 -0.136265 -0.990105 0.130778
0.942319 -0.322730 0.088772 26.414506 -0.332016 -0.934864 0.125676 5.428129 0.042431 -0.147901 -0.988092 0.001931
0.942319 -0.322730 0.088772 26.562058 -0.332016 -0.934864 0.125676 5.641188 0.042431 -0.147901 -0.988092 -0.100778
0.900525 -0.425199 0.090889 26.714825 -0.430862 -0.900731 0.055145 5.815464 0.058418 -0.088820 -0.994333 -0.122357
0.881746 -0.466028 0.073090 26.942988 -0.466943 -0.884273 -0.005076 6.037344 0.066997 -0.029653 -0.997312 -0.244095
0.872391 -0.488461 0.018417 27.060241 -0.488527 -0.872548 -0.001054 6.194152 0.016584 -0.008078 -0.999830 -0.063615
0.872391 -0.488461 0.018417 27.205679 -0.488527 -0.872548 -0.001054 6.391071 0.016584 -0.008078 -0.999830 -0.066269
0.880847 -0.464886 0.089385 27.362251 -0.468929 -0.882724 0.030070 6.638622 0.064923 -0.068402 -0.995543 -0.093092
0.873548 -0.473285 0.113643 27.491059 -0.481562 -0.874330 0.060376 6.808261 0.070786 -0.107468 -0.991685 -0.061655
0.869746 -0.486481 0.082937 27.642839 -0.477780 -0.872145 -0.105308 6.989887 0.123564 0.051965 -0.990975 -0.099259
0.870641 -0.489785 0.045780 27.846622 -0.479985 -0.866206 -0.138932 7.232903 0.107702 0.098986 -0.989243 -0.154067
0.870641 -0.489785 0.045780 27.975713 -0.479985 -0.866206 -0.138932 7.364786 0.107702 0.098986 -0.989243 0.044496
0.871608 -0.485884 0.064936 28.054915 -0.478990 -0.872335 -0.097979 7.536013 0.104253 0.054296 -0.993068 0.163928
0.874877 -0.476718 0.085623 28.289842 -0.473298 -0.878998 -0.057886 7.827208 0.102858 0.010118 -0.994645 -0.208042
0.849909 -0.517846 0.097421 28.505180 -0.517171 -0.855205 -0.034038 7.999738 0.100941 -0.021455 -0.994661 -0.309616
0.826261 -0.546908 0.134850 28.766743 -0.541875 -0.837118 -0.074868 8.164826 0.153831 -0.011211 -0.988034 -0.590167
0.826261 -0.546908 0.134850 28.937550 -0.541875 -0.837118 -0.074868 8.274546 0.153831 -0.011211 -0.988034 -0.377531
0.795051 -0.590378 0.139094 29.017176 -0.590515 -0.805784 -0.044776 8.378926 0.138514 -0.046538 -0.989266 -0.044876
0.795051 -0.590378 0.139094 29.116107 -0.590515 -0.805784 -0.044776 8.547556 0.138514 -0.046538 -0.989266 -0.094437
0.820268 -0.552009 0.149820 29.248298 -0.547993 -0.833490 -0.070698 8.702000 0.163900 -0.024109 -0.986182 -0.068950
0.820268 -0.552009 0.149820 29.453489 -0.547993 -0.833490 -0.070698 8.913914 0.163900 -0.024109 -0.986182 -0.237655
0.807412 -0.576641 0.124783 29.593009 -0.573948 -0.816674 -0.060229 8.978823 0.136638 -0.022989 -0.990354 -0.142871
0.807412 -0.576641 0.124783 29.792424 -0.573948 -0.816674 -0.060229 9.103136 0.136638 -0.022989 -0.990354 -0.050284
0.695983 -0.707677 0.121656 29.937722 -0.704638 -0.705704 -0.073934 9.220169 0.138175 -0.034266 -0.989815 0.135328
0.695983 -0.707677 0.121656 29.950123 -0.704638 -0.705704 -0.073934 9.422590 0.138175 -0.034266 -0.989815 -0.049345
0.702780 -0.706291 0.085168 30.052718 -0.699598 -0.707866 -0.097406 9.623501 0.129084 0.008872 -0.991594 -0.076013
0.702780 -0.706291 0.085168 30.097251 -0.699598 -0.707866 -0.097406 9.819452 0.129084 0.008872 -0.991594 0.020337
0.706403 -0.702915 0.083101 30.180962 -0.696543 -0.711215 -0.094867 10.046565 0.125786 0.009131 -0.992015 -0.030418
0.706403 -0.702915 0.083101 30.302301 -0.696543 -0.711215 -0.094867 10.246001 0.125786 0.009131 -0.992015 -0.055080
0.619678 -0.784367 0.027721 30.386153 -0.778656 -0.618829 -0.103656 10.405443 0.098459 0.042648 -0.994227 -0.140611
0.619678 -0.784367 0.027721 30.475642 -0.778656 -0.618829 -0.103656 10.594373 0.098459 0.042648 -0.994227 -0.152238
0.591552 -0.803031 0.072162 30.543992 -0.799466 -0.595808 -0.076588 10.834498 0.104497 -0.012385 -0.994448 -0.130036
0.591552 -0.803031 0.072162 30.626717 -0.799466 -0.595808 -0.076588 11.000764 0.104497 -0.012385 -0.994448 -0.055588
0.573018 -0.811777 0.112552 30.707047 -0.807787 -0.582625 -0.089606 11.114851 0.138315 -0.039572 -0.989597 0.079034
0.573018 -0.811777 0.112552 30.831346 -0.807787 -0.582625 -0.089606 11.273920 0.138315 -0.039572 -0.989597 0.215506
0.642050 -0.749649 0.160619 30.861366 -0.741734 -0.660378 -0.117179 11.386611 0.193913 -0.043902 -0.980036 0.710134
0.642050 -0.749649 0.160619 31.201987 -0.741734 -0.660378 -0.117179 11.724761 0.193913 -0.043902 -0.980036 0.098006
0.689922 -0.717750 0.094038 31.358841 -0.714150 -0.696109 -0.073638 11.913378 0.118314 -0.016353 -0.992842 0.159380
0.689922 -0.717750 0.094038 31.505970 -0.714150 -0.696109 -0.073638 12.110790 0.118314 -0.016353 -0.992842 0.193724
0.783375 -0.615367 0.087445 31.613074 -0.618671 -0.785516 0.014531 12.373508 0.059748 -0.065482 -0.996063 -0.003150
0.783375 -0.615367 0.087445 31.907193 -0.618671 -0.785516 0.014531 12.574996 0.059748 -0.065482 -0.996063 0.088180
0.797183 -0.588925 0.132912 31.958349 -0.600813 -0.795500 0.078761 12.744351 0.059347 -0.142643 -0.987993 0.089617
0.797183 -0.588925 0.132912 32.062072 -0.600813 -0.795500 0.078761 12.975252 0.059347 -0.142643 -0.987993 0.120850
0.791062 -0.603324 0.101094 32.216812 -0.611609 -0.776661 0.150773 13.152753 -0.012450 -0.181101 -0.983386 0.234261
0.791062 -0.603324 0.101094 32.324059 -0.611609 -0.776661 0.150773 13.341192 -0.012450 -0.181101 -0.983386 0.353635
0.739294 -0.655479 0.154247 32.500078 -0.663836 -0.747870 0.003610 13.583808 0.112991 -0.105063 -0.988026 0.233828
0.739294 -0.655479 0.154247 32.691599 -0.663836 -0.747870 0.003610 13.813888 0.112991 -0.105063 -0.988026 0.185063
0.735853 -0.673776 0.067434 32.790389 -0.672595 -0.738799 -0.042322 14.081519 0.078336 -0.014213 -0.996826 0.074173
0.748499 -0.642714 0.163303 32.879314 -0.646382 -0.762125 -0.036821 14.360247 0.148123 -0.077996 -0.985889 0.128247
0.748499 -0.642714 0.163303 33.004458 -0.646382 -0.762125 -0.036821 14.566808 0.148123 -0.077996 -0.985889 0.075560
0.757820 -0.647485 0.080448 33.168639 -0.645798 -0.761934 -0.049003 14.798951 0.093024 -0.014818 -0.995554 0.034788
0.723977 -0.684034 0.089188 33.248121 -0.683436 -0.728807 -0.041896 15.088419 0.093659 -0.030623 -0.995133 -0.188174
0.723977 -0.684034 0.089188 33.411738 -0.683436 -0.728807 -0.041896 15.329136 0.093659 -0.030623 -0.995133 -0.210975
0.758880 -0.647047 0.073696 33.489952 -0.643365 -0.762433 -0.069110 15.573019 0.100906 0.005033 -0.994883 -0.338786
0.758880 -0.647047 0.073696 33.511655 -0.643365 -0.762433 -0.069110 15.810950 0.100906 0.005033 -0.994883 -0.085575
0.789275 -0.613334 0.029422 33.602132 -0.610493 -0.788958 -0.069600 16.030259 0.065901 0.036971 -0.997141 0.077698
0.740349 -0.663899 0.105457 33.784492 -0.654078 -0.747649 -0.114900 16.257893 0.155127 0.016089 -0.987764 -0.039060
0.740349 -0.663899 0.105457 33.901744 -0.654078 -0.747649 -0.114900 16.483721 0.155127 0.016089 -0.987764 -0.030811
0.716001 -0.691342 0.096891 33.940357 -0.688608 -0.722240 -0.064722 16.646834 0.114723 -0.020379 -0.993188 -0.125353
0.716001 -0.691342 0.096891 34.047321 -0.688608 -0.722240 -0.064722 16.962920 0.114723 -0.020379 -0.993188 -0.191404
0.754268 -0.640800 0.143021 34.178102 -0.639185 -0.766457 -0.063128 17.216466 0.150072 -0.043801 -0.987704 -0.196246
0.709258 -0.691760 0.135725 34.336364 -0.695374 -0.718160 -0.026487 17.440123 0.115795 -0.075593 -0.990392 -0.172990
0.709258 -0.691760 0.135725 34.489129 -0.695374 -0.718160 -0.026487 17.734190 0.115795 -0.075593 -0.990392 -0.292968
0.689642 -0.717485 0.098022 34.603280 -0.713044 -0.696432 -0.080937 17.977959 0.126337 -0.014077 -0.991888 -0.343779
0.720532 -0.690530 0.063264 34.713062 -0.682401 -0.722324 -0.112147 18.254299 0.123138 0.037634 -0.991676 -0.451698
0.720532 -0.690530 0.063264 34.775070 -0.682401 -0.722324 -0.112147 18.530188 0.123138 0.037634 -0.991676 -0.360614
0.750384 -0.656474 0.077239 34.862726 -0.647766 -0.753588 -0.111822 18.780683 0.131615 0.033877 -0.990722 -0.392446
0.695227 -0.709966 0.112285 34.959543 -0.699393 -0.704206 -0.122240 19.060582 0.165858 0.006454 -0.986129 -0.487377
0.695227 -0.709966 0.112285 35.047622 -0.699393 -0.704206 -0.122240 19.322173 0.165858 0.006454 -0.986129 -0.466246
0.667559 -0.735225 0.117516 35.055090 -0.736942 -0.674965 -0.036585 19.558497 0.106218 -0.062180 -0.992397 -0.474031
0.715571 -0.679593 0.161592 35.028736 -0.677208 -0.731634 -0.078116 19.847561 0.171313 -0.053533 -0.983761 -0.260990
0.715571 -0.679593 0.161592 34.990123 -0.677208 -0.731634 -0.078116 20.054975 0.171313 -0.053533 -0.983761 0.054323
0.713051 -0.692789 0.107712 35.041701 -0.689967 -0.720670 -0.067683 20.300496 0.124515 -0.026056 -0.991876 0.029507
0.706566 -0.699789 0.105166 35.149792 -0.686139 -0.713844 -0.140143 20.584807 0.173143 0.026862 -0.984530 -0.074438
0.706422 -0.703368 0.079003 35.241535 -0.696119 -0.710618 -0.102184 20.862080 0.128013 0.017189 -0.991623 -0.068360
0.706422 -0.703368 0.079003 35.264928 -0.696119 -0.710618 -0.102184 21.117939 0.128013 0.017189 -0.991623 -0.101210
0.755836 -0.642402 0.126616 35.246748 -0.634954 -0.766340 -0.097753 21.370411 0.159828 -0.006510 -0.987123 0.127953
0.736985 -0.674289 0.046766 35.275356 -0.666072 -0.736280 -0.119333 21.584441 0.114898 0.056797 -0.991752 0.206242
0.736985 -0.674289 0.046766 35.376401 -0.666072 -0.736280 -0.119333 21.847135 0.114898 0.056797 -0.991752 0.169369
0.705921 -0.703665 0.080814 35.505772 -0.683161 -0.706551 -0.184601 22.132436 0.186996 0.075105 -0.979485 0.029419
0.707186 -0.695263 0.128439 35.601602 -0.668488 -0.716670 -0.198765 22.382128 0.230243 0.054704 -0.971594 -0.021411
0.707186 -0.695263 0.128439 35.657127 -0.668488 -0.716670 -0.198765 22.639185 0.230243 0.054704 -0.971594 0.027735
0.699282 -0.690972 0.183201 35.707438 -0.671229 -0.722836 -0.164194 22.848830 0.245878 -0.008152 -0.969267 0.179039
0.665127 -0.708517 0.235818 35.829622 -0.698946 -0.701860 -0.137358 23.072053 0.262831 -0.073464 -0.962041 0.127297
0.665127 -0.708517 0.235818 35.978442 -0.698946 -0.701860 -0.137358 23.309269 0.262831 -0.073464 -0.962041 0.109508
0.701256 -0.676460 0.225036 36.118525 -0.668970 -0.733497 -0.120254 23.527496 0.246410 -0.066214 -0.966901 0.169782
0.744257 -0.646284 0.168517 36.238031 -0.644205 -0.761236 -0.074294 23.767128 0.176297 -0.053265 -0.982895 0.154986
0.797825 -0.602749 0.012992 36.397561 -0.600521 -0.796415 -0.071396 24.030845 0.053381 0.049159 -0.997363 0.147109
0.797825 -0.602749 0.012992 36.499875 -0.600521 -0.796415 -0.071396 24.227024 0.053381 0.049159 -0.997363 0.200456
0.838438 -0.533545 -0.111138 36.645312 -0.531971 -0.845519 0.045867 24.454623 -0.118441 0.020665 -0.992746 0.184699
0.849677 -0.527079 0.015376 36.808507 -0.526569 -0.849671 -0.027992 24.671947 0.027818 0.015688 -0.999490 0.195977
0.856492 -0.515207 0.031353 36.964796 -0.515871 -0.856464 0.018611 24.895359 0.017264 -0.032114 -0.999335 0.201233
0.856492 -0.515207 0.031353 37.087825 -0.515871 -0.856464 0.018611 25.148277 0.017264 -0.032114 -0.999335 0.174392
0.877674 -0.475374 0.060891 37.214379 -0.471285 -0.879157 -0.070523 25.372942 0.087057 0.033199 -0.995650 0.222645
0.862164 -0.496623 0.100194 37.328812 -0.496153 -0.867670 -0.031325 25.580492 0.102492 -0.022704 -0.994475 0.188955
0.905555 -0.409620 0.110368 37.484396 -0.403750 -0.912020 -0.072157 25.825882 0.130215 0.020781 -0.991268 0.180139
0.905555 -0.409620 0.110368 37.610104 -0.403750 -0.912020 -0.072157 26.056318 0.130215 0.020781 -0.991268 0.238373
0.880839 -0.458596 0.117528 37.723832 -0.453850 -0.888632 -0.065982 26.284327 0.134698 0.004780 -0.990875 0.234615
0.919653 -0.383576 0.084314 37.871524 -0.379347 -0.923167 -0.062115 26.558809 0.101662 0.025140 -0.994501 0.180701
0.919653 -0.383576 0.084314 38.030349 -0.379347 -0.923167 -0.062115 26.845810 0.101662 0.025140 -0.994501 0.217747
0.918642 -0.372993 0.130284 38.208201 -0.373272 -0.927432 -0.023195 27.001245 0.129481 -0.027324 -0.991205 0.207229
0.919014 -0.377143 0.114789 38.357444 -0.372851 -0.926099 -0.057645 27.173774 0.128046 0.010178 -0.991716 0.272656
0.949923 -0.301500 0.082124 38.572923 -0.297490 -0.952985 -0.057618 27.376344 0.095635 0.030302 -0.994955 0.243981
0.968719 -0.222401 0.110094 38.748800 -0.214081 -0.973325 -0.082508 27.615275 0.125507 0.056358 -0.990491 0.185186
0.968719 -0.222401 0.110094 38.867039 -0.214081 -0.973325 -0.082508 27.820897 0.125507 0.056358 -0.990491 0.239502
0.962482 -0.259342 0.079806 39.038689 -0.251021 -0.962693 -0.101044 28.014828 0.103034 0.077220 -0.991676 0.228857
0.944705 -0.309903 0.107205 39.227392 -0.298871 -0.948230 -0.107403 28.203944 0.134939 0.069424 -0.988419 0.217227
0.941220 -0.312772 0.127585 39.397774 -0.309352 -0.949819 -0.046310 28.405901 0.135667 0.004119 -0.990746 0.282555
0.952450 -0.252746 0.170174 39.576047 -0.245594 -0.967375 -0.062198 28.622573 0.180342 0.017447 -0.983449 0.208834
0.952450 -0.252746 0.170174 39.696258 -0.245594 -0.967375 -0.062198 28.879309 0.180342 0.017447 -0.983449 0.216980
0.966509 -0.194809 0.167063 39.813933 -0.192161 -0.980841 -0.032032 29.072137 0.170102 -0.001144 -0.985426 0.264339
0.966280 -0.186873 0.177149 40.048719 -0.183378 -0.982381 -0.036050 29.235324 0.180765 0.002349 -0.983524 0.191795
0.966860 -0.189890 0.170659 40.314087 -0.190265 -0.981628 -0.014306 29.448791 0.170240 -0.018639 -0.985226 0.156084
0.989854 -0.121301 0.073993 40.493347 -0.119788 -0.992495 -0.024569 29.684865 0.076418 0.015456 -0.996956 0.184298
0.989854 -0.121301 0.073993 40.683035 -0.119788 -0.992495 -0.024569 29.944095 0.076418 0.015456 -0.996956 0.107435
0.983734 -0.146522 0.103913 40.866524 -0.149788 -0.988419 0.024308 30.118258 0.099148 -0.039478 -0.994289 0.218856
0.982301 -0.180968 0.048327 41.059173 -0.180724 -0.983489 -0.009416 30.293181 0.049233 0.000516 -0.998787 0.280274
0.985665 -0.166915 0.024587 41.305093 -0.164325 -0.982795 -0.084322 30.480549 0.038238 0.079073 -0.996135 0.299649
0.988537 -0.147530 0.032088 41.471811 -0.145600 -0.987762 -0.055914 30.637076 0.039944 0.050601 -0.997920 0.395129
0.988537 -0.147530 0.032088 41.628100 -0.145600 -0.987762 -0.055914 30.864328 0.039944 0.050601 -0.997920 0.386372
0.983106 -0.096442 0.155570 41.843579 -0.095367 -0.995338 -0.014374 31.058988 0.156231 -0.000705 -0.987720 0.427724
0.986413 -0.088826 0.138202 42.048207 -0.091034 -0.995800 0.009728 31.218499 0.136757 -0.022177 -0.990356 0.474193
0.981947 -0.103820 0.158119 42.308783 -0.120202 -0.987919 0.097814 31.356267 0.146054 -0.115054 -0.982563 0.382733
0.990552 -0.057918 0.124304 42.507633 -0.075892 -0.986499 0.145119 31.492633 0.114220 -0.153182 -0.981575 0.426279
0.990552 -0.057918 0.124304 42.727763 -0.075892 -0.986499 0.145119 31.632513 0.114220 -0.153182 -0.981575 0.468813
0.985490 0.037032 0.165645 43.007506 0.020438 -0.994698 0.100783 31.768897 0.168499 -0.095936 -0.981022 0.406357
0.985787 0.074320 0.150666 43.221717 0.051979 -0.987749 0.147139 31.900891 0.159756 -0.137217 -0.977573 0.470917
0.985787 0.074320 0.150666 43.467355 0.051979 -0.987749 0.147139 31.990834 0.159756 -0.137217 -0.977573 0.468617
0.970508 0.048171 0.236209 43.744562 0.019023 -0.992080 0.124160 32.058013 0.240319 -0.116005 -0.963737 0.466392
0.970508 0.048171 0.236209 44.003165 0.019023 -0.992080 0.124160 32.122568 0.240319 -0.116005 -0.963737 0.454175
0.907057 0.155802 0.391117 44.241898 0.132015 -0.987407 0.087172 32.216543 0.399773 -0.027437 -0.916203 0.439861
0.907057 0.155802 0.391117 44.525869 0.132015 -0.987407 0.087172 32.305165 0.399773 -0.027437 -0.916203 0.429565
0.722362 0.302807 0.621692 44.779118 0.257012 -0.952192 0.165153 32.383433 0.641979 0.040482 -0.765652 0.478303
0.800178 0.276212 0.532374 45.005449 0.279884 -0.957032 0.075861 32.425827 0.530453 0.088301 -0.843103 0.481161
0.800178 0.276212 0.532374 45.289420 0.279884 -0.957032 0.075861 32.455157 0.530453 0.088301 -0.843103 0.451061
0.881112 0.244835 0.404597 45.545629 0.264644 -0.964319 0.007213 32.507759 0.391926 0.100719 -0.914467 0.517885
0.881112 0.244835 0.404597 45.803668 0.264644 -0.964319 0.007213 32.635075 0.391926 0.100719 -0.914467 0.511460
0.928850 0.217372 0.299979 46.010693 0.240639 -0.969686 -0.042453 32.642464 0.281657 0.111619 -0.953001 0.562434
0.928850 0.217372 0.299979 46.297341 0.240639 -0.969686 -0.042453 32.729804 0.281657 0.111619 -0.953001 0.556142
0.963792 0.263647 0.039951 46.591177 0.265462 -0.962810 -0.050268 32.775017 0.025212 0.059053 -0.997936 0.515989
0.963792 0.263647 0.039951 46.867961 0.265462 -0.962810 -0.050268 32.839556 0.025212 0.059053 -0.997936 0.554773
0.963792 0.263647 0.039951 47.138544 0.265462 -0.962810 -0.050268 32.930300 0.025212 0.059053 -0.997936 0.570469
0.947556 0.313742 -0.060853 47.437594 0.311353 -0.949197 -0.045659 32.983805 -0.072086 0.024318 -0.997102 0.519289
0.947556 0.313742 -0.060853 47.684219 0.311353 -0.949197 -0.045659 33.029282 -0.072086 0.024318 -0.997102 0.614136
0.987962 0.153491 -0.019302 47.925066 0.153594 -0.988126 0.003967 33.027624 -0.018464 -0.006884 -0.999806 0.560140
0.977052 0.211838 0.022226 48.227217 0.209154 -0.973912 0.088038 33.035733 0.040296 -0.081369 -0.995869 0.549110
0.977052 0.211838 0.022226 48.499492 0.209154 -0.973912 0.088038 33.039764 0.040296 -0.081369 -0.995869 0.592095
0.940069 0.334080 0.068263 48.767256 0.327027 -0.940030 0.096936 33.060104 0.096554 -0.068802 -0.992947 0.586026
0.917215 0.340338 0.207093 49.063629 0.310637 -0.936428 0.163120 33.116744 0.249443 -0.085286 -0.964627 0.586835
0.917215 0.340338 0.207093 49.301517 0.310637 -0.936428 0.163120 33.137389 0.249443 -0.085286 -0.964627 0.616765
0.931427 0.333769 0.145059 49.575905 0.325307 -0.942278 0.079300 33.146139 0.163154 -0.026673 -0.986240 0.575733
0.940891 0.338702 0.002370 49.863258 0.337141 -0.937181 0.089594 33.177013 0.032567 -0.083499 -0.995976 0.620629
0.940891 0.338702 0.002370 50.108897 0.337141 -0.937181 0.089594 33.183196 0.032567 -0.083499 -0.995976 0.642606
0.895211 0.432142 0.108856 50.392304 0.432141 -0.901464 0.024832 33.251174 0.108861 0.024811 -0.993747 0.602378
0.895211 0.432142 0.108856 50.645412 0.432141 -0.901464 0.024832 33.289667 0.108861 0.024811 -0.993747 0.656248
0.894003 0.441751 0.074935 50.914868 0.443159 -0.896440 -0.002428 33.321664 0.066103 0.035379 -0.997185 0.649140
0.836682 0.531204 0.133362 51.213073 0.527871 -0.847045 0.062190 33.336231 0.145999 0.018365 -0.989114 0.632089
0.836682 0.531204 0.133362 51.478019 0.527871 -0.847045 0.062190 33.334571 0.145999 0.018365 -0.989114 0.689093
0.843335 0.500089 0.196716 51.763822 0.483288 -0.865861 0.129295 33.369080 0.234988 -0.013968 -0.971898 0.657975
0.843335 0.500089 0.196716 52.043142 0.483288 -0.865861 0.129295 33.430294 0.234988 -0.013968 -0.971898 0.642770
0.859571 0.499941 0.105812 52.291740 0.490313 -0.865214 0.104870 33.469467 0.143979 -0.038262 -0.988841 0.678638
0.877395 0.478866 0.029405 52.548089 0.477137 -0.877353 0.050907 33.483220 0.050176 -0.030635 -0.998270 0.639590
0.877395 0.478866 0.029405 52.827128 0.477137 -0.877353 0.050907 33.449993 0.050176 -0.030635 -0.998270 0.609698
0.927098 0.373115 0.035696 53.093202 0.371540 -0.927380 0.043865 33.471537 0.049470 -0.027404 -0.998400 0.631624
0.927098 0.373115 0.035696 53.344900 0.371540 -0.927380 0.043865 33.538448 0.049470 -0.027404 -0.998400 0.604399
0.916875 0.397579 0.035664 53.631830 0.394230 -0.915915 0.075385 33.605760 0.062637 -0.055058 -0.996517 0.642173
0.920516 0.389696 -0.028041 53.879724 0.388486 -0.905294 0.171821 33.654115 0.041573 -0.169057 -0.984729 0.656011
0.920516 0.389696 -0.028041 54.152561 0.388486 -0.905294 0.171821 33.669134 0.041573 -0.169057 -0.984729 0.607958
0.920018 0.390993 0.026275 54.442029 0.384288 -0.913305 0.134893 33.680148 0.076739 -0.114007 -0.990512 0.635919
0.922050 0.382344 0.060309 54.704438 0.365955 -0.911862 0.185967 33.694153 0.126097 -0.149400 -0.980703 0.616870
0.922050 0.382344 0.060309 55.001233 0.365955 -0.911862 0.185967 33.736462 0.126097 -0.149400 -0.980703 0.593727
0.920307 0.390213 0.027716 55.255187 0.374993 -0.900151 0.221606 33.767720 0.111422 -0.193552 -0.974742 0.642621
0.910632 0.412484 0.024629 55.539017 0.403545 -0.900552 0.161733 33.780000 0.088892 -0.137340 -0.986527 0.605578
0.910632 0.412484 0.024629 55.844269 0.403545 -0.900552 0.161733 33.757234 0.088892 -0.137340 -0.986527 0.604651
0.908131 0.409643 0.086551 56.089344 0.400476 -0.910173 0.105851 33.745497 0.122138 -0.061465 -0.990608 0.636688
0.882672 0.457959 0.105655 56.378106 0.450674 -0.888517 0.086201 33.796422 0.133352 -0.028471 -0.990660 0.588516
0.882672 0.457959 0.105655 56.662359 0.450674 -0.888517 0.086201 33.853121 0.133352 -0.028471 -0.990660 0.607325
0.857442 0.492166 0.150219 56.918990 0.475329 -0.869364 0.135160 33.892403 0.197117 -0.044489 -0.979370 0.620192
0.857442 0.492166 0.150219 57.208880 0.475329 -0.869364 0.135160 33.909181 0.197117 -0.044489 -0.979370 0.600134
0.836613 0.510433 0.198840 57.484114 0.503176 -0.859547 0.089405 33.938176 0.216547 0.025254 -0.975945 0.636035
0.841128 0.511664 0.175225 57.758925 0.519510 -0.854463 0.001273 33.993853 0.150374 0.089960 -0.984528 0.625847
0.841128 0.511664 0.175225 58.027816 0.519510 -0.854463 0.001273 34.084908 0.150374 0.089960 -0.984528 0.623542
0.799064 0.577667 0.166728 58.274723 0.576556 -0.814850 0.060019 34.140769 0.170529 0.048169 -0.984175 0.668355
0.772444 0.624513 0.115383 58.545165 0.614877 -0.780885 0.110200 34.149565 0.158923 -0.014177 -0.987189 0.641323
0.772444 0.624513 0.115383 58.822231 0.614877 -0.780885 0.110200 34.153236 0.158923 -0.014177 -0.987189 0.687308
0.778120 0.618496 0.109510 59.069702 0.618665 -0.784804 0.036549 34.170564 0.108550 0.039311 -0.993313 0.721249
0.774961 0.623254 0.104834 59.338593 0.622323 -0.781442 0.045413 34.218018 0.110225 0.030047 -0.993452 0.687088
0.774961 0.623254 0.104834 59.609458 0.622323 -0.781442 0.045413 34.239946 0.110225 0.030047 -0.993452 0.713013
0.759720 0.646752 0.067360 59.868767 0.644075 -0.762700 0.058797 34.254424 0.089403 -0.001284 -0.995995 0.724962
0.772100 0.618801 0.144730 60.128499 0.619268 -0.783752 0.047327 34.250666 0.142718 0.053086 -0.988339 0.762973
0.772100 0.618801 0.144730 60.389640 0.619268 -0.783752 0.047327 34.243101 0.142718 0.053086 -0.988339 0.824996
0.779698 0.621798 0.073747 60.656700 0.622008 -0.782676 0.022884 34.292665 0.071949 0.028029 -0.997014 0.812828
0.779698 0.621798 0.073747 60.949126 0.622008 -0.782676 0.022884 34.368351 0.071949 0.028029 -0.997014 0.808574
0.755107 0.643919 0.123209 61.197443 0.643783 -0.763806 0.046298 34.418303 0.123920 0.044360 -0.991300 0.857406
0.783726 0.608504 0.124487 61.476904 0.608874 -0.792283 0.039497 34.452852 0.122663 0.044842 -0.991435 0.838288
0.783726 0.608504 0.124487 61.777928 0.608874 -0.792283 0.039497 34.465182 0.122663 0.044842 -0.991435 0.872245
0.801390 0.574838 0.165336 62.046256 0.576936 -0.815811 0.039971 34.482523 0.157860 0.063356 -0.985427 0.910184
0.846681 0.514190 0.136895 62.329663 0.508822 -0.857651 0.074401 34.556653 0.155664 0.006661 -0.987788 0.882935
0.846681 0.514190 0.136895 62.599541 0.508822 -0.857651 0.074401 34.611770 0.155664 0.006661 -0.987788 0.926750
0.873498 0.470552 0.124829 62.865755 0.456478 -0.880778 0.125929 34.665836 0.169203 -0.053017 -0.984154 0.932567
0.905117 0.398098 0.149271 63.166779 0.383313 -0.915972 0.118603 34.707996 0.183944 -0.050132 -0.981658 0.920424
0.905117 0.398098 0.149271 63.434684 0.383313 -0.915972 0.118603 34.758853 0.183944 -0.050132 -0.981658 0.963253
0.932010 0.347205 0.103954 63.698925 0.343774 -0.937728 0.049852 34.815302 0.114789 -0.010725 -0.993332 0.962062
0.925438 0.335803 0.175503 63.972608 0.338332 -0.940887 0.016227 34.894750 0.170577 0.044361 -0.984345 0.975796
0.925438 0.335803 0.175503 64.218810 0.338332 -0.940887 0.016227 34.978689 0.170577 0.044361 -0.984345 1.004514
0.935362 0.335930 0.110674 64.482346 0.336115 -0.941657 0.017540 35.016295 0.110109 0.020794 -0.993702 0.958386
0.935362 0.335930 0.110674 64.767586 0.336115 -0.941657 0.017540 35.003398 0.110109 0.020794 -0.993702 0.975427
0.952178 0.279622 0.123160 65.012802 0.280592 -0.959778 0.009755 35.025598 0.120934 0.025269 -0.992339 1.027351
0.942327 0.319623 0.099303 65.286626 0.315142 -0.947248 0.058362 35.076394 0.112719 -0.023702 -0.993344 0.996179
0.942327 0.319623 0.099303 65.574966 0.315142 -0.947248 0.058362 35.109434 0.112719 -0.023702 -0.993344 1.024066
0.939733 0.339226 0.042757 65.831597 0.338415 -0.940660 0.025173 35.137797 0.048759 -0.009187 -0.998768 1.036969
0.939733 0.339226 0.042757 66.113736 0.338415 -0.940660 0.025173 35.131777 0.048759 -0.009187 -0.998768 1.006986
0.955335 0.283146 0.084639 66.397567 0.279624 -0.958745 0.051166 35.134170 0.095635 -0.025213 -0.995097 1.057976
0.969067 0.229226 0.091455 66.655043 0.220350 -0.970518 0.097679 35.158484 0.111150 -0.074506 -0.991007 1.077892
0.969067 0.229226 0.091455 66.942537 0.220350 -0.970518 0.097679 35.230254 0.111150 -0.074506 -0.991007 1.064651
0.965492 0.249648 0.074164 67.179861 0.238248 -0.961690 0.135611 35.272816 0.105178 -0.113262 -0.987982 1.117507
0.965492 0.249648 0.074164 67.444102 0.238248 -0.961690 0.135611 35.280108 0.105178 -0.113262 -0.987982 1.083480
0.962024 0.235897 0.137339 67.753722 0.227630 -0.970985 0.073300 35.253800 0.150645 -0.039254 -0.987808 1.074564
0.962024 0.235897 0.137339 68.019373 0.227630 -0.970985 0.073300 35.257819 0.150645 -0.039254 -0.987808 1.113548
0.980988 0.167589 0.097859 68.315464 0.158389 -0.982769 0.095275 35.301576 0.112140 -0.077964 -0.990629 1.080399
0.964804 0.225773 0.134833 68.607750 0.210842 -0.970556 0.116472 35.321838 0.157160 -0.083945 -0.983999 1.106329
0.964804 0.225773 0.134833 68.870864 0.210842 -0.970556 0.116472 35.340590 0.157160 -0.083945 -0.983999 1.123264
0.977889 0.116499 0.173669 69.161459 0.093165 -0.986186 0.136956 35.350204 0.187225 -0.117747 -0.975234 1.119229
0.975058 0.120790 0.186204 69.437538 0.095777 -0.985798 0.137949 35.353846 0.200222 -0.116675 -0.972779 1.156214
0.975058 0.120790 0.186204 69.691351 0.095777 -0.985798 0.137949 35.399193 0.200222 -0.116675 -0.972779 1.156060
