0.982365 0.073069 -0.172103 0.024218 0.077922 -0.996725 0.021605 0.024726 -0.169961 -0.034634 -0.984842 0.005707
0.982681 0.087756 -0.163207 0.027035 0.094537 -0.994932 0.034242 0.028488 -0.159375 -0.049078 -0.985997 0.008157
0.980389 0.100886 -0.169290 0.121465 0.107281 -0.993804 0.029045 0.045231 -0.165311 -0.046637 -0.985138 -0.012147
0.977512 0.130969 -0.165278 0.254757 0.134019 -0.990951 0.007391 0.021333 -0.162815 -0.029375 -0.986219 -0.027139
0.974631 0.149788 -0.166306 0.252924 0.148836 -0.988694 -0.018246 0.023661 -0.167159 -0.006970 -0.985905 -0.025570
0.970552 0.187266 -0.151528 0.163858 0.184548 -0.982305 -0.031931 0.046369 -0.154826 0.003026 -0.987937 0.021471
0.966362 0.211643 -0.146119 0.159159 0.209798 -0.977341 -0.028109 0.048847 -0.148757 -0.003492 -0.988868 0.020842
0.959908 0.229768 -0.160569 0.135406 0.230916 -0.972903 -0.011734 0.048031 -0.158914 -0.025814 -0.986955 0.000792
0.952392 0.260182 -0.158919 0.123961 0.259493 -0.965410 -0.025440 0.061643 -0.160041 -0.017010 -0.986964 0.043142
0.947457 0.284738 -0.145771 0.108966 0.286457 -0.958046 -0.009512 0.042377 -0.142364 -0.032745 -0.989273 0.036252
0.943699 0.303674 -0.131201 0.124406 0.307307 -0.951578 0.007898 0.035445 -0.122449 -0.047773 -0.991324 -0.031539
0.942774 0.317952 -0.100413 0.144494 0.320343 -0.947266 0.008225 0.036900 -0.092503 -0.039921 -0.994912 0.031710
0.940145 0.331420 -0.079302 0.143122 0.332755 -0.943006 0.003863 0.045252 -0.073502 -0.030019 -0.996843 0.027941
0.939394 0.337250 -0.061657 0.136796 0.336874 -0.941402 -0.016705 0.074468 -0.063677 -0.005078 -0.997958 -0.023151
0.941937 0.332696 -0.045469 0.156230 0.332483 -0.943028 -0.012396 0.079702 -0.047003 -0.003442 -0.998889 -0.020757
0.942081 0.333119 -0.038922 0.173457 0.333939 -0.942447 0.016719 0.094317 -0.031113 -0.028748 -0.999102 -0.002115
0.938141 0.345305 -0.025592 0.211022 0.346101 -0.937348 0.039895 0.130476 -0.010213 -0.046284 -0.998876 -0.041071
0.932916 0.360022 -0.007226 0.236432 0.359777 -0.931064 0.060661 0.158935 0.015111 -0.059191 -0.998132 -0.044271
0.934124 0.356941 0.002457 0.255767 0.355382 -0.930645 0.087200 0.195704 0.033412 -0.080582 -0.996188 -0.034397
0.931218 0.364456 -0.002065 0.297915 0.362149 -0.924656 0.117725 0.241634 0.040996 -0.110375 -0.993044 -0.032020
0.928175 0.372119 -0.004291 0.326620 0.369771 -0.920896 0.123373 0.286763 0.041958 -0.116098 -0.992351 -0.056377
0.925863 0.377289 0.020778 0.368763 0.373060 -0.921455 0.108382 0.329414 0.060037 -0.092595 -0.993892 -0.047531
0.924937 0.377745 0.042439 0.407992 0.371035 -0.921447 0.115189 0.371966 0.082617 -0.090797 -0.992437 -0.040499
0.929631 0.364522 0.053939 0.455437 0.355845 -0.926077 0.125521 0.390444 0.095707 -0.097495 -0.990624 -0.021352
0.927535 0.366220 0.074577 0.513088 0.357065 -0.927272 0.112571 0.404335 0.110379 -0.077785 -0.990841 -0.010318
0.917216 0.386710 0.095757 0.616391 0.384207 -0.922194 0.044086 0.440751 0.105355 -0.003646 -0.994428 0.024691
0.914158 0.395158 0.090364 0.700464 0.396362 -0.918081 0.004977 0.466042 0.084928 0.031267 -0.995896 0.037166
0.913705 0.395932 0.091549 0.801768 0.401554 -0.914259 -0.053712 0.473918 0.062434 0.085839 -0.994351 0.031681
0.917715 0.392112 0.063622 0.911302 0.393742 -0.919099 -0.014984 0.489929 0.052599 0.038802 -0.997862 -0.009575
0.922094 0.382245 0.060263 1.040361 0.382325 -0.923966 0.010656 0.560699 0.059754 0.013214 -0.998126 -0.072422
0.919760 0.385542 0.073478 1.116687 0.386018 -0.922455 0.008180 0.528302 0.070934 0.020840 -0.997263 -0.074227
0.926509 0.373045 0.049175 1.229459 0.373111 -0.927751 0.008174 0.574330 0.048671 0.010774 -0.998757 -0.061533
0.937355 0.347895 0.018295 1.381344 0.347383 -0.937356 0.026229 0.665776 0.026274 -0.018231 -0.999489 -0.039384
0.950443 0.310463 0.016455 1.487644 0.310405 -0.950585 0.006020 0.707458 0.017511 -0.000614 -0.999846 -0.046512
0.946547 0.320567 0.035842 1.610799 0.321746 -0.946211 -0.034138 0.742229 0.022971 0.043845 -0.998774 -0.057148
0.952767 0.289718 0.091096 1.747733 0.296369 -0.952466 -0.070527 0.771728 0.066333 0.094194 -0.993342 -0.078951
0.961120 0.255496 0.104740 1.868246 0.264636 -0.960579 -0.085186 0.751488 0.078846 0.109592 -0.990845 -0.038041
0.945063 0.302805 0.123143 2.029572 0.314563 -0.944899 -0.090643 0.796069 0.088910 0.124400 -0.988241 -0.029102
0.941761 0.297813 0.156186 2.165173 0.314505 -0.944435 -0.095545 0.822903 0.119053 0.139102 -0.983096 -0.027730
0.946385 0.266132 0.183108 2.300186 0.279490 -0.958793 -0.051009 0.830810 0.161988 0.099451 -0.981769 -0.043294
0.947361 0.254487 0.194277 2.408270 0.258688 -0.965953 0.003869 0.853007 0.188647 0.046592 -0.980939 -0.062105
0.939626 0.284050 0.190839 2.561932 0.282915 -0.958551 0.033754 0.907461 0.192517 0.022275 -0.981041 -0.054630
0.940037 0.296739 0.168159 2.690078 0.297258 -0.954528 0.022667 0.943586 0.167238 0.028678 -0.985499 -0.043723
0.934898 0.322784 0.147566 2.817427 0.328699 -0.944283 -0.016949 0.966172 0.133873 0.064350 -0.988907 -0.045604
0.939046 0.303286 0.161898 2.936583 0.309048 -0.950982 -0.011060 0.989925 0.150607 0.060420 -0.986746 -0.046650
0.937734 0.303902 0.168224 3.059893 0.302162 -0.952558 0.036481 1.007223 0.171330 0.016622 -0.985073 -0.055517
0.952143 0.257090 0.165316 3.198854 0.250990 -0.966301 0.057150 1.021413 0.174438 -0.012922 -0.984583 -0.059721
0.952405 0.276925 0.127426 3.319446 0.271846 -0.960710 0.056011 1.044969 0.137930 -0.018705 -0.990265 -0.020774
0.946578 0.304900 0.105004 3.458139 0.299905 -0.952026 0.060849 1.068440 0.118519 -0.026107 -0.992608 -0.010351
0.933145 0.344882 0.101472 3.602946 0.339532 -0.938240 0.066514 1.082945 0.118144 -0.027614 -0.992612 -0.029837
0.934035 0.340791 0.106956 3.684094 0.335724 -0.939863 0.062825 1.082858 0.121934 -0.022773 -0.992277 -0.037405
0.917110 0.372959 0.140749 3.811532 0.367046 -0.927798 0.066849 1.107090 0.155519 -0.009646 -0.987786 -0.042504
0.908931 0.401723 0.111637 3.962446 0.395168 -0.915404 0.076663 1.136996 0.132991 -0.025566 -0.990788 -0.035969
0.899970 0.427504 0.085404 4.109788 0.421997 -0.903452 0.075459 1.161314 0.109417 -0.031871 -0.993485 -0.040845
0.896149 0.439865 0.058616 4.244317 0.436623 -0.897608 0.060504 1.193297 0.079228 -0.028628 -0.996445 -0.040525
0.892433 0.449319 0.040949 4.393576 0.448390 -0.893331 0.030105 1.208839 0.050108 -0.008506 -0.998708 -0.037471
0.885822 0.458031 0.074336 4.532499 0.454904 -0.888802 0.055621 1.229668 0.091546 -0.015455 -0.995681 -0.052410
0.895326 0.435237 0.094659 4.663530 0.431643 -0.900262 0.056684 1.244794 0.109889 -0.009891 -0.993895 -0.043849
0.895015 0.440575 0.069589 4.800065 0.437865 -0.897586 0.051132 1.253510 0.084989 -0.015293 -0.996264 -0.063526
0.888878 0.454073 0.060935 4.939951 0.452000 -0.890876 0.045121 1.276233 0.074774 -0.012564 -0.997121 -0.062702
0.848941 0.527980 0.023164 2.298667 0.526080 -0.848440 0.058227 0.467710 0.050396 -0.037246 -0.998035 -0.073731
0.835179 0.545908 0.066789 2.430242 0.543150 -0.837781 0.055771 0.488074 0.086400 -0.010303 -0.996207 -0.113511
0.825922 0.554307 0.102942 2.556161 0.549860 -0.832311 0.070088 0.528261 0.124530 -0.001283 -0.992215 -0.126976
0.833889 0.547363 0.070870 2.682961 0.541848 -0.836309 0.083591 0.566117 0.105024 -0.031304 -0.993977 -0.137530
0.835801 0.547689 0.038384 2.808517 0.543591 -0.835312 0.082237 0.612993 0.077103 -0.047868 -0.995873 -0.136253
0.852111 0.523264 0.010056 2.940131 0.521316 -0.850321 0.071994 0.659154 0.046223 -0.056104 -0.997354 -0.154290
0.848836 0.527997 0.026375 3.073593 0.524422 -0.847292 0.084135 0.696374 0.066771 -0.057585 -0.996105 -0.146140
0.855736 0.513734 0.061593 3.199939 0.504537 -0.854898 0.120796 0.730959 0.114713 -0.072294 -0.990765 -0.161811
0.861296 0.504807 0.057796 3.333729 0.493162 -0.857923 0.144078 0.753111 0.122316 -0.095591 -0.987877 -0.184541
0.867938 0.495813 0.029205 3.465075 0.487355 -0.861519 0.142371 0.785154 0.095750 -0.109336 -0.989382 -0.180124
0.856443 0.514790 0.038696 3.600742 0.508027 -0.853762 0.114010 0.818418 0.091728 -0.077985 -0.992726 -0.166594
0.837997 0.541260 0.069274 3.735243 0.535413 -0.840089 0.087086 0.849735 0.105332 -0.035888 -0.993789 -0.158485
0.833181 0.542095 0.109284 3.859487 0.537913 -0.840313 0.067266 0.880017 0.128298 0.002740 -0.991732 -0.180322
0.828582 0.547111 0.118833 3.994146 0.543157 -0.837005 0.066353 0.902089 0.135766 0.009566 -0.990695 -0.219801
0.833397 0.544347 0.095578 4.111795 0.540184 -0.838848 0.067340 0.938809 0.116832 -0.004491 -0.993142 -0.218137
0.831897 0.550819 0.067422 4.230442 0.547969 -0.834560 0.056923 0.970606 0.087622 -0.010409 -0.996099 -0.230440
0.848567 0.526310 0.054152 4.357124 0.523455 -0.850019 0.058843 1.019379 0.077000 -0.021586 -0.996797 -0.214199
0.848386 0.525291 0.065646 4.476722 0.521591 -0.850646 0.065905 1.060533 0.090461 -0.021673 -0.995664 -0.229671
0.849547 0.516614 0.106677 4.589231 0.509623 -0.855997 0.086905 1.089860 0.136211 -0.019465 -0.990489 -0.238651
0.856470 0.504087 0.111153 4.704137 0.494495 -0.862996 0.103507 1.124329 0.148101 -0.033686 -0.988398 -0.245306
0.867482 0.491165 0.078944 4.833555 0.472923 -0.863462 0.175434 1.215321 0.154333 -0.114852 -0.981321 -0.200308
0.861806 0.502800 0.066947 4.967035 0.483320 -0.854037 0.192411 1.256450 0.153919 -0.133464 -0.979028 -0.211089
0.831425 0.550208 0.077489 5.074929 0.531371 -0.828108 0.178557 1.299058 0.162412 -0.107282 -0.980874 -0.218970
0.819978 0.564587 0.094223 5.193621 0.543720 -0.819723 0.180064 1.354161 0.178898 -0.096417 -0.979132 -0.193696
0.813123 0.572754 0.103843 5.283714 0.548003 -0.813379 0.195211 1.382108 0.196271 -0.101824 -0.975248 -0.218072
0.807571 0.583038 0.088859 5.377239 0.557983 -0.804119 0.205058 1.422669 0.191010 -0.116017 -0.974708 -0.217172
0.812061 0.579568 0.068245 5.480095 0.561689 -0.807971 0.178012 1.465287 0.158310 -0.106224 -0.981659 -0.225523
0.809625 0.584371 0.054932 5.583442 0.568726 -0.804187 0.172727 1.510003 0.145112 -0.108603 -0.983437 -0.222476
0.827020 0.559339 0.056372 5.686785 0.545333 -0.822562 0.161258 1.543207 0.136567 -0.102622 -0.985301 -0.209437
0.826941 0.557093 0.076264 5.782651 0.538912 -0.823940 0.175207 1.554841 0.160444 -0.103786 -0.981573 -0.239854
0.844521 0.523959 0.110687 5.891850 0.500068 -0.845536 0.187086 1.585739 0.191615 -0.102647 -0.976088 -0.247976
0.847499 0.520287 0.105108 6.032316 0.497451 -0.847608 0.184672 1.626265 0.185173 -0.104223 -0.977163 -0.247468
0.860921 0.503378 0.073663 6.142197 0.485357 -0.856089 0.177598 1.653431 0.152461 -0.117145 -0.981342 -0.247775
0.858481 0.508955 0.063047 6.242341 0.494399 -0.854000 0.162031 1.677641 0.136309 -0.107931 -0.984769 -0.247498
0.844913 0.531185 0.062968 6.348794 0.518016 -0.841894 0.151243 1.699856 0.133351 -0.095168 -0.986489 -0.253086
0.844138 0.529062 0.086745 6.449956 0.513655 -0.844452 0.151855 1.730704 0.153592 -0.083630 -0.984589 -0.266949
0.832378 0.546494 0.092154 6.548736 0.527880 -0.832439 0.168487 1.754170 0.168789 -0.091599 -0.981387 -0.288764
0.831841 0.549915 0.075060 6.646516 0.529127 -0.826577 0.191819 1.792208 0.167527 -0.119847 -0.978556 -0.280432
0.826968 0.557940 0.069470 6.753043 0.539106 -0.821938 0.183803 1.841950 0.159651 -0.114547 -0.980505 -0.263376
0.823675 0.561664 0.078050 6.861814 0.543001 -0.820888 0.176898 1.886211 0.163428 -0.103325 -0.981130 -0.257999
0.811326 0.575410 0.103209 6.978453 0.553330 -0.812837 0.181993 1.933408 0.188613 -0.090547 -0.977868 -0.246166
0.810663 0.571308 0.128189 7.094949 0.536921 -0.812677 0.226434 1.969239 0.233540 -0.114734 -0.965554 -0.251105
0.813886 0.563148 0.143018 7.208913 0.515360 -0.813364 0.269895 2.012962 0.268317 -0.145958 -0.952209 -0.257941
0.825663 0.554505 0.103944 7.348571 0.509012 -0.811647 0.286595 2.066060 0.243285 -0.183722 -0.952396 -0.275966
0.825816 0.558320 0.079419 7.465038 0.516763 -0.805577 0.289832 2.106530 0.225797 -0.198307 -0.953777 -0.276134
0.812450 0.577017 0.083527 7.604289 0.534449 -0.794322 0.288820 2.152533 0.233001 -0.190011 -0.953733 -0.291615
0.821799 0.562053 0.093498 7.707023 0.518351 -0.805620 0.286859 2.180979 0.236554 -0.187276 -0.953399 -0.312386
0.807426 0.582529 0.093395 7.801829 0.545860 -0.797699 0.256345 2.216874 0.223830 -0.155999 -0.962063 -0.305099
0.801564 0.594034 0.067957 7.898545 0.563989 -0.788930 0.243939 2.252636 0.198521 -0.157205 -0.967407 -0.309555
0.814605 0.578197 0.045901 7.990096 0.555406 -0.800403 0.225564 2.266094 0.167160 -0.158252 -0.973146 -0.308804
0.807276 0.589899 0.018012 8.110092 0.574776 -0.792775 0.202830 2.306179 0.133929 -0.153387 -0.979048 -0.326095
0.817167 0.576350 -0.007626 8.220844 0.570148 -0.806289 0.157573 2.349582 0.084669 -0.133112 -0.987478 -0.337530
0.800281 0.599484 -0.012997 8.352319 0.594766 -0.790856 0.144220 2.388532 0.076179 -0.123147 -0.989460 -0.347011
0.813322 0.581777 0.006560 8.463325 0.574268 -0.804532 0.151471 2.424296 0.093400 -0.119428 -0.988440 -0.362597
0.818579 0.574147 -0.016839 8.586533 0.570838 -0.809903 0.134910 2.457835 0.063821 -0.120047 -0.990715 -0.366656
0.822479 0.566177 -0.054520 8.698105 0.568041 -0.812667 0.130006 2.492088 0.029300 -0.137897 -0.990013 -0.370030
0.813363 0.575851 -0.082679 8.798909 0.581753 -0.804622 0.118940 2.509505 0.001966 -0.144840 -0.989453 -0.385047
0.778886 0.616791 -0.113602 8.902793 0.626765 -0.771987 0.105835 2.546957 -0.022421 -0.153635 -0.987873 -0.409230
0.776741 0.621225 -0.103697 9.017052 0.629494 -0.771039 0.096102 2.581454 -0.020254 -0.139923 -0.989955 -0.412921
0.751582 0.652760 -0.095016 9.110898 0.659637 -0.744121 0.105655 2.618730 -0.001736 -0.142084 -0.989853 -0.416604
0.742529 0.659056 -0.119564 9.215920 0.669450 -0.736093 0.100021 2.668425 -0.022091 -0.154311 -0.987775 -0.430226
0.741482 0.659901 -0.121388 9.318342 0.669813 -0.738618 0.076117 2.711464 -0.039429 -0.137747 -0.989682 -0.420646
0.752606 0.647549 -0.119438 9.423062 0.655680 -0.753669 0.045474 2.732171 -0.060570 -0.112537 -0.991800 -0.398348
0.749312 0.648944 -0.131926 9.527204 0.656055 -0.754574 0.014504 2.771208 -0.090136 -0.097418 -0.991153 -0.413309
0.771871 0.623592 -0.123888 9.649804 0.630597 -0.775733 0.024200 2.787317 -0.081013 -0.096803 -0.992001 -0.410480
0.787164 0.609512 -0.094166 9.759390 0.614506 -0.788107 0.035637 2.826035 -0.052491 -0.085918 -0.994919 -0.407236
0.794514 0.596782 -0.112243 9.911722 0.604152 -0.795480 0.047035 2.863879 -0.061218 -0.105182 -0.992567 -0.409230
0.794373 0.595514 -0.119733 10.025127 0.605097 -0.793058 0.070116 2.907068 -0.053200 -0.128148 -0.990327 -0.406894
0.796311 0.595251 -0.107541 10.152339 0.603927 -0.792398 0.085898 2.953763 -0.034084 -0.133349 -0.990483 -0.405328
0.782563 0.617591 -0.078592 10.272763 0.622566 -0.776828 0.094603 3.002936 -0.002627 -0.122962 -0.992408 -0.418168
0.777401 0.628242 -0.030983 10.382259 0.627384 -0.770922 0.109858 3.052378 0.045132 -0.104842 -0.993464 -0.422855
0.752521 0.654672 -0.071537 10.504413 0.658050 -0.743168 0.121128 3.132898 0.026136 -0.138226 -0.990056 -0.444912
0.765815 0.632868 -0.114042 10.612800 0.642957 -0.756745 0.118081 3.187001 -0.011571 -0.163752 -0.986434 -0.443516
0.773011 0.623165 -0.118825 10.723108 0.633760 -0.766934 0.100798 3.239813 -0.028317 -0.153225 -0.987786 -0.429115
0.770621 0.625472 -0.122181 10.840855 0.633641 -0.772489 0.041958 3.291910 -0.068140 -0.109753 -0.991620 -0.448009
0.766066 0.632878 -0.112289 10.970592 0.638487 -0.769384 0.019569 3.325105 -0.074009 -0.086686 -0.993483 -0.499106
0.802482 0.586475 -0.109860 11.092423 0.593650 -0.803283 0.048137 3.356714 -0.060017 -0.103848 -0.992781 -0.518046
0.819153 0.560003 -0.124039 11.243322 0.568946 -0.820734 0.051922 3.378217 -0.072726 -0.113104 -0.990918 -0.530213
0.829018 0.546192 -0.120015 11.373123 0.554974 -0.829952 0.056414 3.403784 -0.068794 -0.113374 -0.991168 -0.529346
0.844911 0.525604 -0.099333 11.511136 0.533130 -0.842583 0.076334 3.404286 -0.043574 -0.117453 -0.992122 -0.538806
0.858892 0.506298 -0.077245 11.617376 0.511359 -0.856157 0.074202 3.430792 -0.028565 -0.103231 -0.994247 -0.549772
0.863734 0.499948 -0.063367 11.745777 0.503877 -0.858857 0.092041 3.479360 -0.008407 -0.111429 -0.993737 -0.526058
0.851098 0.517196 -0.090229 11.850764 0.524627 -0.844365 0.108692 3.518309 -0.019971 -0.139844 -0.989972 -0.528627
0.854369 0.509675 -0.101410 11.956397 0.518270 -0.849987 0.094433 3.543515 -0.038067 -0.133239 -0.990353 -0.540375
0.851871 0.507775 -0.128379 12.062783 0.520832 -0.847128 0.105397 3.579520 -0.055235 -0.156648 -0.986109 -0.546838
0.849065 0.509099 -0.141095 12.181950 0.523553 -0.846570 0.095979 3.666558 -0.070584 -0.155363 -0.985333 -0.566182
0.843521 0.521972 -0.126564 12.294688 0.534418 -0.839184 0.100835 3.700667 -0.053577 -0.152695 -0.986820 -0.583143
0.849149 0.516406 -0.110774 12.394240 0.526704 -0.843510 0.105228 3.716353 -0.039099 -0.147700 -0.988259 -0.616535
0.854223 0.506850 -0.115787 12.518259 0.516624 -0.852499 0.079655 3.741616 -0.058335 -0.127862 -0.990075 -0.610884
0.856315 0.489934 -0.163369 12.634341 0.510258 -0.851450 0.121120 3.763417 -0.079760 -0.187077 -0.979102 -0.625686
0.860705 0.493638 -0.124535 12.770936 0.505102 -0.858609 0.087540 3.778499 -0.063714 -0.138249 -0.988346 -0.629610
0.836734 0.539997 -0.090990 12.870963 0.545272 -0.836916 0.047423 3.819258 -0.050543 -0.089295 -0.994722 -0.644190
0.831806 0.547311 -0.092458 12.999540 0.553694 -0.829862 0.068934 3.843423 -0.039000 -0.108533 -0.993328 -0.606102
0.826613 0.550224 -0.118173 13.104845 0.560743 -0.823082 0.090022 3.896017 -0.047734 -0.140678 -0.988904 -0.594616
0.811279 0.572035 -0.120835 13.214550 0.584052 -0.802349 0.122956 3.945984 -0.026617 -0.170326 -0.985028 -0.596339
0.811118 0.573363 -0.115513 13.332190 0.584824 -0.797857 0.146304 4.005444 -0.008278 -0.186224 -0.982472 -0.606745
0.822770 0.560299 -0.095466 13.448580 0.568292 -0.808109 0.154931 4.045657 0.009661 -0.181726 -0.983302 -0.635524
0.834193 0.548756 -0.054671 13.562463 0.550744 -0.823891 0.133737 4.088093 0.028346 -0.141672 -0.989508 -0.643305
0.868299 0.492516 -0.059027 13.682187 0.495811 -0.858113 0.133470 4.125627 0.015084 -0.145158 -0.989294 -0.641270
0.950097 0.310894 -0.025694 14.426660 0.310239 -0.933035 0.182200 1.781302 0.032672 -0.181079 -0.982926 -0.027255
0.935801 0.350383 -0.038822 14.549294 0.352281 -0.925342 0.140141 1.804886 0.013180 -0.144820 -0.989370 -0.034158
0.929917 0.365370 -0.041954 14.705373 0.367395 -0.917749 0.150858 1.873604 0.016616 -0.155699 -0.987665 -0.034320
0.934822 0.354550 -0.020066 14.822540 0.352881 -0.921120 0.164357 1.903819 0.039789 -0.160725 -0.986197 -0.052094
0.938240 0.345812 -0.010992 14.956440 0.341553 -0.920680 0.188917 1.903739 0.055210 -0.181004 -0.981932 -0.061253
0.926641 0.374276 -0.035414 15.083996 0.374212 -0.909220 0.182440 1.941460 0.036083 -0.182308 -0.982579 -0.040766
0.920820 0.387801 -0.041244 15.214661 0.389203 -0.907109 0.160228 1.988167 0.024724 -0.163593 -0.986218 -0.060292
0.923873 0.379530 -0.049147 15.340864 0.382620 -0.913409 0.138872 2.026987 0.007815 -0.147105 -0.989090 -0.067016
0.924314 0.378464 -0.049081 15.468128 0.381292 -0.910376 0.160722 2.059213 0.016145 -0.167272 -0.985779 -0.086412
0.931248 0.363866 -0.019480 15.623974 0.362106 -0.918124 0.161018 2.076091 0.040704 -0.157002 -0.986759 -0.061263
0.940320 0.337059 -0.046795 15.750987 0.340202 -0.927984 0.152012 2.097835 0.007812 -0.158860 -0.987270 -0.051321
0.945591 0.318469 -0.066601 15.911785 0.325121 -0.932707 0.156056 2.110646 -0.012420 -0.169218 -0.985500 -0.055051
0.948714 0.311070 -0.056359 16.050922 0.316134 -0.933427 0.169628 2.130782 0.000159 -0.178746 -0.983895 -0.060502
0.954234 0.295261 -0.047515 16.201397 0.298712 -0.933348 0.199081 2.154973 0.014433 -0.204163 -0.978830 -0.070331
0.957971 0.286043 -0.021714 16.328124 0.284442 -0.937327 0.201273 2.180961 0.037220 -0.198990 -0.979294 -0.089632
0.955769 0.293224 -0.022928 16.458356 0.291405 -0.933501 0.208945 2.209351 0.039865 -0.206385 -0.977659 -0.091473
0.959674 0.275090 -0.057896 16.607792 0.281102 -0.941137 0.187732 2.221313 -0.002845 -0.196436 -0.980513 -0.086440
0.961728 0.268400 -0.055142 16.731259 0.274002 -0.943111 0.188320 2.254343 -0.001460 -0.196222 -0.980559 -0.080618
0.963407 0.263164 -0.050911 16.922499 0.267947 -0.950623 0.156588 2.295439 -0.007189 -0.164499 -0.986351 -0.091266
0.961969 0.270376 -0.038897 17.039843 0.273044 -0.947614 0.165756 2.330189 0.007957 -0.170073 -0.985399 -0.117909
0.977362 0.209805 0.027291 17.298867 0.200365 -0.959284 0.199067 1.822367 0.067945 -0.189093 -0.979606 -0.012294
0.980732 0.195255 -0.006321 17.419270 0.193133 -0.964189 0.181768 1.836994 0.029396 -0.179486 -0.983321 -0.000856
0.984607 0.174611 -0.007746 17.561991 0.173360 -0.969995 0.170457 1.845694 0.022250 -0.169176 -0.985335 0.009804
0.987263 0.155270 -0.034683 17.713361 0.158937 -0.972299 0.171390 1.835606 -0.007110 -0.174719 -0.984593 -0.003797
0.988375 0.144085 -0.048514 17.845931 0.150299 -0.974079 0.169056 1.847016 -0.022898 -0.174382 -0.984412 -0.028480
0.984252 0.175743 0.019041 18.037925 0.169408 -0.968532 0.182335 1.870946 0.050485 -0.176238 -0.983052 -0.053059
0.984643 0.173150 0.022279 18.172270 0.164828 -0.964105 0.208168 1.887191 0.057524 -0.201299 -0.977839 -0.048512
0.984072 0.177672 -0.005879 18.344373 0.174817 -0.961197 0.213399 1.889192 0.032264 -0.211028 -0.976947 -0.034444
0.986516 0.163512 0.007066 18.483729 0.158187 -0.963685 0.215147 1.903987 0.041988 -0.211129 -0.976556 -0.028876
0.992294 0.123837 -0.004174 18.617951 0.122060 -0.971150 0.204865 1.914051 0.021316 -0.203796 -0.978781 -0.045008
0.994626 0.103394 -0.005330 18.772175 0.102185 -0.972113 0.211079 1.904582 0.016643 -0.210490 -0.977454 -0.068628
0.997001 0.075981 0.014695 18.901348 0.071515 -0.977131 0.200250 1.899978 0.029575 -0.198599 -0.979635 -0.078662
0.999013 0.043134 -0.010601 19.056310 0.044357 -0.981249 0.187569 1.889938 -0.002311 -0.187855 -0.982194 -0.069272
0.999868 0.016231 0.000553 19.192694 0.015867 -0.983567 0.179842 1.874576 0.003463 -0.179810 -0.983695 -0.063255
0.999883 -0.015143 -0.002077 19.320976 -0.014493 -0.982443 0.185999 1.861082 -0.004857 -0.185947 -0.982548 -0.077083
0.998760 -0.047301 0.015532 19.474186 -0.049340 -0.982056 0.182023 1.839707 0.006644 -0.182564 -0.983172 -0.110966
0.997838 -0.044264 0.048580 19.595700 -0.052476 -0.981631 0.183430 1.833144 0.039568 -0.185583 -0.981832 -0.128442
0.997547 -0.056985 0.040654 19.755939 -0.064286 -0.975608 0.209895 1.806844 0.027702 -0.211993 -0.976878 -0.110187
0.997493 -0.066335 0.024628 19.878999 -0.069981 -0.976307 0.204763 1.796892 0.010461 -0.205973 -0.978502 -0.093022
0.997786 -0.060200 0.028284 20.005598 -0.064788 -0.975871 0.208515 1.791901 0.015049 -0.209886 -0.977610 -0.087212
0.995200 -0.092654 0.031497 20.183109 -0.097192 -0.973387 0.207535 1.787082 0.011430 -0.209600 -0.977720 -0.141620
0.994077 -0.105643 0.025494 20.296958 -0.108659 -0.970269 0.216266 1.771392 0.001889 -0.217756 -0.976002 -0.170256
0.989230 -0.138417 0.047583 20.425356 -0.145159 -0.969455 0.197703 1.739156 0.018764 -0.202481 -0.979106 -0.132198
0.985607 -0.167220 0.024837 20.555259 -0.168843 -0.966331 0.194158 1.697371 -0.008466 -0.195557 -0.980656 -0.127348
0.979425 -0.201441 0.012209 20.687089 -0.199813 -0.959463 0.198759 1.627499 -0.028324 -0.197109 -0.979972 -0.153458
0.973808 -0.227267 -0.006861 20.814959 -0.221607 -0.955445 0.194973 1.582254 -0.050866 -0.188346 -0.980785 -0.159079
0.979008 -0.203249 -0.015293 20.940054 -0.197875 -0.965753 0.167829 1.543426 -0.048880 -0.161279 -0.985698 -0.177469
0.978796 -0.203220 0.025710 21.093545 -0.204777 -0.967642 0.147432 1.492104 -0.005083 -0.149570 -0.988738 -0.196672
0.977296 -0.209857 0.029204 21.224872 -0.211816 -0.964317 0.158832 1.454307 -0.005170 -0.161412 -0.986874 -0.203367
0.977326 -0.208828 0.034988 21.375482 -0.211732 -0.965241 0.153231 1.403986 0.001773 -0.157165 -0.987571 -0.215819
0.977657 -0.208059 0.029987 21.482642 -0.210155 -0.964184 0.161814 1.373141 -0.004754 -0.164500 -0.986366 -0.207736
0.969854 -0.241807 0.030228 21.603977 -0.243205 -0.952637 0.182574 1.332377 -0.015352 -0.184422 -0.982727 -0.222069
0.967360 -0.251435 0.031543 21.706443 -0.252782 -0.948751 0.189665 1.285815 -0.017762 -0.191448 -0.981342 -0.241135
0.960577 -0.271920 0.057887 21.808417 -0.277878 -0.945567 0.169373 1.235984 0.008680 -0.178781 -0.983851 -0.261340
0.946760 -0.316350 0.059729 21.946008 -0.321938 -0.930823 0.172984 1.152969 0.000874 -0.183004 -0.983112 -0.244715
0.938465 -0.342902 0.041257 22.048409 -0.344439 -0.920429 0.184858 1.088517 -0.025414 -0.187693 -0.981899 -0.243882
0.928346 -0.368924 0.045474 22.153331 -0.370788 -0.910431 0.183391 1.024173 -0.026256 -0.187111 -0.981988 -0.256409
0.935287 -0.353883 -0.002182 22.265630 -0.348659 -0.922503 0.165608 0.941486 -0.060618 -0.154130 -0.986189 -0.300604
0.930900 -0.365148 -0.009573 22.364023 -0.357696 -0.916587 0.178668 0.887531 -0.074015 -0.162897 -0.983863 -0.335531
0.927535 -0.373699 0.005343 22.485293 -0.366825 -0.907551 0.204426 0.816463 -0.071544 -0.191572 -0.978868 -0.373485
0.922259 -0.386255 0.015677 22.584756 -0.379874 -0.898013 0.221966 0.759702 -0.071657 -0.210665 -0.974928 -0.372447
0.912186 -0.408725 0.029332 22.692059 -0.404374 -0.886267 0.225860 0.696482 -0.066319 -0.217887 -0.973718 -0.357930
0.901300 -0.431623 0.036875 22.786109 -0.426934 -0.870629 0.244403 0.632142 -0.073385 -0.236024 -0.968972 -0.343642
0.894890 -0.443978 0.045331 22.882674 -0.441779 -0.866871 0.231008 0.577416 -0.063266 -0.226754 -0.971895 -0.362968
0.890995 -0.451498 0.047726 22.989130 -0.450853 -0.867507 0.210150 0.505537 -0.053480 -0.208759 -0.976504 -0.387519
0.885080 -0.459009 0.077105 23.079058 -0.465124 -0.866160 0.182828 0.436314 -0.017134 -0.197681 -0.980117 -0.405847
0.863779 -0.497570 0.079430 23.162466 -0.502707 -0.840301 0.202931 0.363585 -0.034227 -0.215217 -0.975966 -0.407054
0.847420 -0.524730 0.080860 23.263779 -0.528408 -0.818758 0.224544 0.262960 -0.051620 -0.233010 -0.971103 -0.430219
0.852042 -0.519620 0.063396 23.348778 -0.519458 -0.824313 0.225105 0.187803 -0.064710 -0.224730 -0.972270 -0.437150
0.867963 -0.494998 0.040216 23.448680 -0.487834 -0.834619 0.255791 0.063975 -0.093051 -0.241636 -0.965895 -0.448274
0.859791 -0.506722 0.063180 23.527583 -0.503753 -0.821411 0.267427 -0.005544 -0.083614 -0.261758 -0.961505 -0.466274
0.862950 -0.488787 0.128081 23.607917 -0.505092 -0.827356 0.245692 -0.076688 -0.014123 -0.276713 -0.960849 -0.466820
0.869518 -0.472828 0.142730 23.703043 -0.493852 -0.836425 0.237704 -0.156155 0.006990 -0.277176 -0.960794 -0.453866
0.861713 -0.485459 0.147581 23.793987 -0.507257 -0.831033 0.228200 -0.240961 0.011863 -0.271504 -0.962364 -0.432781
0.834831 -0.520797 0.178403 23.888899 -0.548746 -0.813143 0.194101 -0.350084 0.043980 -0.259940 -0.964623 -0.414654
0.812631 -0.558737 0.165659 23.972450 -0.581506 -0.796179 0.167183 -0.428136 0.038483 -0.232190 -0.971909 -0.434013
0.807491 -0.572152 0.143529 24.050181 -0.588862 -0.796161 0.139175 -0.504514 0.034642 -0.196901 -0.979811 -0.456245
0.793528 -0.596574 0.120051 24.142810 -0.607856 -0.786369 0.110154 -0.627654 0.028689 -0.160384 -0.986638 -0.469724
0.779804 -0.618558 0.096394 24.221922 -0.625961 -0.772608 0.106060 -0.713514 0.008871 -0.143046 -0.989676 -0.469720
0.775180 -0.627333 0.074498 24.322719 -0.631713 -0.768639 0.100662 -0.847416 -0.005886 -0.125093 -0.992128 -0.522904
0.774499 -0.630660 0.049197 24.400959 -0.631449 -0.766140 0.119590 -0.926229 -0.037729 -0.123687 -0.991604 -0.531468
0.786319 -0.616252 0.043995 24.487398 -0.617128 -0.780074 0.103141 -1.005113 -0.029242 -0.108253 -0.993693 -0.547274
0.777031 -0.622992 0.090021 24.569940 -0.629334 -0.771770 0.091156 -1.115562 0.012686 -0.127484 -0.991759 -0.543375
0.779923 -0.615702 0.112386 24.655671 -0.625778 -0.770294 0.122675 -1.182941 0.011039 -0.166005 -0.986063 -0.546621
0.778787 -0.611104 0.141571 24.741712 -0.627235 -0.761578 0.163019 -1.251376 0.008196 -0.215755 -0.976413 -0.532613
0.775711 -0.610238 0.160881 24.837125 -0.630741 -0.758126 0.165561 -1.311141 0.020936 -0.229902 -0.972989 -0.529927
0.773466 -0.622104 0.121394 24.932747 -0.633821 -0.760484 0.141187 -1.383562 0.004485 -0.186146 -0.982512 -0.532486
0.791747 -0.602362 0.101471 25.051469 -0.610681 -0.784426 0.108370 -1.479763 0.014318 -0.147768 -0.988918 -0.536798
0.777120 -0.619441 0.111256 25.134421 -0.626434 -0.778338 0.042065 -1.558317 0.060537 -0.102384 -0.992901 -0.553038
0.764817 -0.635227 0.107428 25.204942 -0.640295 -0.767925 0.017701 -1.631221 0.071252 -0.082324 -0.994055 -0.554206
0.771793 -0.632190 0.068350 25.293869 -0.632664 -0.774235 -0.017224 -1.769720 0.063807 -0.029949 -0.997513 -0.557341
0.787925 -0.614723 0.035913 25.381628 -0.614804 -0.788616 -0.010066 -1.860508 0.034510 -0.014148 -0.999304 -0.553700
0.784843 -0.618391 0.040175 25.486485 -0.618772 -0.785562 -0.003635 -2.016637 0.033807 -0.022006 -0.999186 -0.571506
0.774467 -0.629363 0.064062 25.572095 -0.630925 -0.775824 0.005556 -2.100354 0.046204 -0.044721 -0.997930 -0.590181
0.761221 -0.639295 0.108830 25.644081 -0.643307 -0.765605 0.002308 -2.161314 0.081846 -0.071768 -0.994058 -0.603708
0.782262 -0.615081 0.098693 25.743656 -0.620925 -0.782634 0.044004 -2.251533 0.050175 -0.095703 -0.994145 -0.623023
0.776771 -0.623259 0.090416 25.837720 -0.628847 -0.775407 0.057405 -2.324315 0.034331 -0.101448 -0.994248 -0.610693
0.748363 -0.649558 0.134262 25.923902 -0.661453 -0.745894 0.078248 -2.405252 0.049319 -0.147366 -0.987852 -0.598972
0.737093 -0.660749 0.141788 26.022069 -0.673245 -0.736167 0.069278 -2.483382 0.058604 -0.146523 -0.987470 -0.619544
0.736766 -0.659162 0.150605 26.114432 -0.670142 -0.741499 0.032997 -2.563319 0.089923 -0.125238 -0.988043 -0.638621
0.730350 -0.666303 0.150429 26.216650 -0.676876 -0.735553 0.028289 -2.662089 0.091800 -0.122483 -0.988216 -0.644638
0.697661 -0.698079 0.161105 26.305897 -0.712460 -0.699662 0.053608 -2.753829 0.075297 -0.152181 -0.985480 -0.641410
0.675266 -0.712897 0.189192 26.430797 -0.731819 -0.679562 0.051350 -2.887879 0.091960 -0.173130 -0.980596 -0.676626
0.692662 -0.699478 0.175924 26.528063 -0.716773 -0.694732 0.059869 -2.977434 0.080343 -0.167567 -0.982581 -0.681781
0.697154 -0.699556 0.156838 26.643345 -0.714390 -0.696233 0.070050 -3.082741 0.060191 -0.160879 -0.985137 -0.695799
0.694361 -0.697050 0.178843 26.739163 -0.712871 -0.700236 0.038530 -3.161976 0.098374 -0.154246 -0.983123 -0.715980
0.706902 -0.683769 0.180968 26.832249 -0.701180 -0.711065 0.052280 -3.231391 0.092932 -0.163847 -0.982099 -0.725379
0.693137 -0.701394 0.166157 26.906970 -0.716081 -0.696399 0.047500 -3.282945 0.082395 -0.151906 -0.984955 -0.706911
0.655887 -0.743960 0.127811 27.003147 -0.752084 -0.658545 0.026223 -3.359011 0.064661 -0.113324 -0.991452 -0.715289
0.617103 -0.773543 0.144272 27.082578 -0.783572 -0.620890 0.022592 -3.417462 0.072101 -0.126990 -0.989280 -0.734689
0.575090 -0.797647 0.181746 27.154747 -0.813608 -0.580870 0.025137 -3.472525 0.085520 -0.162326 -0.983024 -0.754351
0.575002 -0.795429 0.191481 27.234817 -0.813366 -0.581039 0.028785 -3.527313 0.088362 -0.172295 -0.981074 -0.776758
0.579286 -0.791347 0.195440 27.310422 -0.809555 -0.586527 0.024649 -3.586249 0.095125 -0.172498 -0.980406 -0.769614
0.582019 -0.794006 0.175522 27.397726 -0.810240 -0.584571 0.042285 -3.653786 0.069031 -0.166826 -0.983567 -0.764287
0.567708 -0.811230 0.140048 27.524547 -0.821563 -0.569121 0.033700 -3.750882 0.052366 -0.134190 -0.989571 -0.781196
0.586516 -0.799446 0.129942 27.610534 -0.807048 -0.590393 0.010454 -3.812068 0.068359 -0.111001 -0.991467 -0.793945
0.576434 -0.804490 0.143245 27.686968 -0.814366 -0.580020 0.019600 -3.864910 0.067316 -0.127952 -0.989493 -0.808008
0.589697 -0.794803 0.143336 27.765707 -0.804316 -0.594006 0.015243 -3.920568 0.073027 -0.124276 -0.989557 -0.812154
0.580889 -0.807724 0.100747 27.894796 -0.812853 -0.582141 0.019540 -4.028619 0.042866 -0.093243 -0.994720 -0.843274
0.975502 -0.213773 -0.051932 27.063089 -0.179422 -0.909716 0.374467 8.543358 -0.127295 -0.355975 -0.925785 0.046238
0.961039 -0.267555 -0.069417 27.150014 -0.225597 -0.904337 0.362327 8.566718 -0.159719 -0.332549 -0.929463 0.033862
0.943549 -0.325144 -0.063213 27.256945 -0.285914 -0.895843 0.340174 8.573670 -0.167234 -0.302897 -0.938235 0.017753
0.951119 -0.304829 -0.049512 27.345157 -0.271212 -0.901156 0.338174 8.595345 -0.147703 -0.308216 -0.939780 0.000159
0.948119 -0.315983 -0.035006 27.438185 -0.285992 -0.895817 0.340177 8.604589 -0.138849 -0.312517 -0.939710 -0.008176
0.947079 -0.318607 -0.039137 27.505869 -0.284526 -0.889646 0.357177 8.571547 -0.148617 -0.327139 -0.933217 -0.019276
0.937455 -0.347047 -0.027135 27.611156 -0.307953 -0.863142 0.400188 8.568955 -0.162305 -0.366802 -0.916031 -0.024477
0.927033 -0.372252 -0.045138 27.707565 -0.326700 -0.860890 0.390046 8.569120 -0.184054 -0.346839 -0.919689 -0.033464
0.927375 -0.372121 -0.038738 27.849153 -0.331205 -0.864713 0.377590 8.582323 -0.174007 -0.337338 -0.925162 -0.085125
0.929946 -0.367675 0.003946 27.936777 -0.338283 -0.851300 0.401065 8.592925 -0.144102 -0.374304 -0.916041 -0.116093
0.943479 -0.331158 0.013475 28.035684 -0.308645 -0.863071 0.399808 8.600812 -0.120770 -0.381370 -0.916500 -0.134225
0.959990 -0.278199 0.032015 28.137641 -0.270098 -0.889668 0.368155 8.578447 -0.073938 -0.362072 -0.929213 -0.114926
0.963605 -0.260543 0.059858 28.230993 -0.262849 -0.882566 0.389855 8.582855 -0.048745 -0.391400 -0.918929 -0.106484
0.964639 -0.263574 -0.001154 28.321421 -0.240345 -0.881407 0.406641 8.595145 -0.108197 -0.391984 -0.913588 -0.111203
0.970015 -0.242201 -0.020235 28.411286 -0.216441 -0.898709 0.381413 8.611293 -0.110564 -0.365597 -0.924183 -0.138043
0.892569 -0.332631 -0.304430 27.895927 0.103001 -0.506888 0.855836 9.776399 -0.438989 -0.795249 -0.418171 0.123482
0.887033 -0.345172 -0.306640 27.967205 0.101585 -0.501965 0.858901 9.810871 -0.450392 -0.793024 -0.410196 0.085546
0.896545 -0.300856 -0.325104 28.058045 0.143644 -0.496814 0.855887 9.837966 -0.419015 -0.814040 -0.402200 0.047440
0.910530 -0.258506 -0.322661 28.166732 0.168721 -0.480156 0.860804 9.852312 -0.377451 -0.838227 -0.393581 0.013013
0.904986 -0.236660 -0.353544 28.258203 0.229692 -0.427696 0.874253 9.882264 -0.358109 -0.872392 -0.332700 -0.031260
0.897194 -0.261708 -0.355741 28.343819 0.232583 -0.404754 0.884352 9.921864 -0.375429 -0.876175 -0.302275 -0.084534
0.902451 -0.264423 -0.340092 28.425699 0.226907 -0.379303 0.897019 9.963816 -0.366190 -0.886685 -0.282303 -0.131038
0.911880 -0.243289 -0.330582 28.493090 0.232193 -0.358390 0.904236 10.014497 -0.338468 -0.901314 -0.270319 -0.192142
0.907946 -0.237060 -0.345596 28.590606 0.261031 -0.325257 0.908884 10.048310 -0.327867 -0.915429 -0.233436 -0.228130
0.891749 -0.267547 -0.364969 28.685985 0.276458 -0.316418 0.907442 10.069272 -0.358266 -0.910109 -0.208200 -0.257849
0.885307 -0.280093 -0.371187 28.800160 0.271900 -0.335752 0.901854 10.089734 -0.377230 -0.899343 -0.221087 -0.294619
0.904543 -0.259138 -0.338599 28.917950 0.225791 -0.382516 0.895935 10.132019 -0.361690 -0.886865 -0.287492 -0.341329
0.914221 -0.260274 -0.310575 29.022110 0.192998 -0.394245 0.898511 10.172815 -0.356302 -0.881379 -0.310195 -0.386406
0.911111 -0.311046 -0.270421 29.113387 0.129576 -0.406671 0.904339 10.201656 -0.391263 -0.858993 -0.330218 -0.429889
0.905876 -0.314442 -0.283753 29.220842 0.130363 -0.430426 0.893162 10.219208 -0.402982 -0.846085 -0.348921 -0.464562
0.902535 -0.302289 -0.306678 29.337015 0.137253 -0.473096 0.870254 10.242496 -0.408156 -0.827527 -0.385496 -0.505621
0.899059 -0.273145 -0.342178 29.477581 0.165109 -0.512317 0.842776 10.283929 -0.405503 -0.814201 -0.415504 -0.571293
0.897203 -0.289865 -0.333173 29.578683 0.160496 -0.488829 0.857489 10.338522 -0.411421 -0.822815 -0.392057 -0.618263
0.901820 -0.325737 -0.283930 29.684939 0.119759 -0.442925 0.888524 10.393555 -0.415184 -0.835292 -0.360429 -0.658593
0.927077 -0.274387 -0.255420 29.806967 0.119969 -0.428360 0.895609 10.425905 -0.355155 -0.860941 -0.364205 -0.695650
0.931652 -0.229762 -0.281485 29.931811 0.159906 -0.436372 0.885443 10.461956 -0.326273 -0.869936 -0.369806 -0.719782
0.921766 -0.234546 -0.308766 30.042317 0.178791 -0.449503 0.875203 10.500917 -0.344067 -0.861937 -0.372401 -0.747714
0.915347 -0.245449 -0.319208 30.158617 0.167931 -0.487812 0.856644 10.562430 -0.365976 -0.837732 -0.405299 -0.813834
0.911707 -0.254196 -0.322762 30.266698 0.168650 -0.484810 0.858205 10.618025 -0.374630 -0.836865 -0.399135 -0.868228
0.914475 -0.287558 -0.284684 30.370194 0.123908 -0.470749 0.873523 10.660123 -0.385204 -0.834090 -0.394857 -0.923431
0.908603 -0.298979 -0.291638 30.491633 0.121427 -0.479007 0.869372 10.686859 -0.399621 -0.825327 -0.398923 -0.976764
0.897420 -0.306313 -0.317507 30.617386 0.141566 -0.481685 0.864834 10.711691 -0.417848 -0.821067 -0.388910 -1.037163
0.889968 -0.308712 -0.335640 30.734006 0.164616 -0.468904 0.867773 10.745470 -0.425275 -0.827542 -0.366491 -1.096354
0.884113 -0.305423 -0.353641 30.839314 0.181109 -0.473681 0.861874 10.789147 -0.430749 -0.826041 -0.363472 -1.154990
0.915511 -0.249048 -0.315933 30.952066 0.158492 -0.498528 0.852262 10.829182 -0.369756 -0.830328 -0.416936 -1.246888
0.927314 -0.216890 -0.305036 31.062472 0.158201 -0.511477 0.844608 10.862565 -0.339206 -0.831474 -0.439988 -1.296625
0.918198 -0.196132 -0.344159 31.168146 0.206090 -0.505446 0.837885 10.878939 -0.338290 -0.840271 -0.423679 -1.334117
0.913814 -0.195196 -0.356149 31.303391 0.213771 -0.514443 0.830452 10.907012 -0.345320 -0.835013 -0.428377 -1.405396
0.913010 -0.219352 -0.343944 31.413866 0.187178 -0.523876 0.830974 10.944327 -0.362460 -0.823066 -0.437247 -1.463003
0.907513 -0.251026 -0.336758 31.514770 0.164103 -0.526131 0.834420 10.987173 -0.386640 -0.812510 -0.436277 -1.529779
0.926001 -0.258713 -0.274937 31.613647 0.108069 -0.516137 0.849661 11.035103 -0.361723 -0.816498 -0.449985 -1.620925
0.917241 -0.294536 -0.268174 31.722742 0.090992 -0.500511 0.860935 11.057094 -0.387800 -0.814087 -0.432289 -1.683130
0.903427 -0.319941 -0.285408 31.836683 0.100845 -0.488439 0.866751 11.073285 -0.416714 -0.811828 -0.409004 -1.744295
0.907770 -0.307853 -0.284922 31.994489 0.106942 -0.486948 0.866859 11.087181 -0.405608 -0.817379 -0.409114 -1.829556
0.901420 -0.309652 -0.302584 32.094536 0.119803 -0.493202 0.861626 11.128846 -0.416039 -0.812938 -0.407485 -1.901947
0.915099 -0.296992 -0.272743 32.189340 0.107017 -0.473262 0.874397 11.172482 -0.388768 -0.829349 -0.401299 -1.970871
0.930340 -0.281632 -0.234844 32.297854 0.085284 -0.456687 0.885530 11.209041 -0.356644 -0.843872 -0.400856 -2.065450
0.930524 -0.262311 -0.255576 32.405112 0.114955 -0.453385 0.883871 11.217446 -0.347723 -0.851842 -0.391731 -2.114608
0.920228 -0.280436 -0.273012 32.516731 0.120706 -0.460199 0.879572 11.221427 -0.372304 -0.842361 -0.389638 -2.166448
0.902227 -0.328979 -0.278854 32.647051 0.113195 -0.443284 0.889206 11.247701 -0.416142 -0.833830 -0.362704 -2.244944
0.886591 -0.357768 -0.293188 32.749191 0.111153 -0.450486 0.885837 11.285110 -0.449001 -0.817963 -0.359630 -2.316278
0.905608 -0.330330 -0.266001 32.856290 0.090074 -0.463078 0.881729 11.320803 -0.414440 -0.822460 -0.389613 -2.389357
0.903659 -0.340408 -0.259851 32.979143 0.064542 -0.491587 0.868434 11.326874 -0.423361 -0.801539 -0.422256 -2.465688
0.893016 -0.338839 -0.296159 33.092734 0.092891 -0.505134 0.858027 11.339429 -0.440333 -0.793743 -0.419618 -2.526438
0.896430 -0.330708 -0.295035 33.215513 0.095795 -0.505389 0.857558 11.358813 -0.432709 -0.797003 -0.421366 -2.596879
0.892472 -0.324766 -0.313083 33.350056 0.103194 -0.528651 0.842543 11.424358 -0.439142 -0.784254 -0.438292 -2.683326
0.899856 -0.297033 -0.319422 33.456758 0.118154 -0.538936 0.834019 11.465032 -0.419879 -0.788238 -0.449869 -2.752039
0.919537 -0.267888 -0.287556 33.565204 0.107552 -0.532221 0.839746 11.501068 -0.378001 -0.803104 -0.460585 -2.812031
0.925484 -0.241825 -0.291549 33.686580 0.130663 -0.518634 0.844953 11.493605 -0.355538 -0.820085 -0.448390 -2.884006
0.923695 -0.243652 -0.295672 33.812579 0.130093 -0.526415 0.840216 11.506895 -0.360366 -0.814568 -0.454550 -2.932573
0.910235 -0.269294 -0.314569 33.921282 0.130921 -0.533538 0.835581 11.531158 -0.392852 -0.801759 -0.450389 -2.983180
