1.000000 0.000000 0.000000 0.003850 0.000000 1.000000 0.000000 -0.001832 0.000000 0.000000 1.000000 0.011013
1.000000 0.000000 0.000000 0.002908 0.000000 1.000000 0.000000 -0.002537 0.000000 0.000000 1.000000 0.016010
1.000000 0.000000 0.000000 -0.002789 0.000000 1.000000 0.000000 0.005919 0.000000 0.000000 1.000000 0.003991
1.000000 0.000000 0.000000 0.003493 0.000000 1.000000 0.000000 0.004228 0.000000 0.000000 1.000000 0.007012
1.000000 0.000000 0.000000 -0.002641 0.000000 1.000000 0.000000 0.009443 0.000000 0.000000 1.000000 0.014991
1.000000 0.000000 0.000000 0.001593 0.000000 1.000000 0.000000 0.009302 0.000000 0.000000 1.000000 0.022005
1.000000 0.000000 0.000000 -0.001359 0.000000 1.000000 0.000000 0.011416 0.000000 0.000000 1.000000 0.018996
1.000000 0.000000 0.000000 0.003754 0.000000 1.000000 0.000000 0.010711 0.000000 0.000000 1.000000 0.040013
1.000000 0.000000 0.000000 0.000955 0.000000 1.000000 0.000000 0.012261 0.000000 0.000000 1.000000 0.047003
1.000000 0.000000 0.000000 0.003717 0.000000 1.000000 0.000000 0.011698 0.000000 0.000000 1.000000 0.051013
1.000000 0.000000 0.000000 -0.000149 0.000000 1.000000 0.000000 0.012966 0.000000 0.000000 1.000000 0.045000
1.000000 0.000000 0.000000 0.005066 0.000000 1.000000 0.000000 0.009443 0.000000 0.000000 1.000000 0.035017
1.000000 0.000000 0.000000 0.004068 0.000000 1.000000 0.000000 0.013389 0.000000 0.000000 1.000000 0.057014
1.000000 0.000000 0.000000 0.006312 0.000000 1.000000 0.000000 0.010711 0.000000 0.000000 1.000000 0.050021
1.000000 0.000000 0.000000 0.005396 0.000000 1.000000 0.000000 0.014939 0.000000 0.000000 1.000000 0.047018
1.000000 0.000000 0.000000 0.003156 0.000000 1.000000 0.000000 0.016348 0.000000 0.000000 1.000000 0.053011
1.000000 0.000000 0.000000 0.004778 0.000000 1.000000 0.000000 0.014657 0.000000 0.000000 1.000000 0.066016
1.000000 0.000000 0.000000 0.002187 0.000000 1.000000 0.000000 0.021845 0.000000 0.000000 1.000000 0.066008
1.000000 0.000000 0.000000 0.003886 0.000000 1.000000 0.000000 0.024382 0.000000 0.000000 1.000000 0.056013
1.000000 0.000000 0.000000 0.008456 0.000000 1.000000 0.000000 0.022127 0.000000 0.000000 1.000000 0.073028
1.000000 0.000000 0.000000 0.012346 0.000000 1.000000 0.000000 0.019308 0.000000 0.000000 1.000000 0.072041
1.000000 0.000000 0.000000 0.015856 0.000000 1.000000 0.000000 0.021563 0.000000 0.000000 1.000000 0.074053
1.000000 0.000000 0.000000 0.009392 0.000000 1.000000 0.000000 0.025086 0.000000 0.000000 1.000000 0.070032
1.000000 0.000000 0.000000 0.009008 0.000000 1.000000 0.000000 0.024805 0.000000 0.000000 1.000000 0.074030
1.000000 0.000000 0.000000 -0.095775 0.000000 1.000000 0.000000 0.001691 0.000000 0.000000 1.000000 0.249684
1.000000 0.000000 0.000000 -0.091932 0.000000 1.000000 0.000000 -0.001550 0.000000 0.000000 1.000000 0.262696
1.000000 0.000000 0.000000 -0.088590 0.000000 1.000000 0.000000 -0.005919 0.000000 0.000000 1.000000 0.259707
1.000000 0.000000 0.000000 -0.097441 0.000000 1.000000 0.000000 0.003382 0.000000 0.000000 1.000000 0.249678
1.000000 0.000000 0.000000 -0.096301 0.000000 1.000000 0.000000 0.000987 0.000000 0.000000 1.000000 0.240682
1.000000 0.000000 0.000000 0.015066 0.000000 1.000000 0.000000 0.030583 0.000000 0.000000 1.000000 0.089050
1.000000 0.000000 0.000000 0.013942 0.000000 1.000000 0.000000 0.032274 0.000000 0.000000 1.000000 0.093047
1.000000 0.000000 0.000000 0.017813 0.000000 1.000000 0.000000 0.029314 0.000000 0.000000 1.000000 0.098060
1.000000 0.000000 0.000000 0.017608 0.000000 1.000000 0.000000 0.031569 0.000000 0.000000 1.000000 0.104059
1.000000 0.000000 0.000000 0.016692 0.000000 1.000000 0.000000 0.032979 0.000000 0.000000 1.000000 0.101056
1.000000 0.000000 0.000000 0.017062 0.000000 1.000000 0.000000 0.033543 0.000000 0.000000 1.000000 0.101057
1.000000 0.000000 0.000000 0.018163 0.000000 1.000000 0.000000 0.033965 0.000000 0.000000 1.000000 0.104061
1.000000 0.000000 0.000000 0.020575 0.000000 1.000000 0.000000 0.032979 0.000000 0.000000 1.000000 0.102069
1.000000 0.000000 0.000000 0.024065 0.000000 1.000000 0.000000 0.034529 0.000000 0.000000 1.000000 0.110080
1.000000 0.000000 0.000000 0.022575 0.000000 1.000000 0.000000 0.037630 0.000000 0.000000 1.000000 0.113076
1.000000 0.000000 0.000000 0.023682 0.000000 1.000000 0.000000 0.032979 0.000000 0.000000 1.000000 0.114079
1.000000 0.000000 0.000000 0.024396 0.000000 1.000000 0.000000 0.038193 0.000000 0.000000 1.000000 0.122082
1.000000 0.000000 0.000000 0.024551 0.000000 1.000000 0.000000 0.034529 0.000000 0.000000 1.000000 0.131082
1.000000 0.000000 0.000000 0.020301 0.000000 1.000000 0.000000 0.037207 0.000000 0.000000 1.000000 0.129068
1.000000 0.000000 0.000000 0.030655 0.000000 1.000000 0.000000 0.042703 0.000000 0.000000 1.000000 0.132102
1.000000 0.000000 0.000000 0.134583 0.000000 1.000000 0.000000 0.041576 0.000000 0.000000 1.000000 0.158447
1.000000 0.000000 0.000000 0.335493 0.000000 1.000000 0.000000 0.042421 0.000000 0.000000 1.000000 0.185114
1.000000 0.000000 0.000000 0.509540 0.000000 1.000000 0.000000 0.032274 0.000000 0.000000 1.000000 0.219692
1.000000 0.000000 0.000000 0.627500 0.000000 1.000000 0.000000 0.429852 0.000000 0.000000 1.000000 1.037088
1.000000 0.000000 0.000000 0.820334 0.000000 1.000000 0.000000 0.066803 0.000000 0.000000 1.000000 0.206723
1.000000 0.000000 0.000000 0.875118 0.000000 1.000000 0.000000 0.079910 0.000000 0.000000 1.000000 0.206905
1.000000 0.000000 0.000000 1.022953 0.000000 1.000000 0.000000 0.046368 0.000000 0.000000 1.000000 0.220396
1.000000 0.000000 0.000000 1.142540 0.000000 1.000000 0.000000 0.052992 0.000000 0.000000 1.000000 0.212793
1.000000 0.000000 0.000000 1.323389 0.000000 1.000000 0.000000 0.039462 0.000000 0.000000 1.000000 0.205393
1.000000 0.000000 0.000000 1.470937 0.000000 1.000000 0.000000 0.050596 0.000000 0.000000 1.000000 0.193882
1.000000 0.000000 0.000000 1.628714 0.000000 1.000000 0.000000 0.005215 0.000000 0.000000 1.000000 0.167406
1.000000 0.000000 0.000000 1.752373 0.000000 1.000000 0.000000 0.010570 0.000000 0.000000 1.000000 0.215816
1.000000 0.000000 0.000000 1.901332 0.000000 1.000000 0.000000 -0.002255 0.000000 0.000000 1.000000 0.225311
0.994673 0.006779 0.102854 2.053249 0.007047 -0.999973 -0.002236 -0.045522 0.102836 0.002949 -0.994694 0.235815
0.997056 0.014056 0.075379 2.162489 0.013005 -0.999812 0.014413 -0.069340 0.075567 -0.013390 -0.997051 0.223177
0.984269 -0.097463 0.147360 2.272806 -0.101433 -0.994648 0.019655 -0.122332 0.144655 -0.034293 -0.988888 0.220544
0.986079 -0.118500 0.116646 2.433728 -0.121342 -0.992456 0.017550 -0.180256 0.113686 -0.031460 -0.993019 0.250078
0.982380 -0.142201 0.121275 2.590844 -0.144481 -0.989455 0.010174 -0.239589 0.118549 -0.027517 -0.992567 0.255599
0.980246 -0.156021 0.121556 2.708908 -0.159029 -0.987154 0.015392 -0.287507 0.117593 -0.034419 -0.992465 0.260991
0.968170 -0.244159 0.055078 2.838738 -0.245519 -0.969199 0.019343 -0.337821 0.048659 -0.032250 -0.998295 0.234422
0.958856 -0.275816 0.067229 2.978611 -0.276220 -0.961088 -0.003399 -0.378128 0.065551 -0.015311 -0.997732 0.248886
0.942037 -0.332573 0.044283 3.159215 -0.332853 -0.942978 -0.001125 -0.439435 0.042132 -0.013680 -0.999018 0.259486
0.939185 -0.339801 0.049663 3.274242 -0.339434 -0.940496 -0.015900 -0.481152 0.052111 -0.001924 -0.998639 0.287867
0.928256 -0.365792 0.067353 3.405235 -0.363732 -0.930596 -0.041104 -0.517372 0.077714 0.013656 -0.996882 0.301302
0.930791 -0.360721 0.059231 3.533191 -0.358345 -0.932399 -0.047127 -0.566699 0.072227 0.022640 -0.997131 0.281727
0.930710 -0.362913 0.045540 3.677549 -0.361507 -0.931662 -0.036312 -0.629697 0.055606 0.017333 -0.998302 0.283206
0.931511 -0.361366 0.041259 3.815046 -0.359934 -0.932192 -0.038299 -0.685507 0.052302 0.020826 -0.998414 0.288662
0.931717 -0.357031 0.066581 3.955799 -0.356457 -0.934082 -0.020713 -0.771901 0.069587 -0.004435 -0.997566 0.317130
0.932941 -0.350263 0.083290 4.066149 -0.349362 -0.936637 -0.025638 -0.837153 0.086993 -0.005179 -0.996196 0.304496
0.935707 -0.352668 0.008824 4.175802 -0.352644 -0.935748 -0.004203 -0.904802 0.009739 0.000821 -0.999952 0.278860
0.935707 -0.352668 0.008824 4.314585 -0.352644 -0.935748 -0.004203 -0.966813 0.009739 0.000821 -0.999952 0.287320
0.935147 -0.353665 0.020520 4.421630 -0.353590 -0.935372 -0.007298 -1.078575 0.021775 -0.000431 -0.999763 0.266676
0.935367 -0.353630 0.005832 4.555608 -0.353626 -0.935385 -0.001741 -1.132271 0.006071 -0.000434 -0.999981 0.273120
0.922975 -0.384833 0.004621 4.686551 -0.384780 -0.922961 -0.009404 -1.256857 0.007884 0.006902 -0.999945 0.301555
0.911960 -0.410273 -0.002253 4.803171 -0.410184 -0.911616 -0.026561 -1.350156 0.008843 0.025147 -0.999645 0.295942
0.889160 -0.457594 0.001254 4.908871 -0.457447 -0.888939 -0.023020 -1.422315 0.011648 0.019895 -0.999734 0.290293
0.889160 -0.457594 0.001254 5.023696 -0.457447 -0.888939 -0.023020 -1.527171 0.011648 0.019895 -0.999734 0.267674
0.867877 -0.496639 0.011819 5.125517 -0.496123 -0.867708 -0.030751 -1.612436 0.025527 0.020824 -0.999457 0.260012
0.841847 -0.539713 -0.001885 5.260872 -0.539626 -0.841638 -0.021177 -1.730680 0.009843 0.018845 -0.999774 0.297461
0.815148 -0.578834 0.022006 5.375079 -0.579038 -0.815292 0.003772 -1.818906 0.015758 -0.015817 -0.999751 0.293840
0.815148 -0.578834 0.022006 5.519407 -0.579038 -0.815292 0.003772 -1.908963 0.015758 -0.015817 -0.999751 0.304320
0.803873 -0.594801 0.000226 5.600330 -0.594779 -0.803841 0.008850 -1.978444 -0.005082 -0.007249 -0.999961 0.291588
0.787232 -0.616657 0.000488 5.729182 -0.616540 -0.787068 0.020064 -2.035241 -0.011989 -0.016095 -0.999799 0.281016
0.773131 -0.633666 0.027122 5.871193 -0.633701 -0.773533 -0.008387 -2.115432 0.026294 -0.010702 -0.999597 0.320487
0.773131 -0.633666 0.027122 6.001232 -0.633701 -0.773533 -0.008387 -2.196470 0.026294 -0.010702 -0.999597 0.286919
0.772144 -0.635289 0.014184 6.139456 -0.635339 -0.772232 -0.001240 -2.276803 0.011741 -0.008054 -0.999899 0.296378
0.773025 -0.634322 0.008246 6.272720 -0.634352 -0.773043 0.001363 -2.340646 0.005510 -0.006285 -0.999965 0.294820
0.769046 -0.639187 0.002789 6.416153 -0.639184 -0.769003 0.008892 -2.403926 -0.003539 -0.008621 -0.999957 0.296296
0.769046 -0.639187 0.002789 6.537283 -0.639184 -0.769003 0.008892 -2.481581 -0.003539 -0.008621 -0.999957 0.325698
0.777000 -0.628502 0.035426 6.654273 -0.627568 -0.777794 -0.034572 -2.555572 0.049283 0.004630 -0.998774 0.320087
0.804657 -0.593707 0.006162 6.783525 -0.593194 -0.804320 -0.034513 -2.649434 0.025447 0.024116 -0.999385 0.300516
0.836159 -0.547266 0.036581 6.932292 -0.545628 -0.836749 -0.046279 -2.724553 0.055936 0.018737 -0.998259 0.312010
0.836159 -0.547266 0.036581 7.031300 -0.545628 -0.836749 -0.046279 -2.807563 0.055936 0.018737 -0.998259 0.259338
0.854330 -0.519707 0.004973 7.181977 -0.519055 -0.853668 -0.042822 -2.911855 0.026500 0.034003 -0.999070 0.308839
0.860635 -0.509061 -0.012778 7.289743 -0.509217 -0.860253 -0.025720 -3.016570 0.002101 0.028642 -0.999588 0.294196
0.859894 -0.510324 -0.012290 7.377177 -0.510465 -0.859508 -0.025911 -3.117761 0.002660 0.028554 -0.999589 0.271486
0.859894 -0.510324 -0.012290 7.473191 -0.510465 -0.859508 -0.025911 -3.204858 0.002660 0.028554 -0.999589 0.228805
0.858171 -0.513333 -0.005579 7.614710 -0.513313 -0.857883 -0.023375 -3.311264 0.007213 0.022923 -0.999711 0.249275
0.860496 -0.509439 -0.004337 7.764465 -0.509406 -0.860255 -0.021610 -3.417952 0.007278 0.020804 -0.999757 0.297772
0.860496 -0.509439 -0.004337 7.845427 -0.509406 -0.860255 -0.021610 -3.494620 0.007278 0.020804 -0.999757 0.273041
0.857609 -0.514253 0.007081 7.967133 -0.514208 -0.857634 -0.007304 -3.566356 0.009829 0.002623 -0.999948 0.296445
0.857151 -0.515065 0.000621 8.082573 -0.515038 -0.857117 -0.009342 -3.695170 0.005344 0.007687 -0.999956 0.311829
0.857151 -0.515065 0.000621 8.211653 -0.515038 -0.857117 -0.009342 -3.760282 0.005344 0.007687 -0.999956 0.288257
0.855265 -0.518172 0.004492 8.265102 -0.518161 -0.855276 -0.003418 -3.879654 0.005613 0.000596 -0.999984 0.244434
0.850977 -0.525150 0.007528 8.337051 -0.524858 -0.850850 -0.024056 -3.965483 0.019038 0.016520 -0.999682 0.258673
0.841983 -0.539454 0.007283 8.512823 -0.539415 -0.842013 -0.006701 -4.064560 0.009748 0.001713 -0.999951 0.275257
0.841983 -0.539454 0.007283 8.635134 -0.539415 -0.842013 -0.006701 -4.172375 0.009748 0.001713 -0.999951 0.283663
0.825333 -0.564641 0.002681 8.758519 -0.564549 -0.825269 -0.014679 -4.270325 0.010501 0.010602 -0.999889 0.303073
0.794872 -0.606726 0.007867 8.878725 -0.606523 -0.794847 -0.018650 -4.362496 0.017568 0.010052 -0.999795 0.276472
0.780957 -0.624496 0.010561 8.995688 -0.623588 -0.780554 -0.043286 -4.456500 0.035275 0.027219 -0.999007 0.278860
0.780957 -0.624496 0.010561 9.117411 -0.623588 -0.780554 -0.043286 -4.567697 0.035275 0.027219 -0.999007 0.297264
0.763808 -0.645295 0.013835 9.227351 -0.644519 -0.763685 -0.037147 -4.659305 0.034536 0.019457 -0.999214 0.296629
0.764391 -0.644701 0.008219 9.322829 -0.643895 -0.763969 -0.041843 -4.773603 0.033255 0.026692 -0.999090 0.303946
0.764391 -0.644701 0.008219 9.423452 -0.643895 -0.763969 -0.041843 -4.882968 0.033255 0.026692 -0.999090 0.322281
0.765024 -0.643641 0.021558 9.496334 -0.642509 -0.765101 -0.042457 -4.978522 0.043821 0.018630 -0.998866 0.278523
0.761293 -0.648378 -0.006197 9.616696 -0.648355 -0.761076 -0.019992 -5.090001 0.008246 0.019237 -0.999781 0.260922
0.760614 -0.649203 0.001334 9.762082 -0.648925 -0.760346 -0.027776 -5.222621 0.019046 0.020261 -0.999613 0.287405
0.760614 -0.649203 0.001334 9.834160 -0.648925 -0.760346 -0.027776 -5.322403 0.019046 0.020261 -0.999613 0.262644
0.759113 -0.650867 0.010909 9.927074 -0.650861 -0.759183 -0.004538 -5.395689 0.011236 -0.003655 -0.999930 0.261953
0.758575 -0.651342 -0.017822 10.037939 -0.651569 -0.758466 -0.013691 -5.541415 -0.004600 0.021998 -0.999747 0.261321
0.758575 -0.651342 -0.017822 10.158253 -0.651569 -0.758466 -0.013691 -5.658109 -0.004600 0.021998 -0.999747 0.313721
0.756958 -0.653329 -0.013258 10.245115 -0.653463 -0.756781 -0.016400 -5.783682 0.000682 0.021078 -0.999778 0.296009
0.754869 -0.655387 -0.025291 10.371299 -0.655772 -0.754873 -0.011386 -5.877826 -0.011629 0.025181 -0.999615 0.364429
0.754869 -0.655387 -0.025291 10.433546 -0.655772 -0.754873 -0.011386 -5.958300 -0.011629 0.025181 -0.999615 0.290635
0.754857 -0.655885 -0.002550 10.541358 -0.655881 -0.754821 -0.008138 -6.077249 0.003413 0.007816 -0.999964 0.261993
0.752533 -0.658544 0.003745 10.676295 -0.658522 -0.752540 -0.005670 -6.194084 0.006552 0.001801 -0.999977 0.258441
0.752533 -0.658544 0.003745 10.774661 -0.658522 -0.752540 -0.005670 -6.310073 0.006552 0.001801 -0.999977 0.231767
0.749402 -0.661956 0.014499 10.861444 -0.662044 -0.749463 0.001773 -6.404077 0.009693 -0.010928 -0.999893 0.238056
0.741930 -0.670051 0.023900 10.950946 -0.669736 -0.742315 -0.020550 -6.529649 0.031511 -0.000760 -0.999503 0.261353
0.741930 -0.670051 0.023900 11.076244 -0.669736 -0.742315 -0.020550 -6.628304 0.031511 -0.000760 -0.999503 0.317769
0.736890 -0.676012 -0.000271 11.184363 -0.676004 -0.736879 -0.005253 -6.744857 0.003351 0.004054 -0.999986 0.308128
0.736890 -0.676012 -0.000271 11.274527 -0.676004 -0.736879 -0.005253 -6.867329 0.003351 0.004054 -0.999986 0.299428
0.727327 -0.686275 -0.004680 11.385029 -0.685954 -0.726740 -0.036273 -6.970352 0.021492 0.029593 -0.999331 0.296795
0.720804 -0.691216 -0.051584 11.449760 -0.692819 -0.720733 -0.023351 -7.040819 -0.021037 0.052570 -0.998396 0.311010
0.720804 -0.691216 -0.051584 11.602814 -0.692819 -0.720733 -0.023351 -7.178512 -0.021037 0.052570 -0.998396 0.313518
0.718647 -0.694531 -0.034250 11.726179 -0.695311 -0.717037 -0.049002 -7.279563 0.009475 0.059030 -0.998211 0.338928
0.718647 -0.694531 -0.034250 11.809776 -0.695311 -0.717037 -0.049002 -7.390337 0.009475 0.059030 -0.998211 0.301206
0.708342 -0.705815 -0.008820 11.894546 -0.705173 -0.707032 -0.053254 -7.499562 0.031351 0.043941 -0.998542 0.300487
0.708342 -0.705815 -0.008820 12.015260 -0.705173 -0.707032 -0.053254 -7.596243 0.031351 0.043941 -0.998542 0.343888
0.697298 -0.715966 -0.034174 12.091962 -0.716664 -0.697255 -0.015110 -7.719983 -0.013010 0.035027 -0.999302 0.320143
0.689223 -0.724146 -0.024174 12.222070 -0.724447 -0.688181 -0.039802 -7.843160 0.012186 0.044946 -0.998915 0.321575
0.689223 -0.724146 -0.024174 12.312415 -0.724447 -0.688181 -0.039802 -7.961545 0.012186 0.044946 -0.998915 0.313875
0.678481 -0.734532 -0.011250 12.425320 -0.733852 -0.676994 -0.056030 -8.053576 0.033540 0.046271 -0.998366 0.312250
0.672437 -0.740142 -0.004319 12.529199 -0.738521 -0.670555 -0.070306 -8.162236 0.049140 0.050466 -0.997516 0.297595
0.672437 -0.740142 -0.004319 12.623613 -0.738521 -0.670555 -0.070306 -8.262582 0.049140 0.050466 -0.997516 0.290909
0.666866 -0.745056 -0.013446 12.709552 -0.744437 -0.665291 -0.056571 -8.394919 0.033203 0.047735 -0.998308 0.328194
0.666866 -0.745056 -0.013446 12.814152 -0.744437 -0.665291 -0.056571 -8.507244 0.033203 0.047735 -0.998308 0.319542
0.664224 -0.747454 -0.010937 12.901324 -0.747442 -0.663842 -0.025386 -8.613368 0.011715 0.025037 -0.999618 0.319831
0.673625 -0.738943 -0.013838 13.029651 -0.739071 -0.673467 -0.014686 -8.703707 0.001532 0.020120 -0.999796 0.300258
0.673625 -0.738943 -0.013838 13.130519 -0.739071 -0.673467 -0.014686 -8.821105 0.001532 0.020120 -0.999796 0.300593
0.675363 -0.737267 0.017923 13.238047 -0.736451 -0.675504 -0.036524 -8.924410 0.039035 0.011468 -0.999172 0.301950
0.675363 -0.737267 0.017923 13.324687 -0.736451 -0.675504 -0.036524 -9.024615 0.039035 0.011468 -0.999172 0.295238
0.676675 -0.736220 0.009528 13.484242 -0.735824 -0.676654 -0.026494 -9.131020 0.025953 0.010917 -0.999604 0.290768
0.675313 -0.737448 -0.011059 13.565594 -0.737529 -0.675200 -0.012500 -9.229393 0.001751 0.016598 -0.999861 0.316038
0.675313 -0.737448 -0.011059 13.669500 -0.737529 -0.675200 -0.012500 -9.341013 0.001751 0.016598 -0.999861 0.293383
0.672320 -0.740221 -0.007646 13.757489 -0.740051 -0.671847 -0.030774 -9.454747 0.017643 0.026349 -0.999497 0.270675
0.672320 -0.740221 -0.007646 13.880716 -0.740051 -0.671847 -0.030774 -9.522255 0.017643 0.026349 -0.999497 0.282085
0.678534 -0.734486 -0.011012 14.009349 -0.734446 -0.678071 -0.028435 -9.635566 0.013418 0.027382 -0.999535 0.281512
0.678534 -0.734486 -0.011012 14.129661 -0.734446 -0.678071 -0.028435 -9.690249 0.013418 0.027382 -0.999535 0.278911
0.688584 -0.725019 0.014125 14.228341 -0.723995 -0.688452 -0.043188 -9.747468 0.041037 0.019512 -0.998967 0.269239
0.688584 -0.725019 0.014125 14.333446 -0.723995 -0.688452 -0.043188 -9.770581 0.041037 0.019512 -0.998967 0.275588
0.687158 -0.725723 -0.033768 14.456362 -0.726377 -0.687175 -0.012945 -9.814694 -0.013810 0.033424 -0.999346 0.268996
0.693950 -0.720022 0.000950 14.606236 -0.719881 -0.693840 -0.018896 -9.823431 0.014265 0.012428 -0.999821 0.281494
0.693950 -0.720022 0.000950 14.707739 -0.719881 -0.693840 -0.018896 -9.832451 0.014265 0.012428 -0.999821 0.257831
0.687851 -0.725842 -0.003899 14.852798 -0.725764 -0.687674 -0.019257 -9.819767 0.011296 0.016076 -0.999807 0.271313
0.687851 -0.725842 -0.003899 14.969276 -0.725764 -0.687674 -0.019257 -9.821881 0.011296 0.016076 -0.999807 0.252700
0.688001 -0.725640 0.010050 15.142153 -0.725436 -0.688056 -0.017902 -9.763252 0.019905 0.005025 -0.999789 0.249273
0.688001 -0.725640 0.010050 15.240583 -0.725436 -0.688056 -0.017902 -9.760433 0.019905 0.005025 -0.999789 0.203600
0.689125 -0.724642 -0.000885 15.381888 -0.724615 -0.689088 -0.009484 -9.722239 0.006263 0.007177 -0.999955 0.177069
0.689125 -0.724642 -0.000885 15.505484 -0.724615 -0.689088 -0.009484 -9.689824 0.006263 0.007177 -0.999955 0.188480
0.685401 -0.727504 -0.031052 15.659328 -0.727991 -0.685547 -0.007326 -9.686723 -0.015958 0.027627 -0.999491 0.175990
0.685401 -0.727504 -0.031052 15.819359 -0.727991 -0.685547 -0.007326 -9.629363 -0.015958 0.027627 -0.999491 0.195522
0.686044 -0.727557 0.002088 15.935913 -0.726828 -0.685479 -0.042893 -9.672207 0.032638 0.027909 -0.999077 0.153909
0.686044 -0.727557 0.002088 16.052754 -0.726828 -0.685479 -0.042893 -9.612028 0.032638 0.027909 -0.999077 0.137297
0.679892 -0.733312 -0.000537 16.251880 -0.733062 -0.679640 -0.026643 -9.635000 0.019173 0.018508 -0.999645 0.143958
0.679892 -0.733312 -0.000537 16.455116 -0.733062 -0.679640 -0.026643 -9.601175 0.019173 0.018508 -0.999645 0.194633
0.680176 -0.732996 0.008783 16.625594 -0.732615 -0.680138 -0.026222 -9.579048 0.025194 0.011401 -0.999618 0.133199
0.680176 -0.732996 0.008783 16.761184 -0.732615 -0.680138 -0.026222 -9.559176 0.025194 0.011401 -0.999618 0.155649
0.679929 -0.733041 -0.018640 16.946235 -0.733252 -0.679472 -0.025663 -9.525210 0.006146 0.031117 -0.999497 0.276264
0.681734 -0.731218 -0.023644 17.003585 -0.731407 -0.680453 -0.045031 -9.511822 0.016838 0.047992 -0.998706 0.172454
0.681734 -0.731218 -0.023644 17.079973 -0.731407 -0.680453 -0.045031 -9.483917 0.016838 0.047992 -0.998706 0.131708
0.677003 -0.734876 -0.040291 17.308662 -0.735885 -0.676779 -0.021051 -9.483212 -0.011798 0.043901 -0.998966 0.153467
0.677003 -0.734876 -0.040291 17.515035 -0.735885 -0.676779 -0.021051 -9.481943 -0.011798 0.043901 -0.998966 0.151153
0.673585 -0.738954 -0.015153 17.593208 -0.739089 -0.673578 -0.006348 -9.455870 -0.005516 0.015476 -0.999865 0.130412
0.673585 -0.738954 -0.015153 17.806505 -0.739089 -0.673578 -0.006348 -9.440649 -0.005516 0.015476 -0.999865 0.161121
0.684526 -0.728988 0.000538 17.900968 -0.728969 -0.684513 -0.006762 -9.393013 0.005297 0.004237 -0.999977 0.139434
0.684526 -0.728988 0.000538 18.065470 -0.728969 -0.684513 -0.006762 -9.436843 0.005297 0.004237 -0.999977 0.149981
0.710627 -0.703559 0.003810 18.270406 -0.703479 -0.710612 -0.012129 -9.391321 0.011241 0.005939 -0.999919 0.134661
0.710627 -0.703559 0.003810 18.357575 -0.703479 -0.710612 -0.012129 -9.404851 0.011241 0.005939 -0.999919 0.135951
0.731809 -0.681431 -0.010387 18.415264 -0.681464 -0.731851 0.000444 -9.451641 -0.007904 0.006753 -0.999946 0.097142
0.731809 -0.681431 -0.010387 18.559140 -0.681464 -0.731851 0.000444 -9.442057 -0.007904 0.006753 -0.999946 0.076620
0.725726 -0.687977 0.003001 18.694536 -0.687953 -0.725728 -0.006226 -9.477995 0.006462 0.002454 -0.999976 0.046069
0.725726 -0.687977 0.003001 18.937709 -0.687953 -0.725728 -0.006226 -9.513652 0.006462 0.002454 -0.999976 0.108877
0.767303 -0.640641 -0.028747 19.071813 -0.640809 -0.767689 0.004103 -9.522812 -0.024697 0.015273 -0.999578 0.077323
0.767303 -0.640641 -0.028747 19.206040 -0.640809 -0.767689 0.004103 -9.547617 -0.024697 0.015273 -0.999578 0.008768
0.824134 -0.566373 -0.004984 19.362234 -0.566200 -0.823588 -0.033471 -9.549026 0.014852 0.030407 -0.999427 -0.042713
0.824134 -0.566373 -0.004984 19.555998 -0.566200 -0.823588 -0.033471 -9.544797 0.014852 0.030407 -0.999427 0.017930
0.867242 -0.497565 -0.017889 19.733025 -0.497885 -0.866771 -0.028605 -9.536341 -0.001273 0.033714 -0.999431 0.046519
0.867242 -0.497565 -0.017889 19.853002 -0.497885 -0.866771 -0.028605 -9.556213 -0.001273 0.033714 -0.999431 0.088917
0.930904 -0.364134 -0.028722 20.024484 -0.364567 -0.931106 -0.011481 -9.491523 -0.022563 0.021158 -0.999522 0.115487
0.930904 -0.364134 -0.028722 20.173431 -0.364567 -0.931106 -0.011481 -9.498288 -0.022563 0.021158 -0.999522 0.072981
0.981890 -0.189452 0.000429 20.310703 -0.189431 -0.981808 -0.012992 -9.477993 0.002882 0.012676 -0.999916 0.090437
0.981890 -0.189452 0.000429 20.431070 -0.189431 -0.981808 -0.012992 -9.435431 0.002882 0.012676 -0.999916 0.126837
0.997605 -0.056375 -0.040070 20.570426 -0.056931 -0.998295 -0.012868 -9.414432 -0.039276 0.015119 -0.999114 0.074300
0.997605 -0.056375 -0.040070 20.720376 -0.056931 -0.998295 -0.012868 -9.393432 -0.039276 0.015119 -0.999114 0.063798
0.996601 0.077090 -0.029047 20.871216 0.076613 -0.996913 -0.017192 -9.369191 -0.030282 0.014908 -0.999430 0.064299
0.996601 0.077090 -0.029047 21.021332 0.076613 -0.996913 -0.017192 -9.359044 -0.030282 0.014908 -0.999430 0.059798
0.985189 0.171440 0.003366 21.155504 0.171450 -0.985188 -0.002953 -9.318736 0.002810 0.003487 -0.999990 0.063243
0.985189 0.171440 0.003366 21.266959 0.171450 -0.985188 -0.002953 -9.303515 0.002810 0.003487 -0.999990 -0.003387
0.984109 0.176991 -0.014302 21.405540 0.176866 -0.984189 -0.009548 -9.288717 -0.015765 0.006866 -0.999852 0.010073
0.984109 0.176991 -0.014302 21.574346 0.176866 -0.984189 -0.009548 -9.260812 -0.015765 0.006866 -0.999852 0.006634
0.985776 0.163782 -0.037710 21.723186 0.164092 -0.986431 0.005259 -9.243054 -0.036337 -0.011372 -0.999275 -0.003872
0.985776 0.163782 -0.037710 21.858231 0.164092 -0.986431 0.005259 -9.205988 -0.036337 -0.011372 -0.999275 -0.040423
0.985776 0.163782 -0.037710 22.045309 0.164092 -0.986431 0.005259 -9.180056 -0.036337 -0.011372 -0.999275 0.027198
0.989098 0.144555 -0.028094 22.211767 0.144503 -0.989497 -0.003891 -9.154828 -0.028361 -0.000211 -0.999598 0.061752
0.989098 0.144555 -0.028094 22.347360 0.144503 -0.989497 -0.003891 -9.133970 -0.028361 -0.000211 -0.999598 0.083202
0.986657 0.096334 -0.131257 22.508365 0.097104 -0.995274 -0.000534 -9.095212 -0.130689 -0.012219 -0.991348 0.143737
0.986657 0.096334 -0.131257 22.606304 0.097104 -0.995274 -0.000534 -9.068012 -0.130689 -0.012219 -0.991348 0.023062
0.992435 0.122573 -0.006948 22.768333 0.122571 -0.992460 -0.000609 -9.047435 -0.006970 -0.000247 -0.999976 0.053600
0.992435 0.122573 -0.006948 22.914919 0.122571 -0.992460 -0.000609 -9.018121 -0.006970 -0.000247 -0.999976 0.053087
0.989616 0.143690 0.003538 23.038555 0.143712 -0.989594 -0.007116 -8.990075 0.002479 0.007551 -0.999968 0.052498
0.989616 0.143690 0.003538 23.188635 0.143712 -0.989594 -0.007116 -8.965834 0.002479 0.007551 -0.999968 0.058996
0.989794 0.141984 0.012156 23.403124 0.142136 -0.989766 -0.012665 -8.955968 0.010233 0.014264 -0.999846 0.120709
0.989794 0.141984 0.012156 23.470864 0.142136 -0.989766 -0.012665 -8.934969 0.010233 0.014264 -0.999846 0.064934
0.991708 0.116610 -0.054014 23.608314 0.116200 -0.993168 -0.010688 -8.894943 -0.054891 0.004323 -0.998483 0.084391
0.991708 0.116610 -0.054014 23.806120 0.116200 -0.993168 -0.010688 -8.893110 -0.054891 0.004323 -0.998483 0.154048
0.997192 0.074831 0.002947 23.954018 0.074859 -0.997132 -0.011166 -8.855763 0.002103 0.011356 -0.999933 0.148539
0.997192 0.074831 0.002947 24.076842 0.074859 -0.997132 -0.011166 -8.833918 0.002103 0.011356 -0.999933 0.113947
0.996904 0.074451 -0.025289 24.206027 0.074341 -0.997219 -0.005261 -8.822502 -0.025610 0.003365 -0.999666 0.114376
0.996904 0.074451 -0.025289 24.332001 0.074341 -0.997219 -0.005261 -8.780081 -0.025610 0.003365 -0.999666 0.022794
0.996904 0.074451 -0.025289 24.498441 0.074341 -0.997219 -0.005261 -8.747947 -0.025610 0.003365 -0.999666 0.007347
0.996682 0.059729 0.055286 24.650552 0.059770 -0.998212 0.000910 -8.729766 0.055242 0.002398 -0.998470 0.070853
0.996682 0.059729 0.055286 24.760523 0.059770 -0.998212 0.000910 -8.686077 0.055242 0.002398 -0.998470 0.005218
0.998718 0.015702 -0.048132 24.912978 0.016280 -0.999800 0.011631 -8.638863 -0.047940 -0.012399 -0.998773 0.020724
0.998718 0.015702 -0.048132 25.052940 0.016280 -0.999800 0.011631 -8.621810 -0.047940 -0.012399 -0.998773 0.064189
0.996661 -0.076741 -0.027897 25.210038 -0.076198 -0.996891 0.020045 -8.558107 -0.029349 -0.017852 -0.999410 0.130712
0.996661 -0.076741 -0.027897 25.326283 -0.076198 -0.996891 0.020045 -8.559940 -0.029349 -0.017852 -0.999410 0.015097
0.985824 -0.123565 -0.113498 25.497480 -0.120533 -0.992153 0.033232 -8.480170 -0.116714 -0.019081 -0.992982 0.071666
0.985824 -0.123565 -0.113498 25.610991 -0.120533 -0.992153 0.033232 -8.469882 -0.116714 -0.019081 -0.992982 -0.000957
0.985824 -0.123565 -0.113498 25.741528 -0.120533 -0.992153 0.033232 -8.438172 -0.116714 -0.019081 -0.992982 0.038477
0.993057 -0.108223 -0.046103 25.876728 -0.108235 -0.994123 0.002237 -8.397723 -0.046074 0.002769 -0.998934 0.010926
0.993057 -0.108223 -0.046103 26.068810 -0.108235 -0.994123 0.002237 -8.365872 -0.046074 0.002769 -0.998934 0.076564
0.999812 -0.017090 0.009189 26.169774 -0.016929 -0.999706 -0.017333 -8.333598 0.009482 0.017174 -0.999808 0.047899
0.999812 -0.017090 0.009189 26.297926 -0.016929 -0.999706 -0.017333 -8.294700 0.009482 0.017174 -0.999808 -0.030675
0.999357 0.035686 -0.003371 26.413786 0.035509 -0.998452 -0.042811 -8.233675 -0.004893 0.042663 -0.999078 -0.030290
0.999357 0.035686 -0.003371 26.512169 0.035509 -0.998452 -0.042811 -8.178711 -0.004893 0.042663 -0.999078 -0.061964
0.999357 0.035686 -0.003371 26.647839 0.035509 -0.998452 -0.042811 -8.113740 -0.004893 0.042663 -0.999078 -0.063513
0.994831 0.076790 0.066446 26.808537 0.081167 -0.994520 -0.065893 -8.064131 0.061022 0.070946 -0.995612 -0.077979
0.994831 0.076790 0.066446 26.899671 0.081167 -0.994520 -0.065893 -8.010716 0.061022 0.070946 -0.995612 -0.044676
0.995027 0.094688 -0.030896 27.086118 0.091789 -0.992176 -0.084627 -7.936444 -0.038667 0.081370 -0.995934 -0.010057
0.995027 0.094688 -0.030896 27.241766 0.091789 -0.992176 -0.084627 -7.836239 -0.038667 0.081370 -0.995934 -0.008540
0.994262 0.104562 0.022594 27.355567 0.105937 -0.991756 -0.072098 -7.796354 0.014869 0.074077 -0.997142 -0.001162
0.994262 0.104562 0.022594 27.480668 0.105937 -0.991756 -0.072098 -7.706156 0.014869 0.074077 -0.997142 -0.052746
0.993068 0.116683 -0.014195 27.636874 0.115702 -0.991649 -0.056974 -7.658520 -0.020724 0.054937 -0.998275 0.003773
0.993068 0.116683 -0.014195 27.743030 0.115702 -0.991649 -0.056974 -7.541122 -0.020724 0.054937 -0.998275 -0.027875
0.989927 0.131496 -0.052472 27.884192 0.130112 -0.991075 -0.028995 -7.478406 -0.055817 0.021876 -0.998201 -0.011406
0.989927 0.131496 -0.052472 27.951407 0.130112 -0.991075 -0.028995 -7.365517 -0.055817 0.021876 -0.998201 -0.076183
0.989927 0.131496 -0.052472 28.047004 0.130112 -0.991075 -0.028995 -7.335075 -0.055817 0.021876 -0.998201 -0.104865
0.990721 0.135456 -0.011118 28.224831 0.135205 -0.990597 -0.020897 -7.216126 -0.013844 0.019200 -0.999720 -0.038274
0.990721 0.135456 -0.011118 28.323644 0.135205 -0.990597 -0.020897 -7.137062 -0.013844 0.019200 -0.999720 -0.087946
0.987318 0.158746 0.001648 28.347192 0.158690 -0.986562 -0.038899 -7.086326 -0.004549 0.038668 -0.999242 -0.100868
0.987318 0.158746 0.001648 28.569922 0.158690 -0.986562 -0.038899 -6.905225 -0.004549 0.038668 -0.999242 -0.124128
0.985245 0.171039 -0.006184 28.793725 0.170683 -0.984581 -0.038310 -6.843354 -0.012642 0.036689 -0.999247 -0.080385
0.985245 0.171039 -0.006184 28.775627 0.170683 -0.984581 -0.038310 -6.791631 -0.012642 0.036689 -0.999247 -0.092445
0.984458 0.174481 -0.019957 28.928004 0.173120 -0.983267 -0.056702 -6.654784 -0.029516 0.052366 -0.998192 -0.108939
0.984458 0.174481 -0.019957 28.973308 0.173120 -0.983267 -0.056702 -6.570364 -0.029516 0.052366 -0.998192 -0.096788
0.984458 0.174481 -0.019957 29.006303 0.173120 -0.983267 -0.056702 -6.451415 -0.029516 0.052366 -0.998192 -0.167679
0.985469 0.169854 -0.001143 29.055990 0.169561 -0.984123 -0.052456 -6.387854 -0.010035 0.051500 -0.998623 -0.137514
0.985469 0.169854 -0.001143 29.092322 0.169561 -0.984123 -0.052456 -6.331903 -0.010035 0.051500 -0.998623 -0.154393
0.986665 0.162442 0.010207 29.160843 0.162736 -0.985689 -0.043977 -6.142910 0.002917 0.045052 -0.998980 -0.111166
0.986665 0.162442 0.010207 29.186790 0.162736 -0.985689 -0.043977 -6.035799 0.002917 0.045052 -0.998980 -0.122080
0.986665 0.162442 0.010207 29.175680 0.162736 -0.985689 -0.043977 -5.894724 0.002917 0.045052 -0.998980 -0.176117
0.986498 0.161578 0.026713 29.142046 0.162541 -0.985932 -0.038969 -5.751112 0.020041 0.042785 -0.998883 -0.247229
0.986498 0.161578 0.026713 29.219395 0.162541 -0.985932 -0.038969 -5.596507 0.020041 0.042785 -0.998883 -0.186972
0.987648 0.156584 -0.005740 29.205824 0.156225 -0.986877 -0.040845 -5.454868 -0.012060 0.039444 -0.999149 -0.169017
0.987648 0.156584 -0.005740 29.220389 0.156225 -0.986877 -0.040845 -5.312101 -0.012060 0.039444 -0.999149 -0.151969
0.987329 0.155989 -0.029124 29.220971 0.155428 -0.987631 -0.020647 -5.169475 -0.031984 0.015859 -0.999363 -0.159967
0.987329 0.155989 -0.029124 29.212252 0.155428 -0.987631 -0.020647 -5.027414 -0.031984 0.015859 -0.999363 -0.153996
0.988139 0.153220 0.010214 29.199431 0.153272 -0.988174 -0.004547 -4.873654 0.009396 0.006059 -0.999937 -0.139039
0.988139 0.153220 0.010214 29.179866 0.153272 -0.988174 -0.004547 -4.731310 0.009396 0.006059 -0.999937 -0.155104
0.988139 0.153220 0.010214 29.127403 0.153272 -0.988174 -0.004547 -4.572477 0.009396 0.006059 -0.999937 -0.185279
0.988672 0.149698 -0.010879 29.140042 0.149369 -0.988426 -0.026503 -4.413362 -0.014721 0.024578 -0.999590 -0.201237
0.988672 0.149698 -0.010879 29.150086 0.149369 -0.988426 -0.026503 -4.300897 -0.014721 0.024578 -0.999590 -0.216203
0.988187 0.151977 0.019734 29.165847 0.152512 -0.987869 -0.029237 -4.169405 0.015051 0.031902 -0.999378 -0.225151
0.988187 0.151977 0.019734 29.184354 0.152512 -0.987869 -0.029237 -4.004089 0.015051 0.031902 -0.999378 -0.169090
0.988187 0.151977 0.019734 29.207225 0.152512 -0.987869 -0.029237 -3.870060 0.015051 0.031902 -0.999378 -0.201014
0.986968 0.160669 -0.008902 29.235409 0.160056 -0.985904 -0.048742 -3.718555 -0.016608 0.046682 -0.998772 -0.160920
0.986968 0.160669 -0.008902 29.240126 0.160056 -0.985904 -0.048742 -3.576071 -0.016608 0.046682 -0.998772 -0.187905
0.986664 0.159380 -0.033041 29.256747 0.157765 -0.986367 -0.046798 -3.427244 -0.040049 0.040962 -0.998358 -0.232850
0.986664 0.159380 -0.033041 29.271167 0.157765 -0.986367 -0.046798 -3.278417 -0.040049 0.040962 -0.998358 -0.227802
0.987052 0.159556 -0.016433 29.311121 0.158747 -0.986409 -0.042377 -3.127194 -0.022971 0.039220 -0.998967 -0.220669
0.987052 0.159556 -0.016433 29.329308 0.158747 -0.986409 -0.042377 -2.984710 -0.022971 0.039220 -0.998967 -0.235609
0.987052 0.159556 -0.016433 29.351651 0.158747 -0.986409 -0.042377 -2.870835 -0.022971 0.039220 -0.998967 -0.275535
0.985240 0.170359 -0.016709 29.377475 0.169713 -0.984890 -0.034479 -2.724686 -0.022331 0.031134 -0.999266 -0.249449
0.985240 0.170359 -0.016709 29.420492 0.169713 -0.984890 -0.034479 -2.556974 -0.022331 0.031134 -0.999266 -0.217306
0.978827 0.203932 -0.017607 29.452084 0.203021 -0.978209 -0.043459 -2.415475 -0.026086 0.038965 -0.998900 -0.200201
0.978827 0.203932 -0.017607 29.481704 0.203021 -0.978209 -0.043459 -2.267917 -0.026086 0.038965 -0.998900 -0.202103
0.978827 0.203932 -0.017607 29.505351 0.203021 -0.978209 -0.043459 -2.146432 -0.026086 0.038965 -0.998900 -0.245024
0.971379 0.237442 0.006611 29.526474 0.237438 -0.969817 -0.055489 -1.998309 -0.006764 0.055471 -0.998437 -0.251954
0.971379 0.237442 0.006611 29.545487 0.237438 -0.969817 -0.055489 -1.847087 -0.006764 0.055471 -0.998437 -0.236891
0.970298 0.241904 0.002074 29.548769 0.241549 -0.968333 -0.063123 -1.691213 -0.013261 0.061749 -0.998004 -0.277880
0.970298 0.241904 0.002074 29.572840 0.241549 -0.968333 -0.063123 -1.560426 -0.013261 0.061749 -0.998004 -0.280800
0.970298 0.241904 0.002074 29.603166 0.241549 -0.968333 -0.063123 -1.441055 -0.013261 0.061749 -0.998004 -0.272700
0.969457 0.244298 -0.021721 29.620570 0.242108 -0.967387 -0.074475 -1.298570 -0.039206 0.066941 -0.996986 -0.274642
0.969457 0.244298 -0.021721 29.634534 0.242108 -0.967387 -0.074475 -1.167360 -0.039206 0.066941 -0.996986 -0.299596
0.970944 0.234482 -0.047805 29.697411 0.232052 -0.971348 -0.051334 -1.013319 -0.058472 0.038750 -0.997537 -0.284387
0.970944 0.234482 -0.047805 29.693303 0.232052 -0.971348 -0.051334 -0.844056 -0.058472 0.038750 -0.997537 -0.273400
0.970944 0.234482 -0.047805 29.677691 0.232052 -0.971348 -0.051334 -0.675076 -0.058472 0.038750 -0.997537 -0.309452
0.971242 0.236816 -0.024651 29.745739 0.235948 -0.971183 -0.033635 -0.521035 -0.031906 0.026851 -0.999130 -0.235226
0.971242 0.236816 -0.024651 29.758276 0.235948 -0.971183 -0.033635 -0.367557 -0.031906 0.026851 -0.999130 -0.276184
0.972000 0.230286 -0.046728 29.768828 0.227787 -0.972255 -0.053237 -0.224227 -0.057692 0.041102 -0.997488 -0.277149
0.972000 0.230286 -0.046728 29.775809 0.227787 -0.972255 -0.053237 -0.078078 -0.057692 0.041102 -0.997488 -0.317126
0.972000 0.230286 -0.046728 29.844468 0.227787 -0.972255 -0.053237 0.073850 -0.057692 0.041102 -0.997488 -0.203897
0.970961 0.235149 -0.044034 29.842427 0.232925 -0.971194 -0.050278 0.178987 -0.054589 0.038562 -0.997764 -0.257905
0.970961 0.235149 -0.044034 29.844906 0.232925 -0.971194 -0.050278 0.317525 -0.054589 0.038562 -0.997764 -0.279896
0.970961 0.235149 -0.044034 29.859884 0.232925 -0.971194 -0.050278 0.449017 -0.054589 0.038562 -0.997764 -0.275847
0.966461 0.246729 -0.071265 29.871300 0.244064 -0.968757 -0.044083 0.594884 -0.079915 0.025212 -0.996483 -0.313809
0.966461 0.246729 -0.071265 29.886117 0.244064 -0.968757 -0.044083 0.842929 -0.079915 0.025212 -0.996483 -0.316760
0.966461 0.246729 -0.071265 29.873763 0.244064 -0.968757 -0.044083 1.078149 -0.079915 0.025212 -0.996483 -0.330801
0.966461 0.246729 -0.071265 29.731550 0.244064 -0.968757 -0.044083 1.408922 -0.079915 0.025212 -0.996483 -0.365273
0.966461 0.246729 -0.071265 29.880334 0.244064 -0.968757 -0.044083 1.667395 -0.079915 0.025212 -0.996483 -0.191778
0.966461 0.246729 -0.071265 29.802093 0.244064 -0.968757 -0.044083 1.964626 -0.079915 0.025212 -0.996483 -0.262038
0.955971 0.290166 -0.043861 29.773651 0.288425 -0.956582 -0.041980 2.231556 -0.054138 0.027482 -0.998155 -0.280133
0.955971 0.290166 -0.043861 29.730657 0.288425 -0.956582 -0.041980 2.516525 -0.054138 0.027482 -0.998155 -0.319276
0.955971 0.290166 -0.043861 29.746721 0.288425 -0.956582 -0.041980 2.779509 -0.054138 0.027482 -0.998155 -0.252222
0.955971 0.290166 -0.043861 29.696853 0.288425 -0.956582 -0.041980 3.022198 -0.054138 0.027482 -0.998155 -0.283388
0.923651 0.377935 -0.063511 29.717707 0.375548 -0.925635 -0.046518 3.168629 -0.076369 0.019115 -0.996896 -0.265318
0.923651 0.377935 -0.063511 29.703162 0.375548 -0.925635 -0.046518 3.288423 -0.076369 0.019115 -0.996896 -0.232366
0.923651 0.377935 -0.063511 29.703575 0.375548 -0.925635 -0.046518 3.532099 -0.076369 0.019115 -0.996896 -0.245365
0.923651 0.377935 -0.063511 29.673405 0.375548 -0.925635 -0.046518 3.820451 -0.076369 0.019115 -0.996896 -0.300465
0.923651 0.377935 -0.063511 29.597284 0.375548 -0.925635 -0.046518 4.106407 -0.076369 0.019115 -0.996896 -0.284718
0.915858 0.399717 -0.037827 29.563107 0.398534 -0.916478 -0.035200 4.376719 -0.048738 0.017162 -0.998664 -0.247831
0.915858 0.399717 -0.037827 29.615316 0.398534 -0.916478 -0.035200 4.631106 -0.048738 0.017162 -0.998664 -0.252658
0.915858 0.399717 -0.037827 29.532289 0.398534 -0.916478 -0.035200 4.917485 -0.048738 0.017162 -0.998664 -0.274933
0.915858 0.399717 -0.037827 29.527635 0.398534 -0.916478 -0.035200 5.174831 -0.048738 0.017162 -0.998664 -0.266949
0.915858 0.399717 -0.037827 29.472472 0.398534 -0.916478 -0.035200 5.454868 -0.048738 0.017162 -0.998664 -0.264132
0.903214 0.426171 -0.050821 29.434541 0.424800 -0.904579 -0.035803 5.742374 -0.061229 0.010749 -0.998066 -0.267257
0.903214 0.426171 -0.050821 29.398346 0.424800 -0.904579 -0.035803 6.021847 -0.061229 0.010749 -0.998066 -0.291378
0.903214 0.426171 -0.050821 29.345423 0.424800 -0.904579 -0.035803 6.283703 -0.061229 0.010749 -0.998066 -0.294553
0.903214 0.426171 -0.050821 29.292521 0.424800 -0.904579 -0.035803 6.566277 -0.061229 0.010749 -0.998066 -0.303729
0.903214 0.426171 -0.050821 29.275225 0.424800 -0.904579 -0.035803 6.826865 -0.061229 0.010749 -0.998066 -0.278786
0.900262 0.434073 -0.033302 29.242233 0.433847 -0.900876 -0.014105 7.099432 -0.036124 -0.001750 -0.999346 -0.319895
0.900262 0.434073 -0.033302 29.187506 0.433847 -0.900876 -0.014105 7.380596 -0.036124 -0.001750 -0.999346 -0.337077
0.900262 0.434073 -0.033302 29.172237 0.433847 -0.900876 -0.014105 7.647808 -0.036124 -0.001750 -0.999346 -0.309127
0.900262 0.434073 -0.033302 29.162976 0.433847 -0.900876 -0.014105 7.907973 -0.036124 -0.001750 -0.999346 -0.307158
0.900262 0.434073 -0.033302 29.081562 0.433847 -0.900876 -0.014105 8.185896 -0.036124 -0.001750 -0.999346 -0.313428
