1.000000 0.000000 0.000000 0.003850 0.000000 1.000000 0.000000 -0.001832 0.000000 0.000000 1.000000 0.011013
1.000000 0.000000 0.000000 0.002908 0.000000 1.000000 0.000000 -0.002537 0.000000 0.000000 1.000000 0.016010
1.000000 0.000000 0.000000 -0.002789 0.000000 1.000000 0.000000 0.005919 0.000000 0.000000 1.000000 0.003991
1.000000 0.000000 0.000000 0.003493 0.000000 1.000000 0.000000 0.004228 0.000000 0.000000 1.000000 0.007012
1.000000 0.000000 0.000000 -0.002641 0.000000 1.000000 0.000000 0.009443 0.000000 0.000000 1.000000 0.014991
1.000000 0.000000 0.000000 0.001593 0.000000 1.000000 0.000000 0.009302 0.000000 0.000000 1.000000 0.022005
1.000000 0.000000 0.000000 -0.001359 0.000000 1.000000 0.000000 0.011416 0.000000 0.000000 1.000000 0.018996
1.000000 0.000000 0.000000 0.003754 0.000000 1.000000 0.000000 0.010711 0.000000 0.000000 1.000000 0.040013
1.000000 0.000000 0.000000 0.000955 0.000000 1.000000 0.000000 0.012261 0.000000 0.000000 1.000000 0.047003
1.000000 0.000000 0.000000 0.003717 0.000000 1.000000 0.000000 0.011698 0.000000 0.000000 1.000000 0.051013
1.000000 0.000000 0.000000 -0.000149 0.000000 1.000000 0.000000 0.012966 0.000000 0.000000 1.000000 0.045000
1.000000 0.000000 0.000000 0.005066 0.000000 1.000000 0.000000 0.009443 0.000000 0.000000 1.000000 0.035017
1.000000 0.000000 0.000000 0.004068 0.000000 1.000000 0.000000 0.013389 0.000000 0.000000 1.000000 0.057014
1.000000 0.000000 0.000000 0.006312 0.000000 1.000000 0.000000 0.010711 0.000000 0.000000 1.000000 0.050021
1.000000 0.000000 0.000000 0.005396 0.000000 1.000000 0.000000 0.014939 0.000000 0.000000 1.000000 0.047018
1.000000 0.000000 0.000000 0.003156 0.000000 1.000000 0.000000 0.016348 0.000000 0.000000 1.000000 0.053011
1.000000 0.000000 0.000000 0.004778 0.000000 1.000000 0.000000 0.014657 0.000000 0.000000 1.000000 0.066016
1.000000 0.000000 0.000000 0.002187 0.000000 1.000000 0.000000 0.021845 0.000000 0.000000 1.000000 0.066008
1.000000 0.000000 0.000000 0.003886 0.000000 1.000000 0.000000 0.024382 0.000000 0.000000 1.000000 0.056013
1.000000 0.000000 0.000000 0.008456 0.000000 1.000000 0.000000 0.022127 0.000000 0.000000 1.000000 0.073028
1.000000 0.000000 0.000000 0.012346 0.000000 1.000000 0.000000 0.019308 0.000000 0.000000 1.000000 0.072041
1.000000 0.000000 0.000000 0.015856 0.000000 1.000000 0.000000 0.021563 0.000000 0.000000 1.000000 0.074053
1.000000 0.000000 0.000000 0.009392 0.000000 1.000000 0.000000 0.025086 0.000000 0.000000 1.000000 0.070032
1.000000 0.000000 0.000000 0.009008 0.000000 1.000000 0.000000 0.024805 0.000000 0.000000 1.000000 0.074030
1.000000 0.000000 0.000000 -0.095775 0.000000 1.000000 0.000000 0.001691 0.000000 0.000000 1.000000 0.249684
1.000000 0.000000 0.000000 -0.091932 0.000000 1.000000 0.000000 -0.001550 0.000000 0.000000 1.000000 0.262696
1.000000 0.000000 0.000000 -0.088590 0.000000 1.000000 0.000000 -0.005919 0.000000 0.000000 1.000000 0.259707
1.000000 0.000000 0.000000 -0.097441 0.000000 1.000000 0.000000 0.003382 0.000000 0.000000 1.000000 0.249678
1.000000 0.000000 0.000000 -0.096301 0.000000 1.000000 0.000000 0.000987 0.000000 0.000000 1.000000 0.240682
1.000000 0.000000 0.000000 0.015066 0.000000 1.000000 0.000000 0.030583 0.000000 0.000000 1.000000 0.089050
1.000000 0.000000 0.000000 0.013942 0.000000 1.000000 0.000000 0.032274 0.000000 0.000000 1.000000 0.093047
1.000000 0.000000 0.000000 0.017813 0.000000 1.000000 0.000000 0.029314 0.000000 0.000000 1.000000 0.098060
1.000000 0.000000 0.000000 0.017608 0.000000 1.000000 0.000000 0.031569 0.000000 0.000000 1.000000 0.104059
1.000000 0.000000 0.000000 0.016692 0.000000 1.000000 0.000000 0.032979 0.000000 0.000000 1.000000 0.101056
1.000000 0.000000 0.000000 0.017062 0.000000 1.000000 0.000000 0.033543 0.000000 0.000000 1.000000 0.101057
1.000000 0.000000 0.000000 0.018163 0.000000 1.000000 0.000000 0.033965 0.000000 0.000000 1.000000 0.104061
1.000000 0.000000 0.000000 0.020575 0.000000 1.000000 0.000000 0.032979 0.000000 0.000000 1.000000 0.102069
1.000000 0.000000 0.000000 0.024065 0.000000 1.000000 0.000000 0.034529 0.000000 0.000000 1.000000 0.110080
1.000000 0.000000 0.000000 0.022575 0.000000 1.000000 0.000000 0.037630 0.000000 0.000000 1.000000 0.113076
1.000000 0.000000 0.000000 0.023682 0.000000 1.000000 0.000000 0.032979 0.000000 0.000000 1.000000 0.114079
1.000000 0.000000 0.000000 0.024396 0.000000 1.000000 0.000000 0.038193 0.000000 0.000000 1.000000 0.122082
1.000000 0.000000 0.000000 0.024551 0.000000 1.000000 0.000000 0.034529 0.000000 0.000000 1.000000 0.131082
1.000000 0.000000 0.000000 0.020301 0.000000 1.000000 0.000000 0.037207 0.000000 0.000000 1.000000 0.129068
1.000000 0.000000 0.000000 0.030655 0.000000 1.000000 0.000000 0.042703 0.000000 0.000000 1.000000 0.132102
1.000000 0.000000 0.000000 0.134583 0.000000 1.000000 0.000000 0.041576 0.000000 0.000000 1.000000 0.158447
1.000000 0.000000 0.000000 0.335493 0.000000 1.000000 0.000000 0.042421 0.000000 0.000000 1.000000 0.185114
1.000000 0.000000 0.000000 0.509540 0.000000 1.000000 0.000000 0.032274 0.000000 0.000000 1.000000 0.219692
1.000000 0.000000 0.000000 0.627500 0.000000 1.000000 0.000000 0.429852 0.000000 0.000000 1.000000 1.037088
1.000000 0.000000 0.000000 0.820334 0.000000 1.000000 0.000000 0.066803 0.000000 0.000000 1.000000 0.206723
1.000000 0.000000 0.000000 0.875118 0.000000 1.000000 0.000000 0.079910 0.000000 0.000000 1.000000 0.206905
1.000000 0.000000 0.000000 1.022953 0.000000 1.000000 0.000000 0.046368 0.000000 0.000000 1.000000 0.220396
1.000000 0.000000 0.000000 1.142540 0.000000 1.000000 0.000000 0.052992 0.000000 0.000000 1.000000 0.212793
1.000000 0.000000 0.000000 1.323389 0.000000 1.000000 0.000000 0.039462 0.000000 0.000000 1.000000 0.205393
1.000000 0.000000 0.000000 1.470937 0.000000 1.000000 0.000000 0.050596 0.000000 0.000000 1.000000 0.193882
1.000000 0.000000 0.000000 1.628714 0.000000 1.000000 0.000000 0.005215 0.000000 0.000000 1.000000 0.167406
1.000000 0.000000 0.000000 1.752373 0.000000 1.000000 0.000000 0.010570 0.000000 0.000000 1.000000 0.215816
1.000000 0.000000 0.000000 1.901332 0.000000 1.000000 0.000000 -0.002255 0.000000 0.000000 1.000000 0.225311
0.994608 0.006869 0.103475 2.053249 0.007183 -0.999971 -0.002662 -0.045522 0.103453 0.003391 -0.994629 0.235815
0.997404 0.014410 0.070555 2.162489 0.013609 -0.999838 0.011820 -0.069340 0.070714 -0.010830 -0.997438 0.223177
0.997342 -0.000090 0.072868 2.272806 0.000023 -0.999999 -0.001556 -0.122332 0.072868 0.001554 -0.997340 0.220544
0.984525 -0.096116 0.146531 2.433728 -0.100097 -0.994776 0.020027 -0.180256 0.143841 -0.034384 -0.989003 0.250078
0.986295 -0.117478 0.115848 2.590844 -0.120339 -0.992570 0.018000 -0.239589 0.112873 -0.031694 -0.993104 0.255599
0.982726 -0.141086 0.119766 2.708908 -0.143610 -0.989553 0.012664 -0.287507 0.116729 -0.029645 -0.992721 0.260991
0.978455 -0.179470 0.102060 2.838738 -0.181483 -0.983336 0.010720 -0.337821 0.098435 -0.029011 -0.994721 0.234422
0.972738 -0.199620 0.118037 2.978611 -0.200732 -0.979643 -0.002516 -0.378128 0.116136 -0.021246 -0.993006 0.248886
0.968034 -0.244406 0.056363 3.159215 -0.245788 -0.969138 0.018958 -0.439435 0.049990 -0.032205 -0.998230 0.259486
0.953695 -0.298469 0.037191 3.274242 -0.298166 -0.954418 -0.013562 -0.481152 0.039544 0.001845 -0.999216 0.287867
0.942088 -0.332530 0.043524 3.405235 -0.332791 -0.943000 -0.001314 -0.517372 0.041480 -0.013247 -0.999052 0.301302
0.932671 -0.356003 0.058185 3.533191 -0.353891 -0.934268 -0.043627 -0.566699 0.069892 0.020099 -0.997352 0.281727
0.930782 -0.360770 0.059070 3.677549 -0.358381 -0.932373 -0.047362 -0.629697 0.072162 0.022914 -0.997130 0.283206
0.930853 -0.362310 0.047367 3.815046 -0.360567 -0.931807 -0.041562 -0.685507 0.059195 0.021609 -0.998013 0.288662
0.934088 -0.353936 0.047004 3.955799 -0.352823 -0.935194 -0.030463 -0.771901 0.054740 0.011871 -0.998430 0.317130
0.931676 -0.360972 0.040965 4.066149 -0.359526 -0.932333 -0.038688 -0.837153 0.052158 0.021317 -0.998411 0.304496
0.931926 -0.356463 0.066687 4.175802 -0.355879 -0.934300 -0.020851 -0.904802 0.069738 -0.004301 -0.997556 0.278860
0.931926 -0.356463 0.066687 4.314585 -0.355879 -0.934300 -0.020851 -0.966813 0.069738 -0.004301 -0.997556 0.287320
0.933530 -0.353800 0.057854 4.421630 -0.353110 -0.935321 -0.022085 -1.078575 0.061926 0.000188 -0.998081 0.266676
0.936023 -0.351829 0.008838 4.555608 -0.351803 -0.936064 -0.004359 -1.132271 0.009807 0.000971 -0.999951 0.273120
0.935426 -0.352914 0.020715 4.686551 -0.352832 -0.935656 -0.007599 -1.256857 0.022064 -0.000200 -0.999757 0.301555
0.935357 -0.353521 0.011393 4.803171 -0.353502 -0.935427 -0.003729 -1.350156 0.011976 -0.000540 -0.999928 0.295942
0.922460 -0.386060 0.004945 4.908871 -0.386002 -0.922446 -0.009809 -1.422315 0.008349 0.007139 -0.999940 0.290293
0.922460 -0.386060 0.004945 5.023696 -0.386002 -0.922446 -0.009809 -1.527171 0.008349 0.007139 -0.999940 0.267674
0.912012 -0.410157 -0.002473 5.125517 -0.410073 -0.911666 -0.026534 -1.612436 0.008628 0.025213 -0.999645 0.260012
0.889233 -0.457453 0.001085 5.260872 -0.457306 -0.889003 -0.023355 -1.730680 0.011649 0.020272 -0.999727 0.297461
0.868110 -0.496232 0.011799 5.375079 -0.495708 -0.867933 -0.031083 -1.818906 0.025665 0.021135 -0.999447 0.293840
0.868110 -0.496232 0.011799 5.519407 -0.495708 -0.867933 -0.031083 -1.908963 0.025665 0.021135 -0.999447 0.304320
0.841951 -0.539549 -0.002257 5.600330 -0.539468 -0.841734 -0.021424 -1.978444 0.009660 0.019256 -0.999768 0.291588
0.803560 -0.595224 -0.000090 5.729182 -0.595203 -0.803532 0.008392 -2.035241 -0.005067 -0.006690 -0.999965 0.281016
0.794349 -0.607386 0.009577 5.871193 -0.607401 -0.793949 0.026637 -2.115432 -0.008576 -0.026976 -0.999599 0.320487
0.778276 -0.627687 0.017168 6.001232 -0.627629 -0.778457 -0.009280 -2.196470 0.019189 -0.003553 -0.999810 0.286919
0.773468 -0.633330 0.025323 6.139456 -0.633222 -0.773860 -0.013105 -2.276803 0.027896 -0.005898 -0.999593 0.296378
0.773468 -0.633330 0.025323 6.272720 -0.633222 -0.773860 -0.013105 -2.340646 0.027896 -0.005898 -0.999593 0.294820
0.772399 -0.635113 0.005616 6.416153 -0.635133 -0.772329 0.010677 -2.403926 -0.002444 -0.011813 -0.999927 0.296296
0.770128 -0.637794 0.011010 6.537283 -0.637829 -0.770178 -0.000412 -2.481581 0.008742 -0.006706 -0.999939 0.325698
0.774376 -0.632270 0.023994 6.654273 -0.631690 -0.774721 -0.027826 -2.555572 0.036182 0.006391 -0.999325 0.320087
0.796187 -0.604600 0.023342 6.783525 -0.603762 -0.796417 -0.034521 -2.649434 0.039461 0.013393 -0.999131 0.300516
0.820367 -0.570861 0.033414 6.932292 -0.569629 -0.820933 -0.039898 -2.724553 0.050207 0.013698 -0.998645 0.312010
0.851937 -0.523638 0.002456 7.031300 -0.523006 -0.851121 -0.045372 -2.807563 0.025849 0.037370 -0.998967 0.259338
0.857868 -0.513826 0.006735 7.181977 -0.513362 -0.857529 -0.033219 -2.911855 0.022844 0.025040 -0.999425 0.308839
0.857868 -0.513826 0.006735 7.289743 -0.513362 -0.857529 -0.033219 -3.016570 0.022844 0.025040 -0.999425 0.294196
0.860583 -0.508982 -0.018286 7.377177 -0.509303 -0.860210 -0.025484 -3.117761 -0.002759 0.031244 -0.999508 0.271486
0.860518 -0.509378 -0.006546 7.473191 -0.509379 -0.860214 -0.023762 -3.204858 0.006473 0.023782 -0.999696 0.228805
0.858058 -0.513524 -0.005448 7.614710 -0.513500 -0.857769 -0.023445 -3.311264 0.007366 0.022915 -0.999710 0.249275
0.860835 -0.508860 -0.005050 7.764465 -0.508839 -0.860582 -0.021944 -3.417952 0.006820 0.021460 -0.999746 0.297772
0.860835 -0.508860 -0.005050 7.845427 -0.508839 -0.860582 -0.021944 -3.494620 0.006820 0.021460 -0.999746 0.273041
0.857774 -0.513980 0.006942 7.967133 -0.513934 -0.857797 -0.007424 -3.566356 0.009771 0.002800 -0.999948 0.296445
0.858311 -0.513011 -0.011039 8.082573 -0.513068 -0.858343 -0.002910 -3.695170 -0.007982 0.008162 -0.999935 0.311829
0.855530 -0.517736 0.004238 8.211653 -0.517724 -0.855540 -0.003491 -3.760282 0.005434 0.000793 -0.999985 0.288257
0.851219 -0.524759 0.007365 8.265102 -0.524467 -0.851086 -0.024244 -3.879654 0.018990 0.016775 -0.999679 0.244434
0.851219 -0.524759 0.007365 8.337051 -0.524467 -0.851086 -0.024244 -3.965483 0.018990 0.016775 -0.999679 0.258673
0.842272 -0.539001 0.007453 8.512823 -0.538960 -0.842303 -0.006908 -4.064560 0.010001 0.001802 -0.999948 0.275257
0.825499 -0.564397 0.002619 8.635134 -0.564305 -0.825434 -0.014774 -4.172375 0.010500 0.010718 -0.999887 0.283663
0.794926 -0.606658 0.007689 8.758519 -0.606454 -0.794897 -0.018772 -4.270325 0.017500 0.010259 -0.999794 0.303073
0.794926 -0.606658 0.007689 8.878725 -0.606454 -0.794897 -0.018772 -4.362496 0.017500 0.010259 -0.999794 0.276472
0.781371 -0.623983 0.010224 8.995688 -0.623071 -0.780944 -0.043687 -4.456500 0.035244 0.027766 -0.998993 0.278860
0.764250 -0.644774 0.013736 9.117411 -0.643993 -0.764120 -0.037333 -4.567697 0.034567 0.019686 -0.999208 0.297264
0.764671 -0.644369 0.008180 9.227351 -0.643553 -0.764238 -0.042186 -4.659305 0.033435 0.026994 -0.999076 0.296629
0.765329 -0.643278 0.021574 9.322829 -0.642132 -0.765400 -0.042770 -4.773603 0.044025 0.018880 -0.998852 0.303946
0.765329 -0.643278 0.021574 9.423452 -0.642132 -0.765400 -0.042770 -4.882968 0.044025 0.018880 -0.998852 0.322281
0.761608 -0.648007 -0.006337 9.496334 -0.647983 -0.761380 -0.020461 -4.978522 0.008434 0.019690 -0.999771 0.278523
0.761309 -0.648354 0.006815 9.616696 -0.648240 -0.761317 -0.013457 -5.090001 0.013913 0.005827 -0.999886 0.260922
0.761309 -0.648354 0.006815 9.762082 -0.648240 -0.761317 -0.013457 -5.222621 0.013913 0.005827 -0.999886 0.287405
0.759491 -0.650424 0.011051 9.834160 -0.650417 -0.759562 -0.004717 -5.322403 0.011462 -0.003606 -0.999928 0.262644
0.758820 -0.651128 -0.015028 9.927074 -0.651300 -0.758570 -0.019496 -5.395689 0.001295 0.024582 -0.999697 0.261953
0.758820 -0.651128 -0.015028 10.037939 -0.651300 -0.758570 -0.019496 -5.541415 0.001295 0.024582 -0.999697 0.261321
0.757143 -0.653112 -0.013361 10.158253 -0.653248 -0.756955 -0.016913 -5.658109 0.000932 0.021534 -0.999768 0.313721
0.755190 -0.655010 -0.025500 10.245115 -0.655403 -0.755190 -0.011655 -5.783682 -0.011623 0.025514 -0.999607 0.296009
0.755190 -0.655010 -0.025500 10.371299 -0.655403 -0.755190 -0.011655 -5.877826 -0.011623 0.025514 -0.999607 0.364429
0.755180 -0.655512 -0.002712 10.433546 -0.655508 -0.755140 -0.008537 -5.958300 0.003549 0.008225 -0.999960 0.290635
0.752764 -0.658281 0.003539 10.541358 -0.658258 -0.752769 -0.005963 -6.077249 0.006589 0.002160 -0.999976 0.261993
0.752764 -0.658281 0.003539 10.676295 -0.658258 -0.752769 -0.005963 -6.194084 0.006589 0.002160 -0.999976 0.258441
0.749703 -0.661617 0.014412 10.774661 -0.661699 -0.749769 0.001273 -6.310073 0.009963 -0.010490 -0.999895 0.231767
0.742265 -0.669685 0.023766 10.861444 -0.669359 -0.742645 -0.020898 -6.404077 0.031645 -0.000396 -0.999499 0.238056
0.742265 -0.669685 0.023766 10.950946 -0.669359 -0.742645 -0.020898 -6.529649 0.031645 -0.000396 -0.999499 0.261353
0.737169 -0.675708 -0.000421 11.076244 -0.675699 -0.737156 -0.005633 -6.628304 0.003496 0.004437 -0.999984 0.317769
0.733790 -0.679352 -0.005759 11.184363 -0.678983 -0.733050 -0.040243 -6.744857 0.023117 0.033440 -0.999173 0.308128
0.728570 -0.684492 -0.025611 11.274527 -0.684893 -0.727414 -0.042320 -6.867329 0.010338 0.048374 -0.998776 0.299428
0.728570 -0.684492 -0.025611 11.385029 -0.684893 -0.727414 -0.042320 -6.970352 0.010338 0.048374 -0.998776 0.296795
0.718516 -0.694646 -0.034681 11.449760 -0.695501 -0.717342 -0.041231 -7.040819 0.003762 0.053746 -0.998548 0.311010
0.718516 -0.694646 -0.034681 11.602814 -0.695501 -0.717342 -0.041231 -7.178512 0.003762 0.053746 -0.998548 0.313518
0.709859 -0.703749 -0.028935 11.726179 -0.704223 -0.708376 -0.047689 -7.279563 0.013065 0.054229 -0.998443 0.338928
0.708765 -0.705391 -0.008644 11.809776 -0.704727 -0.707440 -0.053748 -7.390337 0.031798 0.044187 -0.998517 0.301206
0.708765 -0.705391 -0.008644 11.894546 -0.704727 -0.707440 -0.053748 -7.499562 0.031798 0.044187 -0.998517 0.300487
0.691885 -0.720562 -0.045681 12.015260 -0.721349 -0.692571 -0.001094 -7.596243 -0.030850 0.033709 -0.998955 0.343888
0.691885 -0.720562 -0.045681 12.091962 -0.721349 -0.692571 -0.001094 -7.719983 -0.030850 0.033709 -0.998955 0.320143
0.686441 -0.727171 -0.004475 12.222070 -0.726124 -0.685094 -0.058218 -7.843160 0.039269 0.043213 -0.998294 0.321575
0.678908 -0.734137 -0.011272 12.312415 -0.733445 -0.677401 -0.056457 -7.961545 0.033811 0.046596 -0.998341 0.313875
0.678908 -0.734137 -0.011272 12.425320 -0.733445 -0.677401 -0.056457 -8.053576 0.033811 0.046596 -0.998341 0.312250
0.672795 -0.739817 -0.004200 12.529199 -0.738176 -0.670901 -0.070626 -8.162236 0.049433 0.050618 -0.997494 0.297595
0.667029 -0.744916 -0.013160 12.623613 -0.744262 -0.665432 -0.057222 -8.262582 0.033869 0.047963 -0.998275 0.290909
0.667029 -0.744916 -0.013160 12.709552 -0.744262 -0.665432 -0.057222 -8.394919 0.033869 0.047963 -0.998275 0.328194
0.664538 -0.747173 -0.011070 12.814152 -0.747158 -0.664139 -0.025972 -8.507244 0.012054 0.025531 -0.999601 0.319542
0.664538 -0.747173 -0.011070 12.901324 -0.747158 -0.664139 -0.025972 -8.613368 0.012054 0.025531 -0.999601 0.319831
0.673892 -0.738699 -0.013903 13.029651 -0.738828 -0.673724 -0.015150 -8.703707 0.001824 0.020481 -0.999789 0.300258
0.673892 -0.738699 -0.013903 13.130519 -0.738828 -0.673724 -0.015150 -8.821105 0.001824 0.020481 -0.999789 0.300593
0.677685 -0.735212 0.014376 13.238047 -0.734694 -0.677776 -0.029063 -8.924410 0.031112 0.009134 -0.999474 0.301950
0.675112 -0.737712 -0.002041 13.324687 -0.737588 -0.674942 -0.020435 -9.024615 0.013697 0.015301 -0.999789 0.295238
0.675112 -0.737712 -0.002041 13.484242 -0.737588 -0.674942 -0.020435 -9.131020 0.013697 0.015301 -0.999789 0.290768
0.675112 -0.737712 -0.002041 13.565594 -0.737588 -0.674942 -0.020435 -9.229393 0.013697 0.015301 -0.999789 0.316038
0.675159 -0.737670 -0.001903 13.669500 -0.737408 -0.674845 -0.028539 -9.341013 0.019768 0.020672 -0.999591 0.293383
0.672849 -0.739575 -0.017388 13.757489 -0.739752 -0.672437 -0.024403 -9.454747 0.006356 0.029282 -0.999551 0.270675
0.672849 -0.739575 -0.017388 13.880716 -0.739752 -0.672437 -0.024403 -9.522255 0.006356 0.029282 -0.999551 0.282085
0.672849 -0.739575 -0.017388 14.009349 -0.739752 -0.672437 -0.024403 -9.635566 0.006356 0.029282 -0.999551 0.281512
0.681180 -0.732094 -0.005639 14.129661 -0.731573 -0.680358 -0.043746 -9.690249 0.028190 0.033925 -0.999027 0.278911
0.681180 -0.732094 -0.005639 14.228341 -0.731573 -0.680358 -0.043746 -9.747468 0.028190 0.033925 -0.999027 0.269239
0.691817 -0.721938 -0.013967 14.333446 -0.721886 -0.691069 -0.036105 -9.770581 0.016414 0.035061 -0.999250 0.275588
0.685670 -0.727891 0.005616 14.456362 -0.727827 -0.685687 -0.010027 -9.814694 0.011149 0.002787 -0.999934 0.268996
0.685670 -0.727891 0.005616 14.606236 -0.727827 -0.685687 -0.010027 -9.823431 0.011149 0.002787 -0.999934 0.281494
0.684940 -0.728600 -0.000149 14.707739 -0.728432 -0.684778 -0.021595 -9.832451 0.015632 0.014900 -0.999767 0.257831
0.684940 -0.728600 -0.000149 14.852798 -0.728432 -0.684778 -0.021595 -9.819767 0.015632 0.014900 -0.999767 0.271313
0.685839 -0.727752 -0.001075 14.969276 -0.727664 -0.685731 -0.016664 -9.821881 0.011390 0.012211 -0.999861 0.252700
0.689807 -0.723926 -0.009880 15.142153 -0.723945 -0.689540 -0.020916 -9.763252 0.008328 0.021581 -0.999732 0.249273
0.689807 -0.723926 -0.009880 15.240583 -0.723945 -0.689540 -0.020916 -9.760433 0.008328 0.021581 -0.999732 0.203600
0.691248 -0.722340 -0.020033 15.381888 -0.722531 -0.691329 -0.003699 -9.722239 -0.011177 0.017031 -0.999792 0.177069
0.691248 -0.722340 -0.020033 15.505484 -0.722531 -0.691329 -0.003699 -9.689824 -0.011177 0.017031 -0.999792 0.188480
0.685402 -0.728102 -0.009545 15.659328 -0.728106 -0.685122 -0.021678 -9.686723 0.009244 0.021808 -0.999719 0.175990
0.685402 -0.728102 -0.009545 15.819359 -0.728106 -0.685122 -0.021678 -9.629363 0.009244 0.021808 -0.999719 0.195522
0.681377 -0.731915 0.005103 15.935913 -0.731456 -0.681168 -0.031332 -9.672207 0.026409 0.017616 -0.999496 0.153909
0.681377 -0.731915 0.005103 16.052754 -0.731456 -0.681168 -0.031332 -9.612028 0.026409 0.017616 -0.999496 0.137297
0.679416 -0.733735 0.005157 16.251880 -0.733378 -0.679276 -0.027196 -9.635000 0.023458 0.014696 -0.999617 0.143958
0.679416 -0.733735 0.005157 16.455116 -0.733378 -0.679276 -0.027196 -9.601175 0.023458 0.014696 -0.999617 0.194633
0.679035 -0.733869 -0.018624 16.625594 -0.734105 -0.678835 -0.016489 -9.579048 -0.000542 0.024869 -0.999691 0.133199
0.681674 -0.731312 -0.022437 16.761184 -0.731507 -0.680594 -0.041099 -9.559176 0.014786 0.044429 -0.998903 0.155649
0.681674 -0.731312 -0.022437 16.946235 -0.731507 -0.680594 -0.041099 -9.525210 0.014786 0.044429 -0.998903 0.276264
0.677386 -0.735276 -0.022725 17.003585 -0.735617 -0.676884 -0.026381 -9.511822 0.004015 0.034587 -0.999394 0.172454
0.677386 -0.735276 -0.022725 17.079973 -0.735617 -0.676884 -0.026381 -9.483917 0.004015 0.034587 -0.999394 0.131708
0.674632 -0.738106 -0.008500 17.308662 -0.738150 -0.674544 -0.011138 -9.483212 0.002488 0.013788 -0.999902 0.153467
0.674632 -0.738106 -0.008500 17.515035 -0.738150 -0.674544 -0.011138 -9.481943 0.002488 0.013788 -0.999902 0.151153
0.677849 -0.735168 -0.007058 17.593208 -0.735200 -0.677797 -0.008476 -9.455870 0.001447 0.010934 -0.999939 0.130412
0.677849 -0.735168 -0.007058 17.806505 -0.735200 -0.677797 -0.008476 -9.440649 0.001447 0.010934 -0.999939 0.161121
0.677849 -0.735168 -0.007058 17.900968 -0.735200 -0.677797 -0.008476 -9.393013 0.001447 0.010934 -0.999939 0.139434
0.704699 -0.709267 -0.018428 18.065470 -0.709024 -0.704940 0.018555 -9.436843 -0.026151 -0.000010 -0.999658 0.149981
0.704699 -0.709267 -0.018428 18.270406 -0.709024 -0.704940 0.018555 -9.391321 -0.026151 -0.000010 -0.999658 0.134661
0.726977 -0.685993 0.030301 18.357575 -0.686188 -0.727407 -0.005065 -9.404851 0.025515 -0.017110 -0.999528 0.135951
0.726977 -0.685993 0.030301 18.415264 -0.686188 -0.727407 -0.005065 -9.451641 0.025515 -0.017110 -0.999528 0.097142
0.725902 -0.687793 0.002838 18.559140 -0.687765 -0.725901 -0.006787 -9.442057 0.006728 0.002975 -0.999973 0.076620
0.725902 -0.687793 0.002838 18.694536 -0.687765 -0.725901 -0.006787 -9.477995 0.006728 0.002975 -0.999973 0.046069
0.758423 -0.650948 -0.032581 18.937709 -0.651501 -0.758587 -0.009603 -9.513652 -0.018464 0.028510 -0.999423 0.108877
0.758423 -0.650948 -0.032581 19.071813 -0.651501 -0.758587 -0.009603 -9.522812 -0.018464 0.028510 -0.999423 0.077323
0.805059 -0.593145 -0.007668 19.206040 -0.592989 -0.804372 -0.036737 -9.547617 0.015622 0.034123 -0.999296 0.008768
0.805059 -0.593145 -0.007668 19.362234 -0.592989 -0.804372 -0.036737 -9.549026 0.015622 0.034123 -0.999296 -0.042713
0.805059 -0.593145 -0.007668 19.555998 -0.592989 -0.804372 -0.036737 -9.544797 0.015622 0.034123 -0.999296 0.017930
0.867413 -0.497264 -0.017954 19.733025 -0.497588 -0.866917 -0.029347 -9.536341 -0.000972 0.034390 -0.999408 0.046519
0.867413 -0.497264 -0.017954 19.853002 -0.497588 -0.866917 -0.029347 -9.556213 -0.000972 0.034390 -0.999408 0.088917
0.931083 -0.363650 -0.029018 20.024484 -0.364102 -0.931281 -0.012021 -9.491523 -0.022652 0.021759 -0.999507 0.115487
0.931083 -0.363650 -0.029018 20.173431 -0.364102 -0.931281 -0.012021 -9.498288 -0.022652 0.021759 -0.999507 0.072981
0.971545 -0.236722 -0.007956 20.310703 -0.236809 -0.971471 -0.012865 -9.477993 -0.004684 0.014383 -0.999886 0.090437
0.971545 -0.236722 -0.007956 20.431070 -0.236809 -0.971471 -0.012865 -9.435431 -0.004684 0.014383 -0.999886 0.126837
0.993862 -0.102797 -0.040876 20.570426 -0.103410 -0.994552 -0.013159 -9.414432 -0.039301 0.017306 -0.999078 0.074300
0.999183 0.032005 -0.024696 20.720376 0.031854 -0.999472 -0.006476 -9.393432 -0.024891 0.005684 -0.999674 0.063798
0.999183 0.032005 -0.024696 20.871216 0.031854 -0.999472 -0.006476 -9.369191 -0.024891 0.005684 -0.999674 0.064299
0.989585 0.143825 -0.005943 21.021332 0.143798 -0.989595 -0.004810 -9.359044 -0.006573 0.003905 -0.999971 0.059798
0.989585 0.143825 -0.005943 21.155504 0.143798 -0.989595 -0.004810 -9.318736 -0.006573 0.003905 -0.999971 0.063243
0.984112 0.175829 -0.024669 21.266959 0.175630 -0.984405 -0.010060 -9.303515 -0.026053 0.005568 -0.999645 -0.003387
0.984112 0.175829 -0.024669 21.405540 0.175630 -0.984405 -0.010060 -9.288717 -0.026053 0.005568 -0.999645 0.010073
0.984771 0.164316 -0.056794 21.574346 0.163886 -0.986404 -0.012170 -9.260812 -0.058022 0.002676 -0.998312 0.006634
0.984771 0.164316 -0.056794 21.723186 0.163886 -0.986404 -0.012170 -9.243054 -0.058022 0.002676 -0.998312 -0.003872
0.987753 0.154697 -0.020306 21.858231 0.154435 -0.987905 -0.013912 -9.205988 -0.022213 0.010606 -0.999697 -0.040423
0.987753 0.154697 -0.020306 22.045309 0.154435 -0.987905 -0.013912 -9.180056 -0.022213 0.010606 -0.999697 0.027198
0.990336 0.125965 -0.058030 22.211767 0.123858 -0.991550 -0.038580 -9.154828 -0.062399 0.031020 -0.997569 0.061752
0.990336 0.125965 -0.058030 22.347360 0.123858 -0.991550 -0.038580 -9.133970 -0.062399 0.031020 -0.997569 0.083202
0.989372 0.107171 -0.098277 22.508365 0.105409 -0.994164 -0.022965 -9.095212 -0.100164 0.012361 -0.994894 0.143737
0.989372 0.107171 -0.098277 22.606304 0.105409 -0.994164 -0.022965 -9.068012 -0.100164 0.012361 -0.994894 0.023062
0.989739 0.142810 0.004713 22.768333 0.142802 -0.989749 0.001919 -9.047435 0.004938 -0.001226 -0.999987 0.053600
0.989343 0.143310 -0.025762 22.914919 0.143171 -0.989672 -0.007141 -9.018121 -0.026520 0.003377 -0.999643 0.053087
0.989343 0.143310 -0.025762 23.038555 0.143171 -0.989672 -0.007141 -8.990075 -0.026520 0.003377 -0.999643 0.052498
0.989704 0.142873 -0.008591 23.188635 0.142886 -0.989739 0.000952 -8.965834 -0.008367 -0.002170 -0.999963 0.058996
0.989704 0.142873 -0.008591 23.403124 0.142886 -0.989739 0.000952 -8.955968 -0.008367 -0.002170 -0.999963 0.120709
0.989704 0.142873 -0.008591 23.470864 0.142886 -0.989739 0.000952 -8.934969 -0.008367 -0.002170 -0.999963 0.064934
0.991549 0.117583 -0.054807 23.608314 0.117116 -0.993050 -0.011665 -8.894943 -0.055798 0.005148 -0.998429 0.084391
0.991549 0.117583 -0.054807 23.806120 0.117116 -0.993050 -0.011665 -8.893110 -0.055798 0.005148 -0.998429 0.154048
0.997155 0.075357 0.001687 23.954018 0.075372 -0.997085 -0.011817 -8.855763 0.000792 0.011911 -0.999929 0.148539
0.997155 0.075357 0.001687 24.076842 0.075372 -0.997085 -0.011817 -8.833918 0.000792 0.011911 -0.999929 0.113947
0.997155 0.075357 0.001687 24.206027 0.075372 -0.997085 -0.011817 -8.822502 0.000792 0.011911 -0.999929 0.114376
0.996916 0.078020 -0.008421 24.332001 0.078059 -0.996939 0.004446 -8.780081 -0.008048 -0.005090 -0.999955 0.022794
0.996916 0.078020 -0.008421 24.498441 0.078059 -0.996939 0.004446 -8.747947 -0.008048 -0.005090 -0.999955 0.007347
0.997727 0.066687 -0.009707 24.650552 0.067018 -0.996986 0.039095 -8.729766 -0.007070 -0.039657 -0.999188 0.070853
0.997727 0.066687 -0.009707 24.760523 0.067018 -0.996986 0.039095 -8.686077 -0.007070 -0.039657 -0.999188 0.005218
0.997727 0.066687 -0.009707 24.912978 0.067018 -0.996986 0.039095 -8.638863 -0.007070 -0.039657 -0.999188 0.020724
0.998424 0.027722 -0.048796 25.052940 0.028286 -0.999540 0.010916 -8.621810 -0.048471 -0.012279 -0.998749 0.064189
0.998424 0.027722 -0.048796 25.210038 0.028286 -0.999540 0.010916 -8.558107 -0.048471 -0.012279 -0.998749 0.130712
0.996857 -0.073895 -0.028544 25.326283 -0.073349 -0.997111 0.019718 -8.559940 -0.029919 -0.017562 -0.999398 0.015097
0.996857 -0.073895 -0.028544 25.497480 -0.073349 -0.997111 0.019718 -8.480170 -0.029919 -0.017562 -0.999398 0.071666
0.996857 -0.073895 -0.028544 25.610991 -0.073349 -0.997111 0.019718 -8.469882 -0.029919 -0.017562 -0.999398 -0.000957
0.985994 -0.121613 -0.114136 25.741528 -0.118619 -0.992401 0.032693 -8.438172 -0.117244 -0.018696 -0.992927 0.038477
0.985994 -0.121613 -0.114136 25.876728 -0.118619 -0.992401 0.032693 -8.397723 -0.117244 -0.018696 -0.992927 0.010926
0.993132 -0.107323 -0.046589 26.068810 -0.107358 -0.994219 0.001775 -8.365872 -0.046510 0.003239 -0.998913 0.076564
0.993132 -0.107323 -0.046589 26.169774 -0.107358 -0.994219 0.001775 -8.333598 -0.046510 0.003239 -0.998913 0.047899
0.998862 -0.043700 0.019103 26.297926 -0.043322 -0.998865 -0.019804 -8.294700 0.019946 0.018954 -0.999621 -0.030675
0.998862 -0.043700 0.019103 26.413786 -0.043322 -0.998865 -0.019804 -8.233675 0.019946 0.018954 -0.999621 -0.030290
0.999363 0.035464 -0.003937 26.512169 0.035263 -0.998455 -0.042948 -8.178711 -0.005454 0.042781 -0.999070 -0.061964
0.999363 0.035464 -0.003937 26.647839 0.035263 -0.998455 -0.042948 -8.113740 -0.005454 0.042781 -0.999070 -0.063513
0.996344 0.073291 0.043901 26.808537 0.076412 -0.994309 -0.074240 -8.064131 0.038210 0.077324 -0.996274 -0.077979
0.996344 0.073291 0.043901 26.899671 0.076412 -0.994309 -0.074240 -8.010716 0.038210 0.077324 -0.996274 -0.044676
0.994783 0.096780 -0.032262 27.086118 0.093607 -0.991668 -0.088504 -7.936444 -0.040559 0.085022 -0.995553 -0.010057
0.994783 0.096780 -0.032262 27.241766 0.093607 -0.991668 -0.088504 -7.836239 -0.040559 0.085022 -0.995553 -0.008540
0.994049 0.108903 0.002714 27.355567 0.108835 -0.991728 -0.068047 -7.796354 -0.004719 0.067938 -0.997678 -0.001162
0.994049 0.108903 0.002714 27.480668 0.108835 -0.991728 -0.068047 -7.706156 -0.004719 0.067938 -0.997678 -0.052746
0.993489 0.113757 -0.006231 27.636874 0.113431 -0.992777 -0.039075 -7.658520 -0.010631 0.038114 -0.999217 0.003773
0.993489 0.113757 -0.006231 27.743030 0.113431 -0.992777 -0.039075 -7.541122 -0.010631 0.038114 -0.999217 -0.027875
0.989546 0.116785 -0.084610 27.884192 0.114644 -0.992961 -0.029762 -7.478406 -0.087490 0.019751 -0.995970 -0.011406
0.989546 0.116785 -0.084610 27.951407 0.114644 -0.992961 -0.029762 -7.365517 -0.087490 0.019751 -0.995970 -0.076183
0.990721 0.135398 -0.011809 28.047004 0.134980 -0.990364 -0.030974 -7.335075 -0.015889 0.029092 -0.999450 -0.104865
0.990721 0.135398 -0.011809 28.224831 0.134980 -0.990364 -0.030974 -7.216126 -0.015889 0.029092 -0.999450 -0.038274
0.988510 0.150981 0.007331 28.323644 0.151143 -0.987937 -0.033695 -7.137062 0.002156 0.034416 -0.999405 -0.087946
0.988510 0.150981 0.007331 28.347192 0.151143 -0.987937 -0.033695 -7.086326 0.002156 0.034416 -0.999405 -0.100868
0.984125 0.176567 0.017930 28.569922 0.177054 -0.983722 -0.030692 -6.905225 0.012219 0.033379 -0.999368 -0.124128
0.984125 0.176567 0.017930 28.793725 0.177054 -0.983722 -0.030692 -6.843354 0.012219 0.033379 -0.999368 -0.080385
0.985221 0.170463 -0.016787 28.775627 0.169454 -0.984285 -0.049687 -6.791631 -0.024993 0.046108 -0.998624 -0.092445
0.985221 0.170463 -0.016787 28.928004 0.169454 -0.984285 -0.049687 -6.654784 -0.024993 0.046108 -0.998624 -0.108939
0.985626 0.168865 -0.004994 28.973308 0.168538 -0.984893 -0.039747 -6.570364 -0.011630 0.038334 -0.999197 -0.096788
0.985626 0.168865 -0.004994 29.006303 0.168538 -0.984893 -0.039747 -6.451415 -0.011630 0.038334 -0.999197 -0.167679
0.986758 0.162158 0.003617 29.055990 0.162165 -0.985865 -0.042112 -6.387854 -0.003263 0.042141 -0.999106 -0.137514
0.986758 0.162158 0.003617 29.092322 0.162165 -0.985865 -0.042112 -6.331903 -0.003263 0.042141 -0.999106 -0.154393
0.986454 0.161968 0.025957 29.160843 0.162867 -0.985940 -0.037378 -6.142910 0.019538 0.041099 -0.998964 -0.111166
0.986454 0.161968 0.025957 29.186790 0.162867 -0.985940 -0.037378 -6.035799 0.019538 0.041099 -0.998964 -0.122080
0.987047 0.160266 0.007308 29.175680 0.160418 -0.986545 -0.031529 -5.894724 0.002156 0.032293 -0.999476 -0.176117
0.987047 0.160266 0.007308 29.142046 0.160418 -0.986545 -0.031529 -5.751112 0.002156 0.032293 -0.999476 -0.247229
0.987047 0.160266 0.007308 29.219395 0.160418 -0.986545 -0.031529 -5.596507 0.002156 0.032293 -0.999476 -0.186972
0.987978 0.152993 -0.022214 29.205824 0.152402 -0.987970 -0.026241 -5.454868 -0.025962 0.022540 -0.999409 -0.169017
0.987978 0.152993 -0.022214 29.220389 0.152402 -0.987970 -0.026241 -5.312101 -0.025962 0.022540 -0.999409 -0.151969
0.987260 0.156349 -0.029524 29.220971 0.155757 -0.987563 -0.021405 -5.169475 -0.032503 0.016534 -0.999335 -0.159967
0.987260 0.156349 -0.029524 29.212252 0.155757 -0.987563 -0.021405 -5.027414 -0.032503 0.016534 -0.999335 -0.153996
0.987260 0.156349 -0.029524 29.199431 0.155757 -0.987563 -0.021405 -4.873654 -0.032503 0.016534 -0.999335 -0.139039
0.988068 0.153698 0.009950 29.179866 0.153752 -0.988097 -0.004979 -4.731310 0.009067 0.006449 -0.999938 -0.155104
0.988068 0.153698 0.009950 29.127403 0.153752 -0.988097 -0.004979 -4.572477 0.009067 0.006449 -0.999938 -0.185279
0.988698 0.148753 -0.018654 29.140042 0.148326 -0.988682 -0.022517 -4.413362 -0.021792 0.019496 -0.999572 -0.201237
0.988698 0.148753 -0.018654 29.150086 0.148326 -0.988682 -0.022517 -4.300897 -0.021792 0.019496 -0.999572 -0.216203
0.986554 0.157257 0.044518 29.165847 0.158794 -0.986747 -0.033382 -4.169405 0.038679 0.040002 -0.998451 -0.225151
0.986554 0.157257 0.044518 29.184354 0.158794 -0.986747 -0.033382 -4.004089 0.038679 0.040002 -0.998451 -0.169090
0.986770 0.160739 -0.021178 29.207225 0.159494 -0.985871 -0.051189 -3.870060 -0.029107 0.047134 -0.998464 -0.201014
0.986784 0.161563 -0.012428 29.235409 0.160695 -0.985572 -0.053146 -3.718555 -0.020835 0.050446 -0.998509 -0.160920
0.986784 0.161563 -0.012428 29.240126 0.160695 -0.985572 -0.053146 -3.576071 -0.020835 0.050446 -0.998509 -0.187905
0.986683 0.161148 -0.022081 29.256747 0.159899 -0.985872 -0.049888 -3.427244 -0.029808 0.045693 -0.998511 -0.232850
0.986683 0.161148 -0.022081 29.271167 0.159899 -0.985872 -0.049888 -3.278417 -0.029808 0.045693 -0.998511 -0.227802
0.982635 0.183743 -0.025833 29.311121 0.182364 -0.982046 -0.048266 -3.127194 -0.034237 0.042717 -0.998500 -0.220669
0.982635 0.183743 -0.025833 29.329308 0.182364 -0.982046 -0.048266 -2.984710 -0.034237 0.042717 -0.998500 -0.235609
0.976285 0.216187 -0.011465 29.351651 0.215296 -0.975092 -0.053319 -2.870835 -0.022707 0.049586 -0.998512 -0.275535
0.976285 0.216187 -0.011465 29.377475 0.215296 -0.975092 -0.053319 -2.724686 -0.022707 0.049586 -0.998512 -0.249449
0.971250 0.237975 0.006418 29.420492 0.237956 -0.969666 -0.055904 -2.556974 -0.007080 0.055824 -0.998416 -0.217306
0.971250 0.237975 0.006418 29.452084 0.237956 -0.969666 -0.055904 -2.415475 -0.007080 0.055824 -0.998416 -0.200201
0.970179 0.242379 0.002139 29.481704 0.242023 -0.968194 -0.063450 -2.267917 -0.013308 0.062076 -0.997983 -0.202103
0.970179 0.242379 0.002139 29.505351 0.242023 -0.968194 -0.063450 -2.146432 -0.013308 0.062076 -0.997983 -0.245024
0.971744 0.234990 -0.022198 29.526474 0.232664 -0.969456 -0.077602 -1.998309 -0.039756 0.070244 -0.996737 -0.251954
0.971744 0.234990 -0.022198 29.545487 0.232664 -0.969456 -0.077602 -1.847087 -0.039756 0.070244 -0.996737 -0.236891
0.971050 0.234025 -0.047896 29.548769 0.231544 -0.971426 -0.052139 -1.691213 -0.058729 0.039539 -0.997491 -0.277880
0.971050 0.234025 -0.047896 29.572840 0.231544 -0.971426 -0.052139 -1.560426 -0.058729 0.039539 -0.997491 -0.280800
0.971203 0.236960 -0.024798 29.603166 0.236063 -0.971128 -0.034423 -1.441055 -0.032239 0.027578 -0.999100 -0.272700
0.971203 0.236960 -0.024798 29.620570 0.236063 -0.971128 -0.034423 -1.298570 -0.032239 0.027578 -0.999100 -0.274642
0.971921 0.230616 -0.046746 29.634534 0.228068 -0.972143 -0.054059 -1.167360 -0.057911 0.041880 -0.997443 -0.299596
0.971921 0.230616 -0.046746 29.697411 0.228068 -0.972143 -0.054059 -1.013319 -0.057911 0.041880 -0.997443 -0.284387
0.971921 0.230616 -0.046746 29.693303 0.228068 -0.972143 -0.054059 -0.844056 -0.057911 0.041880 -0.997443 -0.273400
0.970986 0.235043 -0.044044 29.677691 0.232770 -0.971185 -0.051165 -0.675076 -0.054801 0.039429 -0.997719 -0.309452
0.970986 0.235043 -0.044044 29.745739 0.232770 -0.971185 -0.051165 -0.521035 -0.054801 0.039429 -0.997719 -0.235226
0.966496 0.246508 -0.071552 29.758276 0.243788 -0.968799 -0.044678 -0.367557 -0.080333 0.025737 -0.996436 -0.276184
0.966496 0.246508 -0.071552 29.768828 0.243788 -0.968799 -0.044678 -0.224227 -0.080333 0.025737 -0.996436 -0.277149
0.966496 0.246508 -0.071552 29.775809 0.243788 -0.968799 -0.044678 -0.078078 -0.080333 0.025737 -0.996436 -0.317126
0.947125 0.317819 -0.044101 29.844468 0.316401 -0.947932 -0.036267 0.073850 -0.053331 0.020396 -0.998369 -0.203897
0.947125 0.317819 -0.044101 29.842427 0.316401 -0.947932 -0.036267 0.178987 -0.053331 0.020396 -0.998369 -0.257905
0.947125 0.317819 -0.044101 29.844906 0.316401 -0.947932 -0.036267 0.317525 -0.053331 0.020396 -0.998369 -0.279896
0.923569 0.378111 -0.063660 29.859884 0.375688 -0.925556 -0.046958 0.449017 -0.076677 0.019453 -0.996866 -0.275847
0.923569 0.378111 -0.063660 29.871300 0.375688 -0.925556 -0.046958 0.594884 -0.076677 0.019453 -0.996866 -0.313809
0.915742 0.399979 -0.037846 29.886117 0.398780 -0.916358 -0.035528 0.842929 -0.048891 0.017442 -0.998652 -0.316760
0.915742 0.399979 -0.037846 29.873763 0.398780 -0.916358 -0.035528 1.078149 -0.048891 0.017442 -0.998652 -0.330801
0.915742 0.399979 -0.037846 29.731550 0.398780 -0.916358 -0.035528 1.408922 -0.048891 0.017442 -0.998652 -0.365273
0.903166 0.426254 -0.050984 29.880334 0.424864 -0.904537 -0.036092 1.667395 -0.061501 0.010935 -0.998047 -0.191778
0.903166 0.426254 -0.050984 29.802093 0.424864 -0.904537 -0.036092 1.964626 -0.061501 0.010935 -0.998047 -0.262038
0.893396 0.442634 -0.076925 29.773651 0.441353 -0.896695 -0.033862 2.231556 -0.083967 -0.003699 -0.996462 -0.280133
0.893396 0.442634 -0.076925 29.730657 0.441353 -0.896695 -0.033862 2.516525 -0.083967 -0.003699 -0.996462 -0.319276
0.880921 0.470969 -0.046534 29.746721 0.471249 -0.881983 -0.005454 2.779509 -0.043611 -0.017124 -0.998902 -0.252222
0.880921 0.470969 -0.046534 29.696853 0.471249 -0.881983 -0.005454 3.022198 -0.043611 -0.017124 -0.998902 -0.283388
0.873072 0.484366 -0.055987 29.717707 0.485321 -0.874327 0.004043 3.168629 -0.046992 -0.030702 -0.998423 -0.265318
0.873072 0.484366 -0.055987 29.703162 0.485321 -0.874327 0.004043 3.288423 -0.046992 -0.030702 -0.998423 -0.232366
0.857688 0.513164 -0.032157 29.703575 0.513295 -0.858200 -0.004647 3.532099 -0.029982 -0.012521 -0.999472 -0.245365
0.857688 0.513164 -0.032157 29.673405 0.513295 -0.858200 -0.004647 3.820451 -0.029982 -0.012521 -0.999472 -0.300465
0.827657 0.548259 -0.119982 29.597284 0.548373 -0.835499 -0.035046 4.106407 -0.119459 -0.036788 -0.992157 -0.284718
0.827657 0.548259 -0.119982 29.563107 0.548373 -0.835499 -0.035046 4.376719 -0.119459 -0.036788 -0.992157 -0.247831
0.805762 0.591271 -0.033865 29.615316 0.591789 -0.806062 0.007090 4.631106 -0.023106 -0.025754 -0.999401 -0.252658
0.805762 0.591271 -0.033865 29.532289 0.591789 -0.806062 0.007090 4.917485 -0.023106 -0.025754 -0.999401 -0.274933
0.776820 0.628632 -0.037048 29.527635 0.629056 -0.777360 -0.000283 5.174831 -0.028978 -0.023086 -0.999313 -0.266949
0.776820 0.628632 -0.037048 29.472472 0.629056 -0.777360 -0.000283 5.454868 -0.028978 -0.023086 -0.999313 -0.264132
0.752276 0.658503 -0.021332 29.434541 0.657555 -0.752433 -0.038288 5.742374 -0.041264 0.014776 -0.999039 -0.267257
0.752276 0.658503 -0.021332 29.398346 0.657555 -0.752433 -0.038288 6.021847 -0.041264 0.014776 -0.999039 -0.291378
0.730997 0.682203 -0.015596 29.345423 0.681914 -0.731151 -0.020267 6.283703 -0.025229 0.004180 -0.999673 -0.294553
0.730997 0.682203 -0.015596 29.292521 0.681914 -0.731151 -0.020267 6.566277 -0.025229 0.004180 -0.999673 -0.303729
0.656179 0.753940 -0.031686 29.275225 0.754408 -0.656389 0.004702 6.826865 -0.017253 -0.026989 -0.999487 -0.278786
0.656179 0.753940 -0.031686 29.242233 0.754408 -0.656389 0.004702 7.099432 -0.017253 -0.026989 -0.999487 -0.319895
0.509648 0.858637 -0.054787 29.187506 0.859698 -0.510749 -0.007379 7.380596 -0.034318 -0.043340 -0.998471 -0.337077
0.509648 0.858637 -0.054787 29.172237 0.859698 -0.510749 -0.007379 7.647808 -0.034318 -0.043340 -0.998471 -0.309127
0.392627 0.917444 -0.064353 29.162976 0.919152 -0.393843 -0.006908 7.907973 -0.031683 -0.056438 -0.997903 -0.307158
0.392627 0.917444 -0.064353 29.081562 0.919152 -0.393843 -0.006908 8.185896 -0.031683 -0.056438 -0.997903 -0.313428
