0.994665 0.005010 0.103036 0.756269 0.005253 -0.999984 -0.002090 0.036091 0.103024 0.002620 -0.994675 0.059719
0.997224 0.009753 0.073817 0.846278 0.007482 -0.999492 0.030988 0.047108 0.074082 -0.030350 -0.996790 0.095476
0.996191 0.010116 0.086607 0.991789 0.010802 -0.999914 -0.007451 0.031309 0.086524 0.008358 -0.996215 0.115341
0.996649 -0.000283 0.081802 1.052570 -0.000811 -0.999979 0.006424 0.023501 0.081798 -0.006469 -0.996628 0.085817
0.992537 -0.017554 0.120676 1.213160 -0.020411 -0.999539 0.022475 0.016298 0.120226 -0.024770 -0.992437 0.107967
0.990896 -0.047614 0.125928 1.349279 -0.052565 -0.997958 0.036283 0.017314 0.123943 -0.042572 -0.991376 0.128196
0.985115 -0.090215 0.146320 1.467732 -0.094093 -0.995367 0.019789 -0.012587 0.143856 -0.033262 -0.989039 0.102254
0.982841 -0.139051 0.121194 1.530559 -0.141284 -0.989919 0.009983 -0.157971 0.118584 -0.026935 -0.992579 0.035948
0.978894 -0.177148 0.101908 1.660049 -0.178993 -0.983807 0.009184 -0.159600 0.098631 -0.027231 -0.994751 0.006963
0.971399 -0.224203 0.078215 1.802793 -0.226141 -0.973950 0.016756 -0.160641 0.072421 -0.033964 -0.996796 0.049370
0.959192 -0.274620 0.067346 1.927479 -0.275117 -0.961409 -0.001960 -0.193780 0.065285 -0.016648 -0.997728 0.004515
0.940956 -0.335696 0.043699 2.095341 -0.335988 -0.941866 -0.000702 -0.264786 0.041394 -0.014022 -0.999045 0.069999
0.931848 -0.358219 0.057787 2.219585 -0.356145 -0.933430 -0.043244 -0.321645 0.069430 0.019716 -0.997392 0.091135
0.931124 -0.360005 0.058355 2.452723 -0.357650 -0.932667 -0.047101 -0.392160 0.071382 0.022986 -0.997184 0.146896
0.931441 -0.361058 0.045336 2.600317 -0.359682 -0.932388 -0.035794 -0.394170 0.055194 0.017033 -0.998330 0.138991
0.931537 -0.361245 0.041714 2.717328 -0.359809 -0.932244 -0.038193 -0.459453 0.052685 0.020569 -0.998399 0.160536
0.931173 -0.358309 0.067318 2.916658 -0.357773 -0.933588 -0.020274 -0.483233 0.070112 -0.005206 -0.997526 0.185051
0.932115 -0.357483 0.058027 3.047941 -0.356834 -0.933920 -0.021537 -0.527888 0.061891 -0.000631 -0.998083 0.178616
0.937852 -0.346927 0.008681 3.207950 -0.346896 -0.937891 -0.004954 -0.576666 0.009861 0.001635 -0.999950 0.278673
0.937359 -0.347795 0.019910 3.300068 -0.347716 -0.937571 -0.007445 -0.625733 0.021256 0.000055 -0.999774 0.221130
0.934816 -0.354948 0.011430 3.456841 -0.354936 -0.934886 -0.003127 -0.664721 0.011796 -0.001134 -0.999930 0.219504
0.926071 -0.377326 0.004094 3.594252 -0.377272 -0.926048 -0.009992 -0.739804 0.007562 0.007709 -0.999942 0.208654
0.916757 -0.399439 -0.002336 3.738228 -0.399364 -0.916435 -0.025581 -0.790516 0.008077 0.024385 -0.999670 0.243526
0.890151 -0.455659 0.002341 3.864938 -0.455494 -0.889946 -0.022851 -0.859370 0.012496 0.019275 -0.999736 0.253585
0.866841 -0.498440 0.012023 3.992733 -0.497878 -0.866644 -0.032340 -0.959311 0.026539 0.022047 -0.999405 0.304556
0.841990 -0.539486 -0.002917 4.080564 -0.539422 -0.841778 -0.020827 -1.010118 0.008781 0.019110 -0.999779 0.249718
0.816024 -0.577585 0.022373 4.227379 -0.577812 -0.816156 0.004886 -1.064391 0.015438 -0.016915 -0.999738 0.223236
0.792277 -0.609896 0.018019 4.357521 -0.610058 -0.791251 0.041858 -1.132826 -0.011272 -0.044156 -0.998961 0.240555
0.776762 -0.629287 0.025277 4.468764 -0.629568 -0.776933 0.004376 -1.283659 0.016885 -0.019313 -0.999671 0.267498
0.774554 -0.631903 0.027654 4.594783 -0.631905 -0.774984 -0.009765 -1.376089 0.027602 -0.009911 -0.999570 0.289048
0.773184 -0.634035 0.013642 4.712628 -0.634089 -0.773260 -0.000466 -1.430753 0.010845 -0.008290 -0.999907 0.264194
0.774102 -0.633006 0.008301 4.820677 -0.633037 -0.774120 0.001517 -1.516958 0.005465 -0.006429 -0.999964 0.241891
0.769521 -0.638614 0.003083 4.955640 -0.638613 -0.769477 0.008894 -1.640503 -0.003308 -0.008813 -0.999956 0.277353
0.773948 -0.632800 0.023853 5.081641 -0.632221 -0.774288 -0.027836 -1.725806 0.036084 0.006463 -0.999328 0.259106
0.799683 -0.599998 0.022581 5.193039 -0.599191 -0.799885 -0.033961 -1.808733 0.038439 0.013628 -0.999168 0.261005
0.823626 -0.566114 0.033991 5.320876 -0.564834 -0.824204 -0.040621 -1.930698 0.051012 0.014257 -0.998596 0.308354
0.851130 -0.524953 0.001369 5.423239 -0.524379 -0.850314 -0.044638 -2.011434 0.024596 0.037275 -0.999002 0.243075
0.855331 -0.518041 0.006578 5.554323 -0.517590 -0.855002 -0.032752 -2.087467 0.022591 0.024609 -0.999442 0.265647
0.856711 -0.515501 -0.017478 5.689556 -0.515793 -0.856343 -0.025168 -2.161286 -0.001993 0.030577 -0.999530 0.312792
0.860500 -0.509409 -0.006466 5.827574 -0.509408 -0.860200 -0.023648 -2.231078 0.006484 0.023643 -0.999699 0.283363
0.858492 -0.512805 -0.004741 5.957941 -0.512764 -0.858205 -0.023601 -2.298492 0.008035 0.022693 -0.999710 0.289696
0.860935 -0.508687 -0.005287 6.087424 -0.508675 -0.860690 -0.021509 -2.380003 0.006391 0.021207 -0.999755 0.282588
0.857895 -0.513779 0.006847 6.232064 -0.513733 -0.857918 -0.007400 -2.444411 0.009676 0.002831 -0.999949 0.266193
0.858473 -0.512857 0.000753 6.376723 -0.512828 -0.858438 -0.009611 -2.527174 0.005575 0.007864 -0.999954 0.282292
0.855930 -0.516910 -0.013708 6.502584 -0.516980 -0.855995 -0.001921 -2.600634 -0.010741 0.008731 -0.999904 0.283444
0.854907 -0.518766 0.003948 6.630330 -0.518718 -0.854896 -0.009166 -2.670851 0.008130 0.005788 -0.999950 0.286955
0.845996 -0.533085 0.010570 6.760455 -0.532874 -0.846010 -0.017671 -2.757538 0.018362 0.009317 -0.999788 0.300817
0.833726 -0.552168 0.003517 6.895078 -0.552114 -0.833709 -0.009975 -2.830882 0.008440 0.006375 -0.999944 0.290239
0.811831 -0.583815 0.009461 7.023022 -0.583583 -0.811822 -0.019401 -2.930178 0.019008 0.010229 -0.999767 0.293325
0.792892 -0.608824 0.025585 7.141984 -0.607880 -0.793193 -0.036424 -3.026918 0.042470 0.013328 -0.999009 0.321553
0.782585 -0.622460 0.010238 7.264880 -0.621564 -0.782169 -0.043240 -3.125063 0.034923 0.027476 -0.999012 0.306806
0.765432 -0.643360 0.014198 7.392280 -0.642574 -0.765319 -0.037226 -3.237869 0.034816 0.019371 -0.999206 0.356149
0.763781 -0.645421 0.008376 7.492485 -0.644611 -0.763366 -0.041823 -3.351895 0.033387 0.026544 -0.999090 0.341288
0.761627 -0.646629 0.042364 7.613413 -0.644404 -0.762655 -0.055690 -3.440459 0.068320 0.015116 -0.997549 0.351849
0.762893 -0.646523 0.001615 7.717572 -0.646267 -0.762656 -0.026336 -3.527395 0.018259 0.019048 -0.999652 0.340408
0.760085 -0.649818 0.002791 7.834310 -0.649747 -0.760054 -0.012090 -3.609885 0.009978 0.007376 -0.999923 0.358694
0.761381 -0.648304 0.001028 7.935548 -0.648040 -0.761114 -0.027384 -3.711879 0.018535 0.020184 -0.999624 0.323671
0.758508 -0.651570 0.011067 8.072621 -0.651570 -0.758578 -0.004091 -3.811273 0.011060 -0.004108 -0.999930 0.360278
0.758260 -0.651780 -0.014991 8.183366 -0.651951 -0.758014 -0.019371 -3.924352 0.001262 0.024461 -0.999700 0.359989
0.756598 -0.653514 -0.021884 8.283798 -0.653792 -0.756622 -0.008922 -4.003209 -0.010727 0.021058 -0.999721 0.357356
0.759607 -0.650103 -0.019081 8.398776 -0.650306 -0.759640 -0.006999 -4.101276 -0.009945 0.017725 -0.999793 0.351187
0.755070 -0.655146 -0.025563 8.509160 -0.655539 -0.755075 -0.011474 -4.203800 -0.011785 0.025421 -0.999607 0.366691
0.754966 -0.655759 -0.002499 8.639694 -0.655756 -0.754934 -0.007665 -4.287108 0.003140 0.007425 -0.999968 0.355885
0.752053 -0.659092 0.003903 8.771358 -0.659069 -0.752061 -0.005717 -4.376667 0.006703 0.001728 -0.999976 0.364769
0.751077 -0.660205 0.003648 8.870629 -0.660215 -0.751067 0.003896 -4.455559 0.000167 -0.005334 -0.999986 0.367247
0.749889 -0.661271 0.019677 8.990399 -0.661039 -0.750147 -0.017522 -4.584668 0.026347 0.000133 -0.999653 0.359028
0.741124 -0.671000 0.022218 9.107059 -0.670978 -0.741416 -0.009539 -4.671718 0.022873 -0.007838 -0.999708 0.351064
0.732040 -0.681259 -0.001897 9.214403 -0.681165 -0.731885 -0.018936 -4.804255 0.011512 0.015155 -0.999819 0.370417
0.725168 -0.688560 -0.004118 9.325477 -0.688230 -0.724607 -0.035834 -4.899440 0.021690 0.028819 -0.999349 0.362920
0.720126 -0.691861 -0.052401 9.386912 -0.693509 -0.720068 -0.023403 -5.015248 -0.021540 0.053194 -0.998352 0.375008
0.721314 -0.691778 -0.033898 9.519385 -0.692544 -0.719716 -0.048908 -5.134456 0.009436 0.058754 -0.998228 0.374375
0.705129 -0.709075 0.002451 9.643570 -0.708099 -0.704332 -0.050123 -5.235658 0.037267 0.033608 -0.998740 0.374524
0.699782 -0.714134 -0.017825 9.722087 -0.714004 -0.698436 -0.048850 -5.322846 0.022436 0.046911 -0.998647 0.375233
0.689947 -0.722352 -0.046685 9.798336 -0.723124 -0.690718 0.000518 -5.415717 -0.032620 0.033402 -0.998910 0.365387
0.684269 -0.729208 -0.005679 9.913578 -0.728243 -0.682918 -0.057316 -5.567431 0.037917 0.043355 -0.998340 0.368658
0.677246 -0.735654 -0.012307 10.022401 -0.735050 -0.675768 -0.055123 -5.635343 0.032235 0.046379 -0.998404 0.320121
0.670716 -0.741709 -0.002696 10.173999 -0.739941 -0.668857 -0.071540 -5.804802 0.051259 0.049978 -0.997434 0.417087
0.666109 -0.745722 -0.014051 10.257035 -0.745166 -0.664567 -0.055485 -5.897710 0.032039 0.047429 -0.998361 0.404850
0.660144 -0.750783 -0.023108 10.319128 -0.751052 -0.659286 -0.035546 -6.012607 0.011453 0.040821 -0.999101 0.388718
0.665870 -0.745889 -0.016354 10.456792 -0.746053 -0.665555 -0.021026 -6.143688 0.004799 0.026201 -0.999645 0.432707
0.675042 -0.737779 0.001026 10.553047 -0.737553 -0.674869 -0.023827 -6.234908 0.018271 0.015327 -0.999716 0.434531
0.680278 -0.732811 0.014523 10.660418 -0.732283 -0.680369 -0.029315 -6.347709 0.031363 0.009307 -0.999465 0.413209
0.675407 -0.737445 -0.000776 10.778716 -0.737298 -0.675251 -0.020660 -6.441522 0.014711 0.014526 -0.999786 0.413866
0.672507 -0.740023 -0.010029 10.875895 -0.740036 -0.672231 -0.021279 -6.536108 0.009006 0.021732 -0.999723 0.423026
0.674556 -0.738182 -0.007893 10.949359 -0.738006 -0.674059 -0.031474 -6.664716 0.017913 0.027056 -0.999473 0.408351
0.674163 -0.738497 -0.011219 11.052052 -0.738465 -0.673708 -0.028040 -6.796336 0.013149 0.027188 -0.999544 0.414101
0.681114 -0.731946 0.018396 11.155084 -0.731522 -0.681353 -0.025174 -6.875846 0.030960 0.003689 -0.999514 0.378927
0.687330 -0.726261 -0.011077 11.268719 -0.726322 -0.687108 -0.018421 -7.013622 0.005767 0.020707 -0.999769 0.424653
0.682504 -0.730798 0.011064 11.366864 -0.730877 -0.682476 0.006690 -7.094674 0.002662 -0.012653 -0.999916 0.425807
0.686861 -0.726728 -0.009432 11.463864 -0.726537 -0.686223 -0.035243 -7.207976 0.019139 0.031060 -0.999334 0.405749
0.687631 -0.726050 -0.003945 11.585639 -0.725964 -0.687442 -0.019995 -7.330216 0.011805 0.016613 -0.999792 0.441097
0.686241 -0.727287 0.011241 11.690317 -0.727087 -0.686323 -0.017493 -7.433477 0.020437 0.003831 -0.999784 0.445860
0.687175 -0.726431 -0.009433 11.772144 -0.726453 -0.686945 -0.019321 -7.524598 0.007556 0.020129 -0.999769 0.447310
0.691174 -0.722405 -0.020230 11.895132 -0.722592 -0.691268 -0.003032 -7.629013 -0.011794 0.016713 -0.999791 0.433364
0.685352 -0.727555 -0.030915 11.979781 -0.728041 -0.685494 -0.007420 -7.760433 -0.015793 0.027593 -0.999494 0.418421
0.686160 -0.727448 0.001888 12.109569 -0.726710 -0.685577 -0.043310 -7.893289 0.032800 0.028346 -0.999060 0.426674
0.681746 -0.731575 0.004593 12.222705 -0.731141 -0.681534 -0.030734 -8.005846 0.025614 0.017595 -0.999517 0.430460
0.679310 -0.733833 0.005181 12.310221 -0.733491 -0.679181 -0.026539 -8.096345 0.022994 0.014228 -0.999634 0.434657
0.681776 -0.731525 -0.007241 12.406180 -0.731492 -0.681542 -0.020518 -8.200150 0.010075 0.019286 -0.999763 0.435925
0.678331 -0.734524 -0.018484 12.514598 -0.734727 -0.677864 -0.026018 -8.326236 0.006581 0.031230 -0.999491 0.439572
0.679659 -0.733162 -0.023184 12.620476 -0.733317 -0.678365 -0.045462 -8.453712 0.017604 0.047900 -0.998697 0.460484
0.678113 -0.734615 -0.022462 12.711851 -0.734948 -0.677624 -0.026037 -8.536959 0.003907 0.034164 -0.999409 0.456165
0.676277 -0.736412 -0.018610 12.820685 -0.736640 -0.675936 -0.021748 -8.632687 0.003436 0.028417 -0.999590 0.432328
0.676439 -0.736341 -0.015229 12.924712 -0.736478 -0.676430 -0.006504 -8.746724 -0.005512 0.015615 -0.999863 0.440206
0.681423 -0.731852 -0.007408 13.020127 -0.731890 -0.681378 -0.007882 -8.839474 0.000721 0.010793 -0.999941 0.444658
0.689987 -0.723803 -0.005273 13.127142 -0.723572 -0.689921 0.021268 -8.946176 -0.019032 -0.010859 -0.999760 0.442418
0.710485 -0.703700 0.004091 13.247849 -0.703617 -0.710473 -0.012250 -9.075524 0.011527 0.005825 -0.999917 0.450248
0.726942 -0.686061 0.029598 13.384105 -0.686251 -0.727349 -0.004781 -9.176360 0.024808 -0.016836 -0.999550 0.438944
0.728348 -0.685206 -0.001368 13.467490 -0.685154 -0.728265 -0.013961 -9.266809 0.008570 0.011106 -0.999902 0.445369
0.736313 -0.676559 0.010548 13.589412 -0.676365 -0.736369 -0.017081 -9.378512 0.019323 0.005443 -0.999798 0.451108
0.758564 -0.650780 -0.032657 13.683403 -0.651324 -0.758747 -0.008971 -9.471696 -0.018940 0.028075 -0.999426 0.459335
0.788590 -0.614757 -0.014155 13.798794 -0.614920 -0.788380 -0.018175 -9.549926 0.000013 0.023037 -0.999735 0.464002
0.822753 -0.568376 -0.005215 13.929851 -0.568205 -0.822195 -0.033736 -9.656665 0.014887 0.030720 -0.999417 0.459778
0.865103 -0.501267 -0.018112 14.050353 -0.501593 -0.864625 -0.028787 -9.727230 -0.001230 0.033989 -0.999421 0.458106
0.910065 -0.413150 -0.033000 14.137816 -0.413855 -0.910160 -0.018253 -9.754462 -0.022494 0.030269 -0.999289 0.453804
0.946250 -0.322636 -0.022756 14.261605 -0.322893 -0.946396 -0.008624 -9.778645 -0.018754 0.015508 -0.999704 0.447962
0.970801 -0.239782 -0.007048 14.389148 -0.239854 -0.970734 -0.012079 -9.811427 -0.003945 0.013417 -0.999902 0.427928
0.988963 -0.147590 -0.012994 14.502630 -0.147755 -0.988940 -0.012892 -9.821852 -0.010947 0.014670 -0.999832 0.423228
0.997479 -0.058508 -0.040145 14.633334 -0.059056 -0.998175 -0.012606 -9.832237 -0.039335 0.014945 -0.999114 0.426248
0.999241 0.030452 -0.024272 14.766808 0.030330 -0.999525 -0.005402 -9.827540 -0.024425 0.004662 -0.999691 0.426687
0.992897 0.114461 -0.032464 14.878414 0.114058 -0.993375 -0.014017 -9.805226 -0.033854 0.010214 -0.999375 0.423747
0.984754 0.173912 0.003718 15.032945 0.173922 -0.984756 -0.002494 -9.775085 0.003227 0.003103 -0.999990 0.425949
0.983454 0.179590 -0.023796 15.139618 0.179418 -0.983730 -0.009232 -9.752494 -0.025067 0.004810 -0.999674 0.420787
0.983562 0.179150 -0.022594 15.282392 0.178868 -0.983774 -0.013982 -9.730229 -0.024732 0.009711 -0.999647 0.423932
0.985253 0.166565 -0.039152 15.439122 0.166897 -0.985960 0.005362 -9.718944 -0.037709 -0.011818 -0.999219 0.412124
0.986742 0.161024 -0.020260 15.578825 0.160769 -0.986898 -0.013648 -9.704293 -0.022192 0.010210 -0.999702 0.411720
0.988748 0.147004 -0.027713 15.744638 0.146979 -0.989135 -0.002949 -9.680028 -0.027845 -0.001158 -0.999612 0.421371
0.989330 0.102215 -0.103816 15.882753 0.100181 -0.994664 -0.024635 -9.679685 -0.105780 0.013972 -0.994291 0.409034
0.989637 0.105624 -0.097272 16.013116 0.104041 -0.994347 -0.021224 -9.663154 -0.098964 0.010884 -0.995032 0.400862
0.993239 0.115872 -0.007084 16.210093 0.115858 -0.993263 -0.002409 -9.665567 -0.007316 0.001572 -0.999972 0.384234
0.989527 0.142617 0.022289 16.358909 0.142935 -0.989642 -0.013344 -9.645790 0.020155 0.016390 -0.999663 0.392623
0.989639 0.143465 0.005693 16.536028 0.143507 -0.989618 -0.007841 -9.600486 0.004509 0.008577 -0.999953 0.419480
0.989017 0.147350 -0.011577 16.655809 0.147091 -0.988907 -0.020663 -9.579136 -0.014493 0.018733 -0.999719 0.422073
0.989657 0.143273 -0.007232 16.810898 0.143300 -0.989674 0.003338 -9.487593 -0.006680 -0.004340 -0.999968 0.332997
0.990857 0.133575 -0.018954 16.919068 0.133315 -0.990969 -0.014375 -9.510236 -0.020703 0.011717 -0.999717 0.370400
0.991797 0.116005 -0.053673 17.036974 0.115878 -0.993248 -0.005476 -9.485207 -0.053946 -0.000788 -0.998544 0.360528
0.996758 0.080441 0.001311 17.238914 0.080451 -0.996703 -0.010549 -9.475613 0.000459 0.010620 -0.999944 0.372065
0.997198 0.071884 -0.020720 17.362578 0.071737 -0.997393 -0.007785 -9.460160 -0.021226 0.006277 -0.999755 0.367985
0.997283 0.073289 -0.007434 17.546880 0.073330 -0.997293 0.005359 -9.464019 -0.007021 -0.005890 -0.999958 0.366337
0.996577 0.059291 0.057613 17.756541 0.059432 -0.998232 -0.000728 -9.454335 0.057468 0.004149 -0.998339 0.398681
0.997413 0.066783 -0.026583 17.848725 0.067498 -0.997354 0.026989 -9.423343 -0.024710 -0.028713 -0.999282 0.383257
0.998440 0.029267 -0.047561 18.004352 0.029789 -0.999503 0.010312 -9.432128 -0.047235 -0.011713 -0.998815 0.374608
0.999680 -0.019107 0.016586 18.154643 -0.019053 -0.999813 -0.003383 -9.437395 0.016647 0.003066 -0.999857 0.381074
0.994945 -0.090425 -0.043668 18.214452 -0.088613 -0.995189 0.041790 -9.412458 -0.047237 -0.037709 -0.998172 0.344847
0.989159 -0.117190 -0.088496 18.394993 -0.113753 -0.992580 0.042949 -9.409977 -0.092872 -0.032417 -0.995150 0.283384
0.994318 -0.102362 -0.029215 18.562577 -0.102168 -0.994734 0.008068 -9.437206 -0.029887 -0.005038 -0.999541 0.291433
0.996503 -0.074440 0.037948 18.761422 -0.074418 -0.997225 -0.002000 -9.470989 0.037992 -0.000831 -0.999278 0.373224
0.999297 -0.031688 0.020029 18.939323 -0.031295 -0.999317 -0.019659 -9.538228 0.020638 0.019019 -0.999606 0.421208
0.999170 0.019237 -0.035919 19.056844 0.018081 -0.999317 -0.032214 -9.532022 -0.036515 0.031538 -0.998835 0.416352
0.999353 0.035841 -0.002915 19.202278 0.035681 -0.998415 -0.043515 -9.541443 -0.004470 0.043383 -0.999049 0.380939
0.997773 0.065409 0.013089 19.353050 0.066056 -0.996172 -0.057261 -9.533503 0.009293 0.057998 -0.998273 0.385677
0.995514 0.067531 0.066271 19.537759 0.071915 -0.995214 -0.066164 -9.535634 0.061485 0.070633 -0.995606 0.384484
0.994788 0.096392 -0.033244 19.625777 0.093139 -0.991717 -0.088443 -9.529798 -0.041494 0.084886 -0.995526 0.380433
0.995494 0.094813 0.001341 19.777196 0.094739 -0.993931 -0.055907 -9.500656 -0.003968 0.055782 -0.998435 0.383554
0.994241 0.104594 0.023350 19.968218 0.106027 -0.991735 -0.072255 -9.514929 0.015600 0.074314 -0.997113 0.373417
0.993181 0.116458 -0.005421 20.094897 0.116155 -0.992442 -0.039578 -9.477207 -0.009989 0.038678 -0.999202 0.366106
0.992550 0.110809 -0.050652 20.206789 0.108328 -0.992890 -0.049349 -9.487606 -0.055761 0.043494 -0.997496 0.353615
0.989545 0.134286 -0.052617 20.353711 0.132885 -0.990699 -0.029293 -9.439919 -0.056061 0.021995 -0.998185 0.357457
0.990421 0.137641 -0.010998 20.532205 0.137257 -0.990074 -0.030220 -9.421960 -0.015048 0.028421 -0.999483 0.359060
0.990249 0.139130 -0.007053 20.673236 0.138948 -0.990058 -0.021877 -9.392185 -0.010027 0.020684 -0.999736 0.361250
0.987228 0.159308 0.001234 20.840180 0.159233 -0.986460 -0.039272 -9.380818 -0.005039 0.038967 -0.999228 0.376368
0.983616 0.179399 0.017744 20.985911 0.179874 -0.983222 -0.030328 -9.345459 0.012006 0.033023 -0.999382 0.381273
0.984583 0.174085 -0.017052 21.130926 0.172752 -0.983053 -0.061349 -9.329999 -0.027443 0.057458 -0.997971 0.361292
0.984760 0.172749 -0.020150 21.277145 0.171391 -0.983591 -0.056341 -9.306955 -0.029552 0.052029 -0.998208 0.371914
0.986048 0.166400 -0.004457 21.421272 0.166106 -0.985346 -0.038760 -9.275397 -0.010841 0.037479 -0.999239 0.373623
0.986301 0.164546 0.011618 21.570885 0.164931 -0.984930 -0.052072 -9.257356 0.002875 0.053275 -0.998576 0.356889
0.986708 0.162170 0.010442 21.704407 0.162475 -0.985741 -0.043788 -9.236018 0.003192 0.044902 -0.998986 0.362624
0.986523 0.161490 0.026318 21.846612 0.162388 -0.986050 -0.036534 -9.208329 0.020051 0.040315 -0.998986 0.367013
0.987090 0.157432 0.029476 22.002554 0.158325 -0.986902 -0.030939 -9.182074 0.024219 0.035206 -0.999087 0.365509
0.987775 0.155774 -0.005888 22.137884 0.155412 -0.987016 -0.040576 -9.155462 -0.012132 0.039165 -0.999159 0.360445
0.988135 0.151984 -0.022149 22.264408 0.151414 -0.988143 -0.025455 -9.122924 -0.025755 0.021799 -0.999431 0.353256
0.987368 0.155707 -0.029338 22.415837 0.155135 -0.987673 -0.020875 -9.084402 -0.032227 0.016060 -0.999352 0.349417
0.988471 0.151041 0.010607 22.589315 0.151283 -0.988096 -0.027921 -9.075581 0.006264 0.029204 -0.999554 0.361643
0.987887 0.153036 0.025683 22.725946 0.153457 -0.988037 -0.015316 -9.041928 0.023032 0.019072 -0.999553 0.363542
0.988678 0.148395 -0.022253 22.865901 0.147799 -0.988666 -0.026377 -9.035804 -0.025915 0.022790 -0.999404 0.343606
0.988730 0.149531 -0.007310 23.040015 0.149341 -0.988543 -0.021892 -9.000431 -0.010499 0.020554 -0.999734 0.350551
0.986638 0.156530 0.045204 23.198714 0.158059 -0.986896 -0.032465 -8.980789 0.039530 0.039176 -0.998450 0.363248
0.987033 0.160281 -0.008656 23.318291 0.159686 -0.985983 -0.048353 -8.980599 -0.016285 0.046344 -0.998793 0.350807
0.986548 0.160185 -0.032624 23.479544 0.158571 -0.986219 -0.047191 -8.950445 -0.039734 0.041383 -0.998353 0.344652
0.986673 0.162317 -0.011428 23.619432 0.161508 -0.985466 -0.052649 -8.927868 -0.019807 0.050102 -0.998548 0.342827
0.987164 0.158840 -0.016637 23.753083 0.158015 -0.986512 -0.042721 -8.907202 -0.023199 0.039544 -0.998948 0.345487
0.986172 0.164031 -0.023656 23.881737 0.162835 -0.985590 -0.045795 -8.884953 -0.030827 0.041309 -0.998671 0.341402
0.982741 0.183251 -0.025270 24.035579 0.181935 -0.982182 -0.047102 -8.847492 -0.033451 0.041691 -0.998570 0.341603
0.979485 0.200766 -0.017367 24.197035 0.199878 -0.978875 -0.043038 -8.814807 -0.025640 0.038683 -0.998922 0.338320
0.974154 0.225331 0.015824 24.338466 0.225865 -0.972634 -0.054474 -8.785398 0.003116 0.056641 -0.998390 0.347937
0.970523 0.240900 0.007192 24.481984 0.240926 -0.968987 -0.054943 -8.734124 -0.006267 0.055056 -0.998464 0.341490
0.970056 0.242734 -0.008441 24.600644 0.241672 -0.968108 -0.066044 -8.704941 -0.024203 0.062027 -0.997781 0.342487
0.969665 0.244101 0.012811 24.752500 0.244427 -0.967819 -0.059853 -8.691749 -0.002211 0.061169 -0.998125 0.345605
0.969392 0.244472 -0.022648 24.881274 0.242214 -0.967349 -0.074617 -8.687704 -0.040151 0.066848 -0.996955 0.340007
0.971835 0.230673 -0.048237 24.997780 0.227721 -0.971891 -0.059758 -8.651784 -0.060665 0.047091 -0.997047 0.328746
0.970580 0.239785 -0.021870 25.195579 0.238215 -0.969493 -0.057764 -8.594244 -0.035054 0.050855 -0.998091 0.315967
0.973334 0.228803 -0.016420 25.350517 0.228203 -0.973085 -0.032085 -8.560675 -0.023319 0.027482 -0.999350 0.307085
0.972296 0.232891 -0.020060 25.471347 0.231727 -0.971585 -0.048215 -8.535654 -0.030718 0.042231 -0.998636 0.305308
0.971536 0.232466 -0.045573 25.620317 0.230029 -0.971740 -0.052987 -8.477142 -0.056603 0.040995 -0.997555 0.271623
0.971506 0.230704 -0.054320 25.740929 0.228384 -0.972498 -0.045704 -8.439954 -0.063370 0.031996 -0.997477 0.266414
0.970952 0.237189 -0.031515 25.919395 0.235517 -0.970630 -0.049094 -8.410596 -0.042234 0.040245 -0.998297 0.278021
0.968849 0.238458 -0.066861 26.023523 0.235280 -0.970533 -0.052047 -8.376887 -0.077302 0.034694 -0.996404 0.266827
0.965745 0.255412 -0.045844 26.158147 0.253641 -0.966425 -0.041097 -8.333665 -0.054801 0.028061 -0.998103 0.262830
0.951117 0.305745 -0.043556 26.322900 0.304352 -0.951886 -0.035827 -8.280715 -0.052414 0.020819 -0.998408 0.242623
0.932286 0.357681 -0.053923 26.485849 0.355779 -0.933634 -0.041828 -8.194209 -0.065305 0.019811 -0.997669 0.223340
0.920732 0.385782 -0.058528 26.597452 0.383673 -0.922409 -0.044226 -8.138037 -0.071049 0.018265 -0.997306 0.217930
0.912268 0.407924 -0.036953 26.732439 0.406798 -0.912869 -0.034440 -8.059969 -0.047782 0.016386 -0.998723 0.230400
0.903170 0.424067 -0.066723 26.834551 0.421512 -0.905482 -0.049291 -8.006584 -0.081319 0.016394 -0.996553 0.222843
0.903239 0.427844 -0.033292 26.985536 0.427167 -0.903808 -0.025666 -7.970128 -0.041071 0.008961 -0.999116 0.209131
0.893406 0.439224 -0.094384 27.085979 0.438409 -0.898264 -0.030327 -7.914983 -0.098102 -0.014285 -0.995074 0.202212
0.887458 0.453976 -0.079522 27.205964 0.451810 -0.891007 -0.044433 -7.859062 -0.091026 0.003503 -0.995842 0.201115
0.880445 0.469993 -0.062639 27.397466 0.470847 -0.882214 -0.001276 -7.749207 -0.055861 -0.028370 -0.998035 0.171702
0.875558 0.480837 -0.046838 27.519716 0.480385 -0.876801 -0.021218 -7.688805 -0.051271 -0.003922 -0.998677 0.169505
0.859524 0.511033 -0.008043 27.666304 0.511092 -0.859349 0.017427 -7.562977 0.001994 -0.019089 -0.999816 0.156172
0.853709 0.519767 -0.031996 27.765578 0.519929 -0.854202 -0.003678 -7.507865 -0.029243 -0.013496 -0.999481 0.144678
0.839770 0.538034 -0.072841 27.860689 0.538736 -0.842399 -0.011334 -7.474308 -0.067459 -0.029725 -0.997279 0.195858
0.827025 0.548900 -0.121401 27.940684 0.549124 -0.835023 -0.034631 -7.412236 -0.120381 -0.038023 -0.991999 0.176553
0.819546 0.572388 -0.026766 28.132044 0.573004 -0.818908 0.032499 -7.277521 -0.003317 -0.041972 -0.999113 0.190203
0.793009 0.598655 -0.112910 28.199581 0.599873 -0.799651 -0.026659 -7.219452 -0.106248 -0.046591 -0.993247 0.161025
0.770655 0.618290 -0.154303 28.298545 0.614225 -0.785206 -0.078606 -7.092651 -0.169761 -0.034198 -0.984892 0.084013
0.769769 0.634424 0.070435 28.500582 0.629918 -0.772842 0.076928 -6.929730 0.103240 -0.014849 -0.994546 0.109458
0.755716 0.654531 -0.021973 28.571840 0.653613 -0.755909 -0.037315 -6.882840 -0.041034 0.013838 -0.999062 0.096321
0.740149 0.670743 -0.047776 28.659318 0.670559 -0.741525 -0.022177 -6.791253 -0.050302 -0.015622 -0.998612 0.171669
0.732710 0.680345 -0.016331 28.782820 0.680056 -0.732882 -0.020172 -6.687331 -0.025693 0.003674 -0.999663 0.169111
0.692601 0.720150 -0.041077 28.868883 0.720076 -0.693628 -0.019263 -6.606875 -0.042365 -0.016237 -0.998970 0.193141
0.602873 0.795930 -0.055140 28.972043 0.795755 -0.604852 -0.030482 -6.489153 -0.057613 -0.025501 -0.998013 0.083482
0.506928 0.860376 -0.052703 28.997556 0.861390 -0.507906 -0.006211 -6.390526 -0.032112 -0.042250 -0.998591 0.080779
0.430570 0.900227 -0.064812 29.030405 0.899326 -0.433992 -0.053521 -6.302323 -0.076309 -0.035243 -0.996461 0.072699
0.361295 0.929571 -0.073239 29.058697 0.931504 -0.363354 -0.016591 -6.148217 -0.042034 -0.062228 -0.997176 0.070446
0.288251 0.955226 -0.066747 29.079558 0.956740 -0.290180 -0.021083 -6.028136 -0.039507 -0.057782 -0.997547 0.118626
0.216701 0.973621 -0.071434 29.095460 0.975376 -0.219004 -0.026064 -5.890134 -0.041020 -0.064027 -0.997105 0.112627
0.157333 0.984532 -0.077096 29.121859 0.986762 -0.159837 -0.027434 -5.735088 -0.039332 -0.071760 -0.996646 0.075286
0.096410 0.992842 -0.070498 29.144542 0.995142 -0.097567 -0.013137 -5.599191 -0.019921 -0.068889 -0.997425 0.065080
0.042282 0.996590 -0.070854 29.136582 0.998941 -0.043455 -0.015105 -5.453543 -0.018133 -0.070140 -0.997372 0.064771
-0.007556 0.997593 -0.068935 29.132688 0.999783 0.006198 -0.019895 -5.318474 -0.019420 -0.069071 -0.997423 0.091529
-0.051797 0.996246 -0.069368 29.107905 0.998633 0.051182 -0.010606 -5.170322 -0.007015 -0.069823 -0.997535 0.075725
-0.087151 0.994218 -0.062727 29.087805 0.996104 0.086120 -0.018968 -5.031810 -0.013456 -0.064135 -0.997850 0.074981
-0.098949 0.993127 -0.062506 29.075046 0.995035 0.098075 -0.016906 -4.881182 -0.010659 -0.063869 -0.997901 0.082397
-0.090926 0.994693 -0.048150 29.065030 0.995578 0.089648 -0.028082 -4.746410 -0.023617 -0.050490 -0.998445 0.078060
-0.086239 0.994399 -0.061097 29.047457 0.996261 0.085760 -0.010436 -4.594671 -0.005138 -0.061768 -0.998077 0.074131
-0.032978 0.997812 -0.057299 29.045329 0.999412 0.032384 -0.011270 -4.460532 -0.009389 -0.057637 -0.998293 0.074337
0.016241 0.998706 -0.048184 29.061214 0.999863 -0.016371 -0.002296 -4.321613 -0.003082 -0.048140 -0.998836 0.091397
0.072367 0.996214 -0.048170 29.083579 0.997013 -0.073563 -0.023535 -4.178524 -0.026990 -0.046323 -0.998562 0.063132
0.122188 0.991520 -0.044260 29.099958 0.992339 -0.122865 -0.012916 -4.042042 -0.018245 -0.042343 -0.998937 0.060050
0.153077 0.987260 -0.043422 29.130375 0.988078 -0.153639 -0.009874 -3.880392 -0.016420 -0.041393 -0.999008 0.066204
0.160716 0.985702 -0.050608 29.147201 0.986872 -0.161312 -0.007887 -3.739158 -0.015938 -0.048676 -0.998687 0.064472
0.174544 0.983367 -0.050235 29.174694 0.984534 -0.175076 -0.006350 -3.601328 -0.015039 -0.048350 -0.998717 0.052368
0.177676 0.982687 -0.052517 29.194631 0.983886 -0.178470 -0.010798 -3.462536 -0.019984 -0.049752 -0.998562 0.052096
0.178453 0.982355 -0.055979 29.219148 0.983843 -0.178977 -0.004460 -3.296808 -0.014400 -0.054278 -0.998422 0.062152
0.175646 0.983268 -0.048295 29.239478 0.984307 -0.176255 -0.008622 -3.154439 -0.016990 -0.046023 -0.998796 0.059673
0.166043 0.985550 -0.033469 29.268771 0.986096 -0.166175 -0.001186 -2.998151 -0.006730 -0.032807 -0.999439 0.078140
0.169829 0.984502 -0.043743 29.289862 0.985379 -0.170261 -0.006320 -2.850805 -0.013670 -0.042030 -0.999023 0.048984
0.165442 0.985941 -0.023447 29.315617 0.986127 -0.165704 -0.009739 -2.709158 -0.013487 -0.021511 -0.999678 0.050049
0.157312 0.987317 -0.021409 29.359203 0.987546 -0.157224 0.005776 -2.535969 0.002337 -0.022051 -0.999754 0.022829
0.153502 0.988074 -0.012113 29.381942 0.988138 -0.153544 -0.002641 -2.399525 -0.004469 -0.011564 -0.999923 0.022447
0.156204 0.987668 -0.010634 29.422416 0.987666 -0.156303 -0.009269 -2.269470 -0.010817 -0.009055 -0.999900 0.028106
0.154620 0.987974 0.000696 29.448596 0.987933 -0.154607 -0.009277 -2.127557 -0.009058 0.002122 -0.999957 0.028984
0.150837 0.988557 0.001843 29.462730 0.988528 -0.150817 -0.008215 -1.975176 -0.007843 0.003060 -0.999965 0.026647
0.151591 0.988433 0.004631 29.485843 0.988417 -0.151619 0.006611 -1.831140 0.007237 0.003575 -0.999967 0.028683
0.153358 0.988171 0.000218 29.508220 0.987885 -0.153319 0.024012 -1.685383 0.023761 -0.003467 -0.999712 0.069298
0.156418 0.987663 -0.007462 29.522684 0.987056 -0.156584 -0.034685 -1.564244 -0.035425 -0.001940 -0.999370 0.042164
0.154894 0.987929 -0.002074 29.545645 0.985957 -0.154716 -0.062857 -1.434859 -0.062419 0.007691 -0.998020 0.038862
0.151841 0.988405 -0.000964 29.571416 0.987953 -0.151801 -0.030085 -1.238828 -0.029883 0.003616 -0.999547 0.018778
0.153488 0.988136 -0.005408 29.582080 0.986988 -0.153571 -0.047646 -1.100813 -0.047911 0.001975 -0.998850 0.014070
0.145100 0.989416 -0.001418 29.606634 0.989402 -0.145106 -0.005234 -0.979979 -0.005384 -0.000644 -0.999985 0.035966
0.143067 0.989710 0.002239 29.623339 0.989553 -0.143003 -0.018313 -0.839426 -0.017804 0.004836 -0.999830 0.034214
0.144357 0.989444 0.012693 29.638084 0.989519 -0.144390 0.001693 -0.659899 0.003508 0.012316 -0.999918 0.008975
0.140121 0.990101 0.008156 29.681540 0.990132 -0.140132 0.000845 -0.497462 0.001979 0.007957 -0.999966 0.029236
0.137328 0.989953 0.033668 29.726197 0.990308 -0.137932 0.016302 -0.314130 0.020782 0.031103 -0.999300 0.015544
0.136252 0.990307 0.026959 29.737965 0.990627 -0.136461 0.006078 -0.172542 0.009698 0.025878 -0.999618 0.012732
0.129118 0.990836 0.039650 29.762052 0.991180 -0.130159 0.024904 0.045118 0.029837 0.036084 -0.998903 0.056909
0.109088 0.993935 0.013910 29.757147 0.993831 -0.108774 -0.021622 0.171724 -0.019978 0.016182 -0.999669 0.046765
0.095571 0.995301 0.015589 29.771983 0.993887 -0.094543 -0.057020 0.298104 -0.055278 0.020943 -0.998251 0.027666
0.073893 0.997266 -0.000650 29.767419 0.997198 -0.073895 -0.011682 0.459931 -0.011698 0.000215 -0.999932 0.028649
0.049332 0.998726 0.010586 29.778645 0.997668 -0.048773 -0.047747 0.601397 -0.047170 0.012916 -0.998803 0.025338
0.023607 0.999710 0.004779 29.776534 0.999630 -0.023541 -0.013599 0.853913 -0.013483 0.005098 -0.999896 0.025124
0.001265 0.999979 0.006283 29.774528 0.999279 -0.001026 -0.037962 1.140495 -0.037955 0.006326 -0.999259 -0.030648
-0.023532 0.999723 -0.000107 29.763431 0.999686 0.023532 0.008630 1.442573 0.008630 0.000096 -0.999963 -0.027433
-0.049618 0.998767 -0.001772 29.760276 0.998743 0.049629 0.007026 1.693988 0.007106 -0.001421 -0.999974 0.036388
-0.072685 0.997353 0.001796 29.739890 0.997333 0.072671 0.006765 1.976251 0.006616 0.002283 -0.999976 0.039981
-0.089277 0.995975 0.007947 29.706914 0.995989 0.089321 -0.005313 2.257579 -0.006001 0.007441 -0.999954 0.025707
-0.100069 0.994895 0.013055 29.677836 0.994948 0.099951 0.009429 2.539583 0.008076 0.013932 -0.999870 0.032830
-0.106357 0.994119 0.020395 29.638212 0.994328 0.106350 0.001445 2.849940 -0.000733 0.020433 -0.999791 0.040515
-0.108756 0.993835 0.021525 29.610071 0.994035 0.108905 -0.005874 3.014968 -0.008182 0.020757 -0.999751 0.041470
-0.103496 0.994356 0.023336 29.587851 0.993242 0.104562 -0.050369 3.146742 -0.052525 0.017965 -0.998458 0.032316
-0.102953 0.994222 0.030370 29.565355 0.994337 0.103678 -0.023328 3.379766 -0.026342 0.027796 -0.999266 0.021361
-0.110383 0.993530 0.026722 29.528241 0.993782 0.110725 -0.011677 3.652979 -0.014561 0.025267 -0.999575 0.012590
-0.104659 0.994408 0.014142 29.501180 0.994501 0.104702 -0.002335 3.973399 -0.003803 0.013820 -0.999897 -0.005994
-0.108984 0.993886 0.017675 29.464755 0.994037 0.108904 0.005422 4.251560 0.003464 0.018160 -0.999829 -0.003730
-0.110552 0.993655 0.020667 29.441969 0.993717 0.110876 -0.015247 4.518497 -0.017442 0.018851 -0.999670 -0.018686
-0.116162 0.993069 0.017886 29.399621 0.993225 0.116204 -0.001286 4.791257 -0.003355 0.017616 -0.999839 -0.020211
-0.117180 0.992954 0.017665 29.359483 0.992939 0.117472 -0.016509 5.051402 -0.018468 0.015606 -0.999708 -0.024974
-0.121845 0.992461 0.013206 29.342850 0.992461 0.122000 -0.011691 5.341170 -0.013214 0.011682 -0.999844 -0.036222
-0.120977 0.992613 0.009125 29.298568 0.992625 0.121040 -0.006736 5.609678 -0.007791 0.008242 -0.999936 -0.041268
-0.121213 0.992617 0.004240 29.266339 0.992602 0.121239 -0.006543 5.900083 -0.007009 0.003416 -0.999970 -0.030997
-0.121512 0.992588 0.001916 29.224914 0.992556 0.121523 -0.008016 6.158343 -0.008190 0.000927 -0.999966 -0.035424
-0.121688 0.992568 -0.000442 29.184449 0.992492 0.121684 0.012347 6.432531 0.012309 0.001063 -0.999924 -0.032850
-0.122295 0.992493 -0.000880 29.157718 0.992483 0.122290 -0.004798 6.701096 -0.004655 -0.001460 -0.999988 -0.032550
-0.123161 0.992386 -0.000679 29.116540 0.992377 0.123157 -0.004585 6.962941 -0.004467 -0.001239 -0.999989 -0.030938
-0.120233 0.992740 -0.003374 29.076819 0.992746 0.120234 0.000038 7.225320 0.000443 -0.003345 -0.999994 -0.029805
-0.124081 0.992271 -0.001731 29.056596 0.992272 0.124081 0.000040 7.515116 0.000255 -0.001713 -0.999999 -0.024494
-0.124521 0.992203 -0.005310 29.011401 0.992217 0.124518 -0.000923 7.778631 -0.000255 -0.005383 -0.999985 -0.024941
-0.126945 0.991909 -0.001163 28.968087 0.991909 0.126946 0.000989 8.046737 0.001129 -0.001028 -0.999999 -0.023884
-0.125961 0.992032 -0.002299 28.934053 0.992031 0.125967 0.002550 8.340105 0.002819 -0.001959 -0.999994 -0.015587
-0.132091 0.991235 0.002457 28.889132 0.991201 0.132065 0.008922 8.616368 0.008520 0.003614 -0.999957 -0.013853
-0.127754 0.991802 -0.002626 28.857581 0.991806 0.127755 -0.000048 8.907771 0.000288 -0.002610 -0.999997 -0.026962
-0.131585 0.991304 -0.001276 28.814584 0.991304 0.131586 0.001199 9.172685 0.001357 -0.001107 -0.999998 -0.026150
-0.129329 0.991596 -0.003444 28.769136 0.991596 0.129339 0.003004 9.436207 0.003424 -0.003026 -0.999990 -0.025179
-0.125884 0.992045 -0.000807 28.739837 0.992031 0.125887 0.005245 9.735987 0.005305 -0.000140 -0.999986 -0.020877
-0.108149 0.994135 -0.000062 28.700744 0.994106 0.108146 0.007583 9.998002 0.007546 0.000759 -0.999971 -0.021025
-0.095874 0.995393 0.001033 28.667521 0.995361 0.095862 0.008172 10.254968 0.008036 0.001812 -0.999966 -0.022140
-0.054894 0.998486 0.003410 28.663537 0.998492 0.054895 -0.000162 10.545799 -0.000349 0.003396 -0.999994 -0.041828
-0.031644 0.999497 0.002099 28.647227 0.999493 0.031637 0.003607 10.811815 0.003539 0.002212 -0.999991 -0.044924
-0.030356 0.999525 0.005268 28.629352 0.999514 0.030392 -0.006895 11.069196 -0.007052 0.005056 -0.999962 -0.049039
-0.028106 0.999592 0.005135 28.647703 0.999601 0.028120 -0.002680 11.377421 -0.002823 0.005057 -0.999983 -0.041650
-0.032674 0.999449 0.005896 28.632493 0.999464 0.032661 0.002262 11.627329 0.002069 0.005966 -0.999980 -0.042332
-0.030894 0.999521 0.001963 28.614857 0.999522 0.030892 0.001171 11.890775 0.001110 0.001998 -0.999997 -0.042065
-0.034430 0.999395 0.004880 28.630431 0.999376 0.034390 0.008029 12.200749 0.007856 0.005153 -0.999956 -0.026219
-0.031169 0.999507 0.003649 28.615799 0.999457 0.031206 -0.010561 12.445632 -0.010670 0.003318 -0.999938 -0.027713
-0.038239 0.999256 0.005093 28.597659 0.999241 0.038200 0.007612 12.717968 0.007412 0.005381 -0.999958 -0.025523
-0.038545 0.999245 0.004856 28.583453 0.999215 0.038587 -0.008961 13.008862 -0.009142 0.004506 -0.999948 -0.033315
-0.042574 0.999088 0.003295 28.563789 0.999093 0.042576 -0.000565 13.290022 -0.000705 0.003268 -0.999994 -0.034132
-0.039645 0.999210 0.002614 28.543939 0.999194 0.039661 -0.006185 13.544929 -0.006283 0.002366 -0.999977 -0.038184
-0.037587 0.999286 0.003858 28.534085 0.999289 0.037597 -0.002639 13.835455 -0.002782 0.003756 -0.999989 -0.023333
-0.037342 0.999295 0.003792 28.515358 0.999286 0.037363 -0.005547 14.096671 -0.005685 0.003582 -0.999977 -0.024243
-0.040504 0.999165 0.005398 28.495728 0.999178 0.040513 -0.001576 14.347628 -0.001793 0.005329 -0.999984 -0.025029
-0.041308 0.999144 0.002247 28.464129 0.999120 0.041323 -0.007191 14.691790 -0.007278 0.001948 -0.999972 -0.015803
-0.046133 0.998926 0.004356 28.441203 0.998933 0.046142 -0.002105 14.964368 -0.002303 0.004255 -0.999988 -0.016098
-0.042921 0.999078 0.000511 28.418340 0.999078 0.042921 0.000209 15.232765 0.000187 0.000520 -1.000000 -0.015536
-0.047500 0.998868 0.002532 28.420770 0.998870 0.047496 0.001393 15.552018 0.001271 0.002595 -0.999996 -0.034863
-0.045157 0.998979 0.001097 28.399158 0.998980 0.045157 -0.000161 15.828660 -0.000211 0.001088 -0.999999 -0.031345
-0.050463 0.998720 0.003355 28.379601 0.998718 0.050449 0.004150 16.074751 0.003975 0.003560 -0.999986 -0.028584
-0.046765 0.998893 0.005083 28.394710 0.998900 0.046782 -0.003298 16.378096 -0.003532 0.004923 -0.999982 -0.003444
-0.050886 0.998691 0.005190 28.371105 0.998704 0.050891 -0.000783 16.636164 -0.001046 0.005144 -0.999986 -0.002170
-0.047965 0.998844 0.003015 28.349352 0.998835 0.047980 -0.005220 16.894012 -0.005359 0.002761 -0.999982 -0.002609
-0.048951 0.998798 0.002348 28.353830 0.998801 0.048949 0.000849 17.206853 0.000733 0.002386 -0.999997 -0.038480
-0.039677 0.999212 0.001197 28.334411 0.999134 0.039689 -0.012524 17.450971 -0.012562 0.000700 -0.999921 -0.040372
-0.038613 0.999250 0.003061 28.315224 0.999254 0.038609 0.001295 17.779483 0.001175 0.003109 -0.999994 -0.036913
-0.036490 0.999319 0.005508 28.319518 0.999285 0.036542 -0.009676 18.106469 -0.009871 0.005151 -0.999938 -0.013516
-0.045179 0.998957 0.006592 28.302474 0.998972 0.045201 -0.003308 18.363939 -0.003602 0.006435 -0.999973 -0.012077
-0.048108 0.998835 0.003733 28.281349 0.998834 0.048122 -0.003947 18.596362 -0.004122 0.003539 -0.999985 -0.013919
-0.036951 0.999308 0.004137 28.281047 0.999294 0.036979 -0.006684 18.900380 -0.006832 0.003887 -0.999969 -0.051569
-0.004540 0.999987 0.002201 28.268219 0.999987 0.004545 -0.002126 19.158117 -0.002136 0.002191 -0.999995 -0.055489
0.019283 0.999802 0.004814 28.267373 0.999804 -0.019262 -0.004516 19.420657 -0.004423 0.004901 -0.999978 -0.055112
0.040876 0.999153 0.004765 28.304108 0.999158 -0.040892 0.003371 19.612044 0.003563 0.004623 -0.999983 -0.070304
0.051267 0.998681 0.002900 28.310916 0.998678 -0.051255 -0.003785 19.847019 -0.003631 0.003090 -0.999989 -0.070137
0.070372 0.997518 0.002247 28.322004 0.997516 -0.070364 -0.003177 20.123506 -0.003011 0.002465 -0.999992 -0.070610
0.070736 0.997487 0.003902 28.332098 0.997495 -0.070735 -0.000393 20.459037 -0.000116 0.003920 -0.999992 -0.059305
0.072870 0.997337 0.002929 28.339802 0.997337 -0.072878 0.002608 20.724073 0.002815 0.002732 -0.999992 -0.058545
0.074090 0.997232 0.006260 28.349112 0.997250 -0.074079 -0.001963 20.989536 -0.001494 0.006388 -0.999978 -0.060457
0.083466 0.996481 0.007672 28.397715 0.996510 -0.083472 0.000413 21.336719 0.001052 0.007611 -0.999970 -0.077245
0.083024 0.996498 0.009886 28.409420 0.996545 -0.082999 -0.002936 21.613077 -0.002105 0.010095 -0.999947 -0.083270
0.083121 0.996512 0.007354 28.420536 0.996477 -0.083196 0.010590 21.906940 0.011165 0.006448 -0.999917 -0.079448
