0.993842 0.005212 0.110687 0.756227 0.004942 -0.999984 0.002715 0.035879 0.110699 -0.002151 -0.993852 0.065200
0.997156 0.010405 0.074637 0.846104 0.007584 -0.999250 0.037971 0.046557 0.074977 -0.037296 -0.996488 0.098498
0.996173 0.010694 0.086742 0.992122 0.010843 -0.999940 -0.001245 0.030932 0.086724 0.002181 -0.996230 0.117443
0.996605 0.009094 0.081831 1.103749 0.008007 -0.999875 0.013611 0.058505 0.081944 -0.012909 -0.996553 0.080017
0.992676 -0.008540 0.120506 1.264647 -0.012380 -0.999438 0.031160 0.052647 0.120172 -0.032423 -0.992223 0.101149
0.990862 -0.048370 0.125906 1.384798 -0.054109 -0.997627 0.042569 0.000471 0.123548 -0.048992 -0.991128 0.059130
0.984799 -0.091028 0.147935 1.526564 -0.095443 -0.995169 0.023006 -0.014478 0.145126 -0.036776 -0.988729 0.083556
0.982127 -0.134831 0.131325 1.715078 -0.135296 -0.990790 -0.005416 -0.097961 0.130846 -0.012449 -0.991325 0.183942
0.977117 -0.181309 0.111221 1.782899 -0.181685 -0.983333 -0.006830 -0.049339 0.110606 -0.013534 -0.993772 0.068663
0.970590 -0.227752 0.078005 1.924641 -0.229586 -0.973168 0.015296 -0.110333 0.072429 -0.032755 -0.996836 0.106098
0.958338 -0.278679 0.062661 2.002578 -0.279042 -0.960274 -0.003074 -0.104174 0.061028 -0.014540 -0.998030 0.109114
0.939514 -0.340106 0.040521 2.158361 -0.340383 -0.940287 -0.000049 -0.187289 0.038119 -0.013746 -0.999179 0.158293
0.927500 -0.369749 0.055039 2.337723 -0.367822 -0.928941 -0.042149 -0.216292 0.066712 0.018849 -0.997594 0.200874
0.929331 -0.364956 0.056128 2.557735 -0.362646 -0.930725 -0.047306 -0.316936 0.069504 0.023609 -0.997302 0.295283
0.930813 -0.362814 0.044187 2.689401 -0.361456 -0.931699 -0.035880 -0.363985 0.054187 0.017426 -0.998379 0.306659
0.934450 -0.353849 0.039925 2.825609 -0.352440 -0.935051 -0.038289 -0.384805 0.050880 0.021708 -0.998469 0.304997
0.932104 -0.356127 0.066000 2.999287 -0.355608 -0.934425 -0.019847 -0.427798 0.068740 -0.004970 -0.997622 0.330105
0.935111 -0.349738 0.057015 3.177407 -0.349070 -0.936848 -0.021605 -0.482541 0.060970 0.000301 -0.998140 0.362506
0.939481 -0.342539 0.006522 3.260680 -0.342513 -0.939501 -0.004802 -0.535604 0.007772 0.002278 -0.999967 0.292260
0.939511 -0.342014 0.018594 3.375662 -0.341949 -0.939695 -0.006661 -0.556174 0.019751 -0.000100 -0.999805 0.278177
0.937661 -0.347407 0.010053 3.587045 -0.347386 -0.937714 -0.003865 -0.634573 0.010769 0.000132 -0.999942 0.333884
0.930223 -0.366984 0.002787 3.702820 -0.366939 -0.930187 -0.010381 -0.683944 0.006402 0.008634 -0.999942 0.340523
0.915090 -0.403231 -0.003971 3.829705 -0.403194 -0.914752 -0.025771 -0.765740 0.006759 0.025184 -0.999660 0.325854
0.893243 -0.449573 0.001279 3.964570 -0.449412 -0.892991 -0.024416 -0.856222 0.012119 0.021234 -0.999701 0.338909
0.862884 -0.505285 0.010861 4.109339 -0.504768 -0.862678 -0.031548 -0.924677 0.025311 0.021740 -0.999443 0.380624
0.838677 -0.544627 -0.001607 4.273134 -0.544520 -0.838444 -0.022589 -1.006293 0.010955 0.019820 -0.999744 0.405928
0.810618 -0.585140 0.022567 4.373078 -0.585351 -0.810772 0.003587 -1.005716 0.016198 -0.016117 -0.999739 0.366924
0.790710 -0.611950 0.017193 4.486274 -0.612065 -0.789665 0.042496 -1.066893 -0.012428 -0.044125 -0.998949 0.329099
0.771479 -0.635972 0.018990 4.591158 -0.635901 -0.771701 -0.010315 -1.194480 0.021214 -0.004118 -0.999766 0.358631
0.773958 -0.632634 0.027609 4.693103 -0.632639 -0.774386 -0.009667 -1.291682 0.027496 -0.009984 -0.999572 0.379207
0.774703 -0.632170 0.013988 4.792639 -0.632222 -0.774787 -0.000881 -1.405928 0.011395 -0.008161 -0.999902 0.389593
0.775267 -0.631567 0.009192 4.925136 -0.631602 -0.775292 0.001272 -1.497045 0.006323 -0.006792 -0.999957 0.367900
0.772055 -0.635551 0.002403 5.038373 -0.635542 -0.772009 0.009425 -1.589158 -0.004135 -0.008804 -0.999953 0.374929
0.775955 -0.630318 0.024336 5.172472 -0.629733 -0.776311 -0.027878 -1.680810 0.036464 0.006307 -0.999315 0.347696
0.803088 -0.595416 0.023017 5.284027 -0.594614 -0.803307 -0.033646 -1.820657 0.038523 0.013334 -0.999169 0.336101
0.828815 -0.558496 0.033876 5.418378 -0.557246 -0.829385 -0.039969 -1.944067 0.050419 0.014250 -0.998626 0.330831
0.857016 -0.515284 0.002197 5.519912 -0.514662 -0.856176 -0.045663 -1.994783 0.025410 0.038003 -0.998954 0.430736
0.862259 -0.506411 0.007492 5.668098 -0.505944 -0.861947 -0.032690 -2.083878 0.023012 0.024396 -0.999437 0.380764
0.863785 -0.503541 -0.017952 5.786620 -0.503855 -0.863404 -0.025762 -2.110104 -0.002528 0.031299 -0.999507 0.353729
0.863009 -0.505150 -0.006207 5.913645 -0.505148 -0.862720 -0.023222 -2.167296 0.006376 0.023176 -0.999711 0.376879
0.860417 -0.509572 -0.004358 6.040252 -0.509524 -0.860135 -0.023525 -2.253771 0.008240 0.022462 -0.999714 0.367258
0.861341 -0.508001 -0.005117 6.169159 -0.507985 -0.861100 -0.021393 -2.300360 0.006461 0.021026 -0.999758 0.371192
0.860663 -0.509118 0.007640 6.328696 -0.509072 -0.860694 -0.007239 -2.404683 0.010262 0.002341 -0.999945 0.374941
0.859779 -0.510666 0.000291 6.459836 -0.510642 -0.859743 -0.009285 -2.459068 0.004992 0.007834 -0.999957 0.358984
0.857421 -0.514445 -0.013246 6.576559 -0.514517 -0.857477 -0.002497 -2.554936 -0.010074 0.008956 -0.999909 0.413505
0.857761 -0.514033 0.003971 6.725448 -0.513985 -0.857751 -0.009088 -2.618212 0.008078 0.005754 -0.999951 0.366130
0.848690 -0.528769 0.011350 6.861139 -0.528541 -0.848713 -0.018159 -2.715442 0.019235 0.009413 -0.999771 0.421756
0.834006 -0.551742 0.003863 6.968094 -0.551683 -0.833989 -0.010370 -2.815204 0.008943 0.006518 -0.999939 0.423420
0.812170 -0.583345 0.009434 7.095861 -0.583126 -0.812167 -0.018659 -2.872312 0.018546 0.009653 -0.999781 0.339015
0.788996 -0.613855 0.025821 7.207045 -0.612912 -0.789313 -0.036379 -3.011206 0.042713 0.012877 -0.999004 0.393658
0.781936 -0.623266 0.010724 7.351218 -0.622350 -0.781534 -0.043414 -3.114512 0.035440 0.027273 -0.999000 0.457809
0.764288 -0.644730 0.013718 7.447889 -0.643967 -0.764167 -0.036816 -3.186670 0.034219 0.019304 -0.999228 0.368201
0.765592 -0.643279 0.007822 7.562042 -0.642504 -0.765171 -0.041257 -3.291152 0.032525 0.026560 -0.999118 0.375816
0.766377 -0.641040 0.041652 7.695785 -0.638871 -0.767352 -0.054910 -3.364381 0.067162 0.015471 -0.997622 0.363136
0.765138 -0.643862 0.002292 7.806558 -0.643592 -0.764912 -0.026421 -3.467215 0.018765 0.018741 -0.999648 0.429976
0.762130 -0.647420 0.002168 7.906431 -0.647357 -0.762095 -0.011790 -3.552901 0.009285 0.007582 -0.999928 0.363501
0.764016 -0.645196 0.001486 8.046228 -0.644932 -0.763766 -0.026929 -3.643740 0.018509 0.019616 -0.999636 0.432589
0.762502 -0.646887 0.011267 8.164078 -0.646889 -0.762574 -0.003946 -3.717741 0.011145 -0.004280 -0.999929 0.403267
0.760301 -0.649388 -0.015423 8.255451 -0.649571 -0.760067 -0.018865 -3.845784 0.000528 0.024361 -0.999703 0.432562
0.762757 -0.646295 -0.022453 8.369234 -0.646589 -0.762783 -0.009225 -3.930035 -0.011165 0.021554 -0.999705 0.411454
0.763197 -0.645889 -0.018892 8.490509 -0.646082 -0.763242 -0.006236 -4.016778 -0.010391 0.016965 -0.999802 0.407432
0.758515 -0.651170 -0.025165 8.615766 -0.651559 -0.758502 -0.012071 -4.146209 -0.011227 0.025552 -0.999610 0.449314
0.758097 -0.652136 -0.002701 8.717966 -0.652136 -0.758067 -0.007268 -4.199504 0.002692 0.007272 -0.999970 0.404165
0.753558 -0.657371 0.003802 8.835334 -0.657347 -0.753565 -0.005869 -4.336384 0.006723 0.001923 -0.999976 0.456579
0.753178 -0.657806 0.003740 8.964794 -0.657816 -0.753166 0.004401 -4.416446 -0.000079 -0.005775 -0.999983 0.430281
0.751198 -0.659802 0.019033 9.076902 -0.659586 -0.751439 -0.016914 -4.527937 0.025462 0.000152 -0.999676 0.426861
0.744209 -0.667576 0.022232 9.209057 -0.667538 -0.744506 -0.010175 -4.641752 0.023345 -0.007268 -0.999701 0.424794
0.732985 -0.680242 -0.002016 9.310599 -0.680151 -0.732831 -0.018774 -4.756709 0.011293 0.015132 -0.999822 0.430460
0.728862 -0.684642 -0.005014 9.387829 -0.684340 -0.728278 -0.035908 -4.836349 0.020932 0.029604 -0.999343 0.396814
0.720979 -0.691023 -0.051737 9.492152 -0.692631 -0.720919 -0.023213 -4.970573 -0.021258 0.052570 -0.998391 0.451071
0.718989 -0.694175 -0.034297 9.578751 -0.694963 -0.717417 -0.048366 -5.052881 0.008970 0.058610 -0.998241 0.411058
0.708960 -0.705242 0.003011 9.721504 -0.704250 -0.708176 -0.050184 -5.164237 0.037524 0.033458 -0.998735 0.458615
0.698460 -0.715429 -0.017747 9.805885 -0.715293 -0.697115 -0.048852 -5.293262 0.022578 0.046815 -0.998648 0.444748
0.696308 -0.716252 -0.046242 9.902902 -0.717012 -0.697061 0.000223 -5.349111 -0.032393 0.033001 -0.998930 0.453051
0.689197 -0.724556 -0.004997 10.004492 -0.723600 -0.687898 -0.056558 -5.442797 0.037542 0.042595 -0.998387 0.425627
0.681075 -0.732136 -0.010629 10.143469 -0.731390 -0.679549 -0.057280 -5.624366 0.034713 0.046786 -0.998302 0.480111
0.674506 -0.738263 -0.002975 10.245224 -0.736547 -0.672652 -0.070979 -5.733388 0.050400 0.050067 -0.997473 0.474937
0.669027 -0.743122 -0.013125 10.343611 -0.742514 -0.667492 -0.055917 -5.809727 0.032792 0.047156 -0.998349 0.476339
0.660769 -0.750260 -0.022211 10.416265 -0.750490 -0.659914 -0.035749 -5.909663 0.012164 0.040291 -0.999114 0.464877
0.667536 -0.744397 -0.016409 10.536904 -0.744564 -0.667227 -0.020816 -6.030393 0.004547 0.026113 -0.999649 0.549401
0.679081 -0.734062 0.001304 10.643730 -0.733853 -0.678929 -0.022690 -6.098289 0.017541 0.014452 -0.999742 0.437679
0.687164 -0.726346 0.015066 10.751681 -0.725832 -0.687273 -0.028706 -6.215489 0.031205 0.008790 -0.999474 0.473423
0.679196 -0.733957 -0.000160 10.863274 -0.733793 -0.679039 -0.021306 -6.372140 0.015529 0.014588 -0.999773 0.492005
0.673351 -0.739241 -0.011012 10.937112 -0.739272 -0.673054 -0.021806 -6.489049 0.008709 0.022824 -0.999702 0.489898
0.674086 -0.738621 -0.006864 11.051933 -0.738400 -0.673582 -0.032446 -6.604144 0.019342 0.026940 -0.999450 0.474290
0.674715 -0.737999 -0.010775 11.139773 -0.737953 -0.674261 -0.028217 -6.695447 0.013559 0.026990 -0.999544 0.479769
0.686006 -0.727326 0.019808 11.269839 -0.726860 -0.686283 -0.026266 -6.846960 0.032698 0.003621 -0.999459 0.493514
0.686784 -0.726788 -0.010347 11.343910 -0.726838 -0.686578 -0.017775 -6.932559 0.005815 0.019729 -0.999788 0.493799
0.687540 -0.726108 0.007452 11.460689 -0.726041 -0.687579 -0.010021 -7.014584 0.012400 0.001479 -0.999922 0.463678
0.691910 -0.721936 -0.008301 11.549130 -0.721702 -0.691272 -0.035897 -7.140148 0.020177 0.030828 -0.999321 0.517918
0.691233 -0.722621 -0.003960 11.660102 -0.722541 -0.691050 -0.019593 -7.216280 0.011422 0.016404 -0.999800 0.496266
0.690696 -0.723061 0.010987 11.762570 -0.722842 -0.690767 -0.018452 -7.341275 0.020932 0.004803 -0.999769 0.544054
0.693587 -0.720306 -0.009794 11.886399 -0.720334 -0.693345 -0.019770 -7.445331 0.007450 0.020767 -0.999757 0.476756
0.695763 -0.717984 -0.020318 11.991419 -0.718178 -0.695850 -0.003565 -7.561573 -0.011578 0.017072 -0.999787 0.509834
0.689242 -0.723921 -0.029725 12.094413 -0.724374 -0.689367 -0.007446 -7.662365 -0.015101 0.026664 -0.999530 0.468668
0.688238 -0.725482 0.002263 12.188794 -0.724726 -0.687656 -0.043607 -7.799417 0.033192 0.028372 -0.999046 0.557686
0.684730 -0.728778 0.005248 12.316245 -0.728327 -0.684529 -0.030973 -7.901383 0.026165 0.017385 -0.999506 0.511302
0.681815 -0.731498 0.006197 12.412641 -0.731126 -0.681699 -0.027223 -8.027421 0.024139 0.014030 -0.999610 0.534164
0.684651 -0.728836 -0.007146 12.523494 -0.728794 -0.684404 -0.021201 -8.138932 0.010562 0.019723 -0.999750 0.514734
0.682378 -0.730759 -0.018762 12.624739 -0.730970 -0.681893 -0.026542 -8.239789 0.006602 0.031826 -0.999472 0.499852
0.682859 -0.730165 -0.023716 12.719808 -0.730357 -0.681573 -0.045134 -8.368192 0.016791 0.048141 -0.998699 0.508810
0.681257 -0.731679 -0.023109 12.820456 -0.732037 -0.680768 -0.026023 -8.481735 0.003308 0.034645 -0.999394 0.533326
0.677456 -0.735344 -0.017960 12.925273 -0.735550 -0.677095 -0.022557 -8.569315 0.004427 0.028492 -0.999584 0.494108
0.677486 -0.735392 -0.014549 13.017536 -0.735520 -0.677470 -0.006713 -8.653965 -0.004920 0.015249 -0.999872 0.491571
0.681943 -0.731378 -0.006254 13.135647 -0.731403 -0.681896 -0.008216 -8.775636 0.001744 0.010177 -0.999947 0.547277
0.691622 -0.722239 -0.005412 13.223898 -0.721997 -0.691553 0.021777 -8.864005 -0.019471 -0.011154 -0.999748 0.473391
0.715298 -0.698801 0.005154 13.360523 -0.698710 -0.715297 -0.012443 -8.967413 0.012381 0.005299 -0.999909 0.522071
0.732158 -0.680475 0.029967 13.478305 -0.680689 -0.732562 -0.003958 -9.033886 0.024646 -0.017501 -0.999543 0.486675
0.733211 -0.680001 -0.000520 13.573141 -0.679935 -0.733129 -0.014519 -9.182561 0.009491 0.010999 -0.999894 0.565071
0.745163 -0.666776 0.011911 13.695439 -0.666561 -0.745240 -0.017747 -9.259135 0.020710 0.005285 -0.999772 0.539432
0.760344 -0.648734 -0.031960 13.767711 -0.649280 -0.760481 -0.010213 -9.389451 -0.017679 0.028516 -0.999437 0.554153
0.794217 -0.607473 -0.014039 13.904673 -0.607635 -0.793985 -0.019179 -9.462979 0.000504 0.023762 -0.999718 0.494790
0.827366 -0.561639 -0.005115 14.018475 -0.561474 -0.826820 -0.033402 -9.528941 0.014531 0.030508 -0.999429 0.519508
0.869242 -0.494061 -0.017926 14.118599 -0.494384 -0.868772 -0.028637 -9.575716 -0.001426 0.033755 -0.999429 0.518771
0.916626 -0.398367 -0.033179 14.223662 -0.399094 -0.916713 -0.019027 -9.595720 -0.022835 0.030682 -0.999268 0.507189
0.951914 -0.305424 -0.023995 14.319767 -0.305718 -0.952073 -0.009646 -9.612999 -0.019899 0.016518 -0.999666 0.473350
0.975934 -0.217919 -0.007986 14.462881 -0.218007 -0.975866 -0.012587 -9.628935 -0.005050 0.014025 -0.999889 0.485341
0.992737 -0.119538 -0.013569 14.649015 -0.119714 -0.992723 -0.012987 -9.640927 -0.011918 0.014518 -0.999824 0.482238
0.998850 -0.026412 -0.040007 14.817802 -0.027019 -0.999527 -0.014696 -9.695267 -0.039600 0.015760 -0.999091 0.489066
0.997935 0.059168 -0.024988 14.923554 0.059030 -0.998237 -0.006230 -9.726241 -0.025312 0.004742 -0.999668 0.528924
0.989154 0.143104 -0.033111 15.034049 0.142679 -0.989657 -0.014898 -9.699639 -0.034900 0.010012 -0.999341 0.525292
0.979245 0.202666 0.002286 15.196243 0.202671 -0.979245 -0.002087 -9.689121 0.001816 0.002507 -0.999995 0.479945
0.977953 0.207327 -0.024969 15.308759 0.207142 -0.978262 -0.009816 -9.698481 -0.026462 0.004428 -0.999640 0.492517
0.978794 0.203538 -0.023135 15.440287 0.203237 -0.979019 -0.014728 -9.677104 -0.025647 0.009714 -0.999624 0.486418
0.981631 0.186678 -0.039398 15.570407 0.187009 -0.982346 0.004866 -9.622841 -0.037794 -0.012144 -0.999212 0.480182
0.984588 0.173582 -0.021355 15.707196 0.173322 -0.984773 -0.013508 -9.603154 -0.023375 0.009599 -0.999681 0.480465
0.986024 0.163892 -0.029953 15.829265 0.163867 -0.986477 -0.003276 -9.574118 -0.030084 -0.001678 -0.999546 0.473931
0.987936 0.113868 -0.104957 15.953866 0.111710 -0.993394 -0.026236 -9.570757 -0.107251 0.014194 -0.994131 0.455809
0.988390 0.115008 -0.099286 16.106413 0.113294 -0.993301 -0.022756 -9.549818 -0.101238 0.011244 -0.994799 0.425261
0.992724 0.120099 -0.008647 16.293468 0.120082 -0.992761 -0.002378 -9.541529 -0.008869 0.001322 -0.999960 0.473010
0.988903 0.147094 0.020835 16.440573 0.147387 -0.988990 -0.013293 -9.522464 0.018651 0.016216 -0.999695 0.481262
0.988744 0.149545 0.004737 16.629157 0.149579 -0.988717 -0.008090 -9.499371 0.003474 0.008708 -0.999956 0.490045
0.987799 0.155241 -0.012408 16.772993 0.154964 -0.987700 -0.020870 -9.471839 -0.015495 0.018693 -0.999705 0.448035
0.989102 0.146970 -0.008832 16.888833 0.146996 -0.989134 0.002402 -9.418279 -0.008383 -0.003675 -0.999958 0.482980
0.990369 0.137293 -0.017914 17.074056 0.137032 -0.990452 -0.015070 -9.415669 -0.019812 0.012470 -0.999726 0.507674
0.991408 0.119716 -0.052709 17.189941 0.119548 -0.992808 -0.006344 -9.390700 -0.053090 -0.000012 -0.998590 0.497887
0.996269 0.086289 0.001126 17.355117 0.086297 -0.996202 -0.011596 -9.391378 0.000121 0.011650 -0.999932 0.467148
0.997037 0.073764 -0.021837 17.473849 0.073595 -0.997252 -0.008445 -9.377937 -0.022400 0.006812 -0.999726 0.448668
0.997070 0.076047 -0.008321 17.657119 0.076090 -0.997089 0.004973 -9.378401 -0.007919 -0.005591 -0.999953 0.486279
0.996494 0.061946 0.056231 17.814188 0.062089 -0.998070 -0.000791 -9.370747 0.056074 0.004280 -0.998417 0.496477
0.996794 0.074696 -0.028679 17.923012 0.075466 -0.996789 0.026786 -9.318185 -0.026586 -0.028865 -0.999230 0.467752
0.998446 0.027881 -0.048249 18.099677 0.028417 -0.999541 0.010457 -9.346912 -0.047935 -0.011812 -0.998781 0.511031
0.999705 -0.018772 0.015381 18.285889 -0.018716 -0.999818 -0.003745 -9.416637 0.015448 0.003456 -0.999875 0.519159
0.995497 -0.084547 -0.042857 18.390113 -0.082876 -0.995782 0.039370 -9.416236 -0.046004 -0.035641 -0.998305 0.503701
0.990130 -0.108054 -0.089257 18.515739 -0.104643 -0.993620 0.042053 -9.370648 -0.093231 -0.032298 -0.995120 0.356007
0.994930 -0.095875 -0.030368 18.688025 -0.095672 -0.995380 0.008076 -9.384057 -0.031002 -0.005130 -0.999506 0.396599
0.997039 -0.075731 0.013315 18.880641 -0.075585 -0.997077 -0.011148 -9.399557 0.014120 0.010108 -0.999849 0.438762
0.999514 -0.024180 0.019661 19.026295 -0.023825 -0.999553 -0.018076 -9.400302 0.020089 0.017598 -0.999643 0.436812
0.999053 0.023382 -0.036691 19.138585 0.022231 -0.999257 -0.031471 -9.388536 -0.037400 0.030626 -0.998831 0.431658
0.999010 0.044399 -0.002864 19.273867 0.044238 -0.998116 -0.042510 -9.382522 -0.004746 0.042341 -0.999092 0.467433
0.997159 0.074137 0.013303 19.425184 0.074770 -0.995627 -0.056010 -9.372968 0.009092 0.056846 -0.998342 0.471526
0.994544 0.081338 0.065324 19.600099 0.085556 -0.994236 -0.064610 -9.370387 0.059692 0.069847 -0.995770 0.427599
0.993958 0.104889 -0.032325 19.706538 0.101679 -0.990859 -0.088651 -9.386860 -0.041328 0.084828 -0.995538 0.424234
0.994719 0.102605 0.002315 19.866931 0.102574 -0.993163 -0.055725 -9.364205 -0.003418 0.055668 -0.998443 0.367024
0.993812 0.108696 0.022853 20.016999 0.110069 -0.991354 -0.071421 -9.353302 0.014892 0.073495 -0.997184 0.369862
0.992728 0.120193 -0.006663 20.150467 0.119844 -0.992019 -0.039196 -9.329239 -0.011321 0.038113 -0.999209 0.406411
0.991648 0.118348 -0.051257 20.297331 0.115878 -0.992066 -0.048759 -9.328120 -0.056621 0.042412 -0.997494 0.444300
0.988257 0.143449 -0.052639 20.465069 0.142067 -0.989428 -0.029130 -9.297432 -0.056261 0.021309 -0.998189 0.424257
0.989124 0.146613 -0.011739 20.627352 0.146211 -0.988803 -0.029852 -9.274820 -0.015984 0.027812 -0.999485 0.426134
0.989343 0.145348 -0.008649 20.753792 0.145138 -0.989181 -0.021344 -9.231947 -0.011657 0.019861 -0.999735 0.414791
0.985979 0.166864 0.000997 20.912222 0.166774 -0.985207 -0.039408 -9.215171 -0.005594 0.039022 -0.999223 0.408295
0.982216 0.186954 0.017311 21.083605 0.187408 -0.981822 -0.030047 -9.180390 0.011379 0.032757 -0.999399 0.418544
0.983364 0.180762 -0.017878 21.204186 0.179373 -0.981869 -0.061303 -9.166425 -0.028636 0.057077 -0.997959 0.420326
0.982917 0.182889 -0.020648 21.375043 0.181473 -0.981743 -0.056996 -9.132846 -0.030695 0.052275 -0.998161 0.461930
0.984597 0.174742 -0.005796 21.507748 0.174384 -0.983887 -0.039457 -9.126931 -0.012598 0.037839 -0.999204 0.399078
0.985251 0.170786 0.010595 21.635556 0.171107 -0.983892 -0.051766 -9.089829 0.001584 0.052815 -0.998603 0.389129
0.985601 0.168791 0.010017 21.795126 0.169071 -0.984623 -0.043972 -9.066501 0.002441 0.045032 -0.998983 0.389418
0.985406 0.168241 0.025889 21.936337 0.169118 -0.984917 -0.036577 -9.037405 0.019344 0.040422 -0.998995 0.393040
0.986121 0.163528 0.028719 22.083544 0.164377 -0.985936 -0.030191 -9.017565 0.023379 0.034492 -0.999131 0.437919
0.986799 0.161843 -0.005845 22.221043 0.161482 -0.986056 -0.040214 -8.989356 -0.012271 0.038739 -0.999174 0.424645
0.987073 0.158649 -0.022731 22.363619 0.158075 -0.987107 -0.025144 -8.956937 -0.026427 0.021226 -0.999425 0.430683
0.986446 0.161322 -0.029994 22.493158 0.160755 -0.986783 -0.020437 -8.927453 -0.032894 0.015339 -0.999341 0.426394
0.987978 0.154255 0.010230 22.676800 0.154482 -0.987618 -0.027326 -8.904267 0.005888 0.028578 -0.999574 0.441616
0.986799 0.159983 0.025144 22.817639 0.160375 -0.986951 -0.014418 -8.858548 0.022509 0.018260 -0.999580 0.399477
0.987906 0.153434 -0.022349 22.961817 0.152828 -0.987892 -0.026684 -8.850412 -0.026172 0.022945 -0.999394 0.359589
0.988112 0.153544 -0.007722 23.098771 0.153341 -0.987924 -0.022210 -8.825719 -0.011039 0.020762 -0.999724 0.361629
0.986241 0.159359 0.043980 23.265136 0.160847 -0.986440 -0.032629 -8.835771 0.038184 0.039254 -0.998499 0.430528
0.986055 0.166230 -0.007998 23.411417 0.165660 -0.985000 -0.048297 -8.798596 -0.015907 0.046298 -0.998801 0.375647
0.985802 0.164829 -0.032021 23.530520 0.163242 -0.985462 -0.047088 -8.773125 -0.039317 0.041193 -0.998377 0.371597
0.985583 0.168795 -0.011587 23.695308 0.167976 -0.984398 -0.052387 -8.774161 -0.020249 0.049685 -0.998560 0.453161
0.986076 0.165455 -0.016727 23.820471 0.164622 -0.985431 -0.042727 -8.731818 -0.023553 0.039379 -0.998947 0.426683
0.985056 0.170716 -0.022827 23.991436 0.169550 -0.984456 -0.045820 -8.702658 -0.030295 0.041265 -0.998689 0.398042
0.981585 0.189433 -0.024634 24.122703 0.188121 -0.980987 -0.047699 -8.672115 -0.033201 0.042187 -0.998558 0.395597
0.978056 0.207629 -0.017198 24.262255 0.206737 -0.977439 -0.043269 -8.643807 -0.025793 0.038764 -0.998915 0.408019
0.971199 0.237727 0.016094 24.415098 0.238256 -0.969677 -0.054407 -8.628478 0.002672 0.056675 -0.998389 0.425168
0.967976 0.250931 0.007467 24.534706 0.250956 -0.966437 -0.054965 -8.589909 -0.006576 0.055079 -0.998460 0.419123
0.967342 0.253353 -0.007844 24.678299 0.252311 -0.965403 -0.065851 -8.591089 -0.024256 0.061721 -0.997799 0.376902
0.967553 0.252292 0.013745 24.854384 0.252662 -0.965787 -0.058464 -8.532524 -0.001476 0.060039 -0.998195 0.417255
0.966171 0.257054 -0.020917 24.966704 0.254922 -0.964153 -0.073650 -8.501343 -0.039099 0.065826 -0.997065 0.408792
0.969900 0.238950 -0.046877 25.106972 0.236084 -0.969917 -0.059383 -8.458724 -0.059657 0.046528 -0.997134 0.355133
0.968457 0.248198 -0.022105 25.260345 0.246599 -0.967381 -0.057984 -8.406524 -0.035775 0.050704 -0.998073 0.404327
0.972109 0.233911 -0.017020 25.399750 0.233312 -0.971898 -0.031304 -8.358027 -0.023864 0.026460 -0.999365 0.396482
0.971042 0.238017 -0.020600 25.523054 0.236848 -0.970384 -0.047521 -8.331355 -0.031301 0.041266 -0.998658 0.395104
0.971491 0.232685 -0.045419 25.683535 0.230225 -0.971665 -0.053504 -8.309993 -0.056582 0.041522 -0.997534 0.350278
0.970659 0.234235 -0.054353 25.847814 0.231832 -0.971617 -0.047048 -8.237177 -0.063830 0.033067 -0.997413 0.371467
0.970452 0.239107 -0.032412 25.986548 0.237413 -0.970185 -0.048740 -8.207867 -0.043100 0.039605 -0.998285 0.343581
0.967482 0.244120 -0.066206 26.097678 0.240937 -0.969117 -0.052547 -8.172458 -0.076990 0.034887 -0.996421 0.331073
0.962931 0.265974 -0.044961 26.259642 0.264210 -0.963569 -0.041557 -8.115185 -0.054376 0.028137 -0.998124 0.300387
0.948108 0.314825 -0.044449 26.379620 0.313400 -0.948930 -0.036220 -8.104055 -0.053582 0.020410 -0.998355 0.335855
0.931027 0.360746 -0.055230 26.496987 0.358775 -0.932454 -0.042553 -8.048957 -0.066850 0.019803 -0.997567 0.327084
0.916561 0.395549 -0.058801 26.644873 0.393395 -0.918265 -0.045047 -7.988154 -0.071813 0.018156 -0.997253 0.308187
0.909091 0.414968 -0.036811 26.799611 0.413830 -0.909687 -0.034832 -7.911383 -0.047940 0.016432 -0.998715 0.307722
0.900749 0.429226 -0.066456 26.949042 0.426702 -0.903058 -0.049116 -7.840911 -0.081095 0.015885 -0.996580 0.273056
0.899158 0.436319 -0.033789 27.083177 0.435623 -0.899749 -0.026157 -7.770178 -0.041814 0.008800 -0.999087 0.274597
0.887988 0.450126 -0.094147 27.169131 0.449341 -0.892837 -0.030586 -7.704864 -0.097826 -0.015145 -0.995088 0.255806
0.881735 0.465317 -0.077606 27.349606 0.463223 -0.885139 -0.044206 -7.639309 -0.089262 0.003029 -0.996004 0.265783
0.875258 0.481342 -0.047264 27.456414 0.481652 -0.876346 -0.005347 -7.506707 -0.043994 -0.018085 -0.998868 0.171228
0.870389 0.491396 -0.030868 27.610420 0.490796 -0.870910 -0.025194 -7.451271 -0.039264 0.006779 -0.999206 0.248616
0.856737 0.515683 -0.008556 27.735879 0.515750 -0.856548 0.018099 -7.348170 0.002005 -0.019919 -0.999800 0.250536
0.850250 0.525375 -0.032496 27.834877 0.525563 -0.850749 -0.003129 -7.277734 -0.029290 -0.014418 -0.999467 0.167017
0.833320 0.548101 -0.071854 27.921045 0.548857 -0.835850 -0.010541 -7.171511 -0.065837 -0.030654 -0.997359 0.244873
0.820463 0.558960 -0.120015 28.004721 0.559259 -0.828280 -0.034365 -7.104178 -0.118614 -0.038925 -0.992177 0.227008
0.812016 0.582985 -0.027519 28.188045 0.583628 -0.811321 0.033694 -7.018396 -0.002684 -0.043421 -0.999053 0.290780
0.784896 0.609271 -0.112811 28.268275 0.610567 -0.791514 -0.026723 -6.969111 -0.105573 -0.047904 -0.993257 0.154506
0.764882 0.625661 -0.153311 28.350672 0.621340 -0.779374 -0.080699 -6.896313 -0.169977 -0.033533 -0.984877 0.117312
0.763655 0.641860 0.069612 28.551561 0.637421 -0.766690 0.076683 -6.732610 0.102590 -0.014187 -0.994623 0.143677
0.748658 0.662568 -0.022667 28.635553 0.661593 -0.748874 -0.038504 -6.720041 -0.042487 0.013830 -0.999001 0.269443
0.734739 0.676723 -0.046951 28.730460 0.676562 -0.736067 -0.021651 -6.583318 -0.049211 -0.015857 -0.998663 0.111006
0.725451 0.688089 -0.015943 28.869768 0.687800 -0.725616 -0.020291 -6.518718 -0.025531 0.003755 -0.999667 0.257248
0.686241 0.726218 -0.041005 28.947004 0.726163 -0.687261 -0.018965 -6.407300 -0.041954 -0.016761 -0.998979 0.244424
0.595608 0.801301 -0.056292 29.023528 0.801161 -0.597661 -0.030697 -6.313620 -0.058241 -0.026815 -0.997942 0.094552
0.496094 0.866557 -0.054503 29.047169 0.867650 -0.497132 -0.006549 -6.261252 -0.032770 -0.044041 -0.998492 0.101412
0.413090 0.908369 -0.064983 29.058106 0.907509 -0.416557 -0.053927 -6.192303 -0.076054 -0.036696 -0.996428 0.131772
0.343085 0.936401 -0.073798 29.085593 0.938363 -0.345199 -0.017699 -6.036919 -0.042048 -0.063177 -0.997116 0.128851
0.265161 0.961917 -0.066369 29.108968 0.963449 -0.267049 -0.021247 -5.909308 -0.038161 -0.058309 -0.997569 0.165823
0.194066 0.978442 -0.070642 29.144203 0.980189 -0.196311 -0.026284 -5.773943 -0.039585 -0.064141 -0.997155 0.161548
0.136533 0.987709 -0.076090 29.152729 0.989889 -0.139008 -0.028216 -5.631829 -0.038446 -0.071468 -0.996702 0.155421
0.077164 0.994553 -0.070068 29.162713 0.996849 -0.078256 -0.012980 -5.476693 -0.018393 -0.068846 -0.997458 0.131909
0.024211 0.997224 -0.070420 29.179403 0.999558 -0.025364 -0.015517 -5.325388 -0.017260 -0.070013 -0.997397 0.147192
-0.024463 0.997339 -0.068670 29.170150 0.999521 0.023099 -0.020592 -5.199607 -0.018951 -0.069141 -0.997427 0.136493
-0.066855 0.995370 -0.069057 29.145931 0.997741 0.066231 -0.011277 -5.053630 -0.006652 -0.069654 -0.997549 0.134644
-0.103106 0.992736 -0.061997 29.136894 0.994593 0.102118 -0.018906 -4.905914 -0.012438 -0.063611 -0.997897 0.120223
-0.113300 0.991622 -0.062035 29.140378 0.993507 0.112423 -0.017461 -4.749405 -0.010340 -0.063610 -0.997921 0.112435
-0.105119 0.993317 -0.047661 29.127803 0.994192 0.103857 -0.028230 -4.614182 -0.023092 -0.050352 -0.998465 0.108457
-0.096555 0.993469 -0.060800 29.117110 0.995317 0.096086 -0.010592 -4.430446 -0.004681 -0.061538 -0.998094 0.147118
-0.037966 0.997659 -0.056871 29.097743 0.999233 0.037360 -0.011694 -4.318146 -0.009542 -0.057272 -0.998313 0.145367
0.010056 0.998795 -0.048027 29.102680 0.999946 -0.010175 -0.002232 -4.183732 -0.002718 -0.048002 -0.998844 0.145094
0.064797 0.996726 -0.048352 29.112064 0.997574 -0.065935 -0.022331 -3.988120 -0.025446 -0.046788 -0.998581 0.102837
0.121404 0.991618 -0.044209 29.130695 0.992423 -0.122110 -0.013630 -3.907333 -0.018915 -0.042219 -0.998929 0.121146
0.150270 0.987698 -0.043254 29.149414 0.988493 -0.150870 -0.010943 -3.769237 -0.017334 -0.041112 -0.999004 0.118897
0.161676 0.985540 -0.050710 29.166970 0.986719 -0.162259 -0.007580 -3.602003 -0.015698 -0.048811 -0.998685 0.112218
0.171887 0.983840 -0.050128 29.210587 0.984994 -0.172447 -0.007034 -3.427028 -0.015565 -0.048167 -0.998718 0.134344
0.175433 0.983085 -0.052599 29.229755 0.984277 -0.176260 -0.011484 -3.288808 -0.020561 -0.049757 -0.998550 0.133739
0.175964 0.982819 -0.055717 29.266065 0.984284 -0.176518 -0.005155 -3.110565 -0.014902 -0.053935 -0.998433 0.115758
0.172951 0.983743 -0.048356 29.286174 0.984774 -0.173589 -0.009299 -2.968389 -0.017542 -0.046012 -0.998787 0.117085
0.164576 0.985804 -0.033238 29.311494 0.986338 -0.164725 -0.001780 -2.819945 -0.007230 -0.032491 -0.999446 0.122471
0.167929 0.984837 -0.043543 29.347004 0.985706 -0.168355 -0.006279 -2.642525 -0.013515 -0.041866 -0.999032 0.112713
0.164837 0.986031 -0.023899 29.352775 0.986225 -0.165111 -0.009979 -2.510329 -0.013785 -0.021925 -0.999665 0.104682
0.154662 0.987728 -0.021755 29.372254 0.987967 -0.154596 0.004661 -2.353261 0.001241 -0.022214 -0.999752 0.133296
0.150718 0.988499 -0.012425 29.393722 0.988560 -0.150776 -0.003908 -2.219121 -0.005737 -0.011694 -0.999915 0.132689
0.148489 0.988856 -0.010715 29.412374 0.988856 -0.148589 -0.009225 -2.047476 -0.010714 -0.009226 -0.999900 0.111324
0.146359 0.989231 0.000989 29.457013 0.989187 -0.146343 -0.009583 -1.922875 -0.009335 0.002381 -0.999954 0.095669
0.144774 0.989463 0.002030 29.475714 0.989437 -0.144754 -0.007773 -1.782661 -0.007397 0.003134 -0.999968 0.092886
0.145999 0.989273 0.004816 29.515695 0.989253 -0.146031 0.007282 -1.637471 0.007907 0.003701 -0.999962 0.096913
0.148825 0.988863 0.000885 29.537825 0.988544 -0.148799 0.025273 -1.473222 0.025123 -0.002887 -0.999680 0.109659
0.149442 0.988751 -0.006240 29.552436 0.988175 -0.149568 -0.033746 -1.362393 -0.034300 -0.001123 -0.999411 0.098955
0.148534 0.988907 -0.001196 29.577013 0.986993 -0.148321 -0.062010 -1.230283 -0.061500 0.008030 -0.998075 0.117849
0.149471 0.988766 -0.000764 29.569741 0.988303 -0.149425 -0.030472 -1.122072 -0.030244 0.003800 -0.999535 0.150305
0.151070 0.988512 -0.004641 29.582757 0.987349 -0.151118 -0.048007 -0.982925 -0.048157 0.002670 -0.998836 0.143775
0.139500 0.990221 -0.001080 29.594314 0.990213 -0.139503 -0.004175 -0.758620 -0.004285 -0.000487 -0.999991 0.074969
0.137353 0.990518 0.002786 29.639180 0.990371 -0.137283 -0.017852 -0.609149 -0.017301 0.005211 -0.999837 0.075665
0.136516 0.990553 0.012988 29.656804 0.990630 -0.136555 0.002230 -0.457072 0.003983 0.012562 -0.999913 0.080262
0.132581 0.991139 0.008052 29.697895 0.991167 -0.132602 0.002143 -0.264116 0.003192 0.007697 -0.999965 0.051489
0.130553 0.990879 0.033402 29.726850 0.991214 -0.131171 0.017021 -0.108964 0.021247 0.030887 -0.999297 0.060198
0.129451 0.991127 0.030164 29.741351 0.991302 -0.130082 0.019960 0.079457 0.023706 0.027318 -0.999346 0.123157
0.126754 0.991157 0.039270 29.778377 0.991475 -0.127800 0.025399 0.246890 0.030193 0.035715 -0.998906 0.103877
0.107609 0.994100 0.013598 29.785882 0.993998 -0.107307 -0.021273 0.354434 -0.019688 0.015805 -0.999681 0.134753
0.090660 0.995757 0.015769 29.795365 0.994343 -0.089629 -0.056991 0.487836 -0.055336 0.020847 -0.998250 0.128075
0.068756 0.997633 -0.000665 29.792546 0.997562 -0.068759 -0.011962 0.658924 -0.011980 0.000159 -0.999928 0.084664
0.042009 0.999053 0.011314 29.806809 0.997987 -0.041420 -0.048017 0.820109 -0.047503 0.013308 -0.998782 0.055697
0.016115 0.999855 0.005438 29.802669 0.999775 -0.016038 -0.013918 1.069513 -0.013829 0.005661 -0.999888 0.055584
-0.009473 0.999929 0.007243 29.824065 0.999181 0.009750 -0.039267 1.339451 -0.039335 0.006865 -0.999202 0.103812
-0.034060 0.999420 0.000329 29.809031 0.999395 0.034057 0.007048 1.637384 0.007033 0.000569 -0.999975 0.106965
-0.059522 0.998226 -0.001711 29.773567 0.998199 0.059533 0.007404 1.924809 0.007493 -0.001267 -0.999971 0.046425
-0.083470 0.996509 0.001766 29.743813 0.996487 0.083456 0.006947 2.232060 0.006775 0.002340 -0.999974 -0.005912
-0.098389 0.995115 0.008133 29.713756 0.995131 0.098431 -0.005044 2.498231 -0.005820 0.007597 -0.999954 -0.003076
-0.110691 0.993771 0.012916 29.701440 0.993823 0.110574 0.009450 2.789649 0.007963 0.013883 -0.999872 0.052765
-0.114692 0.993230 0.018443 29.657868 0.993398 0.114715 -0.000230 3.001904 -0.002344 0.018295 -0.999830 0.089556
-0.110366 0.993718 0.018522 29.612375 0.993884 0.110279 0.005676 3.222386 0.003598 0.019035 -0.999812 0.064777
-0.106339 0.993913 0.028789 29.596708 0.994321 0.106413 -0.001061 3.354605 -0.004118 0.028512 -0.999585 0.062532
-0.106841 0.994046 0.021369 29.597568 0.994153 0.107141 -0.013439 3.515819 -0.015648 0.019808 -0.999681 0.082776
-0.103378 0.994375 0.023041 29.585232 0.993949 0.104142 -0.034916 3.759769 -0.037120 0.019292 -0.999125 0.081809
-0.100222 0.994836 0.016023 29.548863 0.994804 0.100483 -0.016375 4.038728 -0.017900 0.014299 -0.999738 0.078122
-0.110826 0.993680 0.017826 29.516676 0.993665 0.110452 0.020743 4.354551 0.018643 0.020012 -0.999626 -0.001609
-0.106596 0.994209 0.013626 29.494132 0.994296 0.106633 -0.002054 4.587894 -0.003495 0.013329 -0.999905 0.008359
-0.109449 0.993871 0.015528 29.453752 0.993918 0.109618 -0.010513 4.846796 -0.012150 0.014283 -0.999824 0.007186
-0.111064 0.993694 0.015396 29.404037 0.993772 0.111187 -0.007421 5.133407 -0.009086 0.014476 -0.999854 -0.005793
-0.119574 0.992711 0.015051 29.380289 0.992772 0.119711 -0.008593 5.409351 -0.010333 0.013915 -0.999850 0.023954
-0.120172 0.992652 0.014133 29.337620 0.992607 0.120386 -0.015432 5.667852 -0.017020 0.012174 -0.999781 0.019222
-0.127054 0.991834 0.011057 29.268398 0.991834 0.127162 -0.009758 5.957979 -0.011085 0.009727 -0.999891 -0.002744
-0.126541 0.991928 0.008125 29.226840 0.991961 0.126536 0.001138 6.222588 0.000101 0.008204 -0.999966 -0.007975
-0.125799 0.992037 0.006050 29.215783 0.992021 0.125843 -0.007603 6.496072 -0.008304 0.005045 -0.999953 -0.000371
-0.128005 0.991765 0.004180 29.172225 0.991772 0.127996 0.002333 6.758607 0.001779 0.004444 -0.999989 0.000988
-0.125376 0.992109 0.000412 29.120267 0.992102 0.125377 -0.003796 7.021732 -0.003818 -0.000067 -0.999993 0.004830
-0.129232 0.991603 0.004761 29.098653 0.991614 0.129236 -0.000479 7.328104 -0.001091 0.004660 -0.999989 -0.029922
-0.128173 0.991752 0.000081 29.054542 0.991752 0.128173 -0.000174 7.582351 -0.000183 0.000058 -1.000000 -0.028430
-0.133426 0.991057 0.002137 29.038949 0.991054 0.133432 -0.002969 7.850455 -0.003227 0.001722 -0.999993 0.036232
-0.131296 0.991343 0.000996 28.976639 0.991342 0.131294 0.001727 8.113909 0.001582 0.001214 -0.999998 0.030921
-0.137757 0.990461 0.003041 28.930973 0.990454 0.137739 0.005384 8.378273 0.004914 0.003754 -0.999981 0.031279
-0.132567 0.991174 -0.000407 28.904227 0.991171 0.132568 0.002344 8.659274 0.002377 -0.000092 -0.999997 0.027354
-0.140602 0.990066 -0.000318 28.852744 0.990040 0.140600 0.007290 8.971586 0.007262 0.000710 -0.999973 0.021545
-0.138683 0.990336 0.001143 28.811410 0.990329 0.138686 -0.003932 9.217628 -0.004053 0.000586 -0.999992 0.019925
-0.142582 0.989781 -0.002144 28.792206 0.989766 0.142591 0.005489 9.505498 0.005739 -0.001339 -0.999983 0.027538
-0.141553 0.989928 -0.002476 28.744831 0.989921 0.141539 -0.004893 9.773474 -0.004493 -0.003143 -0.999985 0.008993
-0.131087 0.991369 -0.001993 28.705125 0.991363 0.131093 0.003633 10.022970 0.003863 -0.001499 -0.999991 0.009680
-0.099678 0.995019 -0.001122 28.709802 0.994998 0.099684 0.006475 10.300981 0.006555 -0.000471 -0.999978 0.021093
-0.076856 0.997040 -0.001866 28.699860 0.997017 0.076867 0.006981 10.586172 0.007104 -0.001324 -0.999974 0.016594
-0.041081 0.999155 -0.001255 28.680508 0.999150 0.041085 0.003425 10.834265 0.003474 -0.001113 -0.999993 0.011970
-0.037158 0.999308 0.001698 28.656657 0.999308 0.037155 0.001668 11.153412 0.001604 0.001758 -0.999997 0.001583
-0.028579 0.999591 -0.000554 28.639713 0.999568 0.028574 -0.006936 11.422882 -0.006917 -0.000752 -0.999976 0.002918
-0.027713 0.999616 -0.000444 28.624471 0.999616 0.027713 0.000108 11.673568 0.000121 -0.000441 -1.000000 0.005360
-0.031452 0.999505 0.000681 28.617485 0.999497 0.031449 0.004029 12.003521 0.004006 0.000807 -0.999992 0.007831
-0.038023 0.999274 0.002304 28.595446 0.999271 0.038015 0.003561 12.294095 0.003470 0.002438 -0.999991 0.002159
-0.037288 0.999303 -0.001719 28.576892 0.999303 0.037285 -0.002018 12.545581 -0.001952 -0.001793 -0.999996 0.001316
-0.042648 0.999083 0.003878 28.564491 0.999089 0.042643 0.001383 12.823630 0.001217 0.003933 -0.999992 0.002799
-0.036629 0.999327 0.001778 28.555797 0.999325 0.036624 0.002889 13.065891 0.002821 0.001882 -0.999994 0.041953
-0.040347 0.999176 0.004316 28.537198 0.999184 0.040339 0.002004 13.310209 0.001828 0.004393 -0.999989 0.039721
-0.040083 0.999193 0.002512 28.514102 0.999172 0.040099 -0.006839 13.615423 -0.006934 0.002236 -0.999973 0.018959
-0.043285 0.999049 0.005312 28.500988 0.999029 0.043327 -0.008027 13.925556 -0.008249 0.004959 -0.999954 -0.009780
-0.043328 0.999037 0.006953 28.481435 0.999054 0.043352 -0.003368 14.182161 -0.003667 0.006800 -0.999970 -0.007919
-0.052150 0.998639 0.000526 28.454665 0.998639 0.052149 0.000682 14.478570 0.000654 0.000560 -1.000000 0.001269
-0.045843 0.998949 0.000452 28.442059 0.998941 0.045845 -0.003765 14.766104 -0.003782 0.000279 -0.999993 -0.019109
-0.048810 0.998808 0.000493 28.422754 0.998796 0.048812 -0.004896 15.023105 -0.004915 0.000254 -0.999988 -0.019554
-0.047399 0.998874 0.001910 28.442370 0.998874 0.047395 0.001942 15.303013 0.001849 0.002000 -0.999996 -0.009452
-0.049490 0.998772 0.002318 28.414398 0.998770 0.049482 0.003315 15.591581 0.003197 0.002479 -0.999992 -0.004834
-0.048341 0.998831 0.000630 28.394146 0.998831 0.048342 -0.000308 15.834090 -0.000338 0.000614 -1.000000 -0.003537
-0.048062 0.998832 0.004952 28.410762 0.998844 0.048056 0.001268 16.121945 0.001029 0.005007 -0.999987 0.054133
-0.046570 0.998913 0.002094 28.390426 0.998900 0.046557 0.005671 16.359101 0.005568 0.002356 -0.999982 0.055842
-0.049510 0.998769 0.003072 28.339537 0.998773 0.049507 0.001190 16.621207 0.001037 0.003128 -0.999995 0.004879
-0.047215 0.998885 -0.000011 28.347512 0.998881 0.047214 -0.002737 16.924837 -0.002733 -0.000140 -0.999996 -0.011563
-0.050094 0.998738 0.003693 28.326842 0.998734 0.050110 -0.004362 17.188972 -0.004542 0.003470 -0.999984 -0.013194
-0.047938 0.998847 0.002424 28.297121 0.998838 0.047949 -0.004826 17.501051 -0.004937 0.002189 -0.999985 -0.017578
-0.039446 0.999210 0.004921 28.291482 0.999215 0.039464 -0.003553 17.772245 -0.003745 0.004777 -0.999982 0.007599
-0.038693 0.999227 0.006969 28.274774 0.999224 0.038742 -0.007088 18.011885 -0.007352 0.006690 -0.999951 0.008414
-0.042698 0.999048 0.008888 28.250825 0.999076 0.042740 -0.004565 18.300456 -0.004941 0.008685 -0.999950 -0.029245
-0.050029 0.998699 0.009848 28.264377 0.998719 0.050101 -0.007142 18.610984 -0.007626 0.009478 -0.999926 0.008465
-0.051585 0.998643 0.007100 28.240362 0.998649 0.051628 -0.005975 18.865926 -0.006334 0.006783 -0.999957 0.007108
-0.026068 0.999636 0.006961 28.207271 0.999635 0.026116 -0.006880 19.175920 -0.007059 0.006779 -0.999952 -0.029635
0.006462 0.999968 0.004782 28.230069 0.999929 -0.006414 -0.010011 19.454007 -0.009980 0.004846 -0.999938 -0.015077
0.020546 0.999735 0.010399 28.232665 0.999775 -0.020491 -0.005420 19.681137 -0.005205 0.010508 -0.999931 -0.016000
0.040665 0.999145 0.007502 28.238469 0.999106 -0.040575 -0.011855 19.936504 -0.011540 0.007977 -0.999902 -0.030291
0.057536 0.998324 0.006161 28.248427 0.998343 -0.057532 -0.000733 20.287888 -0.000377 0.006193 -0.999981 -0.031254
0.066386 0.997787 0.003699 28.257697 0.997699 -0.066328 -0.014053 20.537934 -0.013777 0.004623 -0.999894 -0.031789
0.063983 0.997926 0.007047 28.275333 0.997947 -0.063961 -0.003348 20.799834 -0.002890 0.007246 -0.999970 -0.066636
0.067745 0.997694 0.004063 28.276386 0.997664 -0.067706 -0.009120 21.089987 -0.008823 0.004672 -0.999950 -0.052626
0.067545 0.997646 0.011805 28.288728 0.997710 -0.067498 -0.004269 21.358156 -0.003462 0.012066 -0.999921 -0.055837
0.074873 0.997141 0.010156 28.346806 0.997168 -0.074794 -0.007917 21.679486 -0.007135 0.010720 -0.999917 -0.040103
0.069025 0.997563 0.010212 28.311874 0.997614 -0.069038 0.000883 21.966796 0.001586 0.010127 -0.999947 -0.050769
0.071060 0.997400 0.011951 28.322847 0.997469 -0.071086 0.001766 22.251579 0.002611 0.011796 -0.999927 -0.051531
