0.988895 0.016961 0.147646 0.712199 0.016855 -0.999856 0.001965 0.040815 0.147658 0.000545 -0.989038 0.045735
0.994601 0.005009 0.103648 0.756204 0.005299 -0.999983 -0.002516 0.036048 0.103633 0.003051 -0.994611 0.060021
0.997413 0.012279 0.070833 0.795938 0.011455 -0.999862 0.012032 0.042943 0.070971 -0.011190 -0.997416 0.079046
0.997316 0.009570 0.072590 0.846500 0.007451 -0.999540 0.029411 0.047089 0.072838 -0.028791 -0.996928 0.094298
0.996366 0.008429 0.084752 0.919120 0.008204 -0.999962 0.003006 0.036466 0.084774 -0.002300 -0.996398 0.106977
0.996219 0.010029 0.086301 0.991720 0.010802 -0.999906 -0.008496 0.031247 0.086207 0.009396 -0.996233 0.114629
0.997353 0.003781 0.072613 0.981189 0.003898 -0.999991 -0.001470 0.021536 0.072607 0.001749 -0.997359 0.075907
0.996657 -0.000419 0.081701 1.053133 -0.000768 -0.999991 0.004240 0.024139 0.081699 -0.004289 -0.996648 0.086036
0.994076 -0.008785 0.108332 1.136661 -0.010409 -0.999842 0.014431 0.018803 0.108188 -0.015473 -0.994010 0.096129
0.992628 -0.017371 0.119951 1.213730 -0.020161 -0.999553 0.022088 0.017019 0.119514 -0.024343 -0.992534 0.107689
0.990962 -0.038055 0.128628 1.282390 -0.043330 -0.998320 0.038457 0.020248 0.126949 -0.043683 -0.990947 0.119578
0.990937 -0.047588 0.125616 1.349840 -0.052400 -0.998003 0.035281 0.018052 0.123686 -0.041544 -0.991451 0.128116
0.988948 -0.070667 0.130337 1.407091 -0.074332 -0.996957 0.023466 -0.001304 0.128282 -0.032895 -0.991192 0.076462
0.985266 -0.089551 0.145712 1.478991 -0.093470 -0.995416 0.020263 -0.005344 0.143230 -0.033585 -0.989119 0.087997
0.986721 -0.113791 0.115905 1.471909 -0.116526 -0.993041 0.017077 -0.066623 0.113155 -0.030356 -0.993113 0.064486
0.983264 -0.137533 0.119487 1.521400 -0.140011 -0.990070 0.012557 -0.161884 0.116573 -0.029077 -0.992756 0.025539
0.980533 -0.154873 0.120706 1.587001 -0.158032 -0.987288 0.016993 -0.165381 0.116540 -0.035738 -0.992543 0.029882
0.979173 -0.176033 0.101160 1.656351 -0.178025 -0.983965 0.010939 -0.163495 0.097612 -0.028720 -0.994810 -0.014050
0.972836 -0.199086 0.118134 1.753857 -0.200067 -0.979775 -0.003612 -0.157220 0.116464 -0.020121 -0.992991 0.052836
0.971549 -0.223340 0.078811 1.804072 -0.225297 -0.974146 0.016765 -0.161453 0.073029 -0.034044 -0.996749 0.046636
0.968335 -0.243200 0.056401 1.898009 -0.244607 -0.969427 0.019449 -0.199851 0.049946 -0.032630 -0.998219 0.064756
0.958878 -0.275709 0.067361 1.959450 -0.276155 -0.961109 -0.002784 -0.227472 0.065508 -0.015932 -0.997725 0.073108
0.954916 -0.294596 0.036726 1.998508 -0.294352 -0.955622 -0.011993 -0.218217 0.038629 0.000642 -0.999253 0.029383
0.940926 -0.335821 0.043399 2.097711 -0.336103 -0.941825 -0.000829 -0.262268 0.041153 -0.013807 -0.999057 0.070428
0.937343 -0.344889 0.049386 2.169560 -0.344501 -0.938642 -0.016445 -0.291284 0.052027 -0.001599 -0.998644 0.074865
0.930649 -0.361337 0.057684 2.275878 -0.359225 -0.932218 -0.043890 -0.305950 0.069634 0.020124 -0.997370 0.117695
0.926141 -0.371250 0.066604 2.385471 -0.369106 -0.928415 -0.042490 -0.336444 0.077611 0.014767 -0.996874 0.131971
0.930373 -0.361935 0.058393 2.450949 -0.359503 -0.931898 -0.048201 -0.361329 0.071862 0.023852 -0.997129 0.134772
0.928305 -0.368839 0.046986 2.535466 -0.367107 -0.929247 -0.041614 -0.406742 0.059011 0.021382 -0.998028 0.157987
0.929828 -0.365218 0.045125 2.592098 -0.363824 -0.930761 -0.036270 -0.407974 0.055247 0.017307 -0.998323 0.149139
0.931821 -0.359883 0.046844 2.660100 -0.358844 -0.932939 -0.029263 -0.427642 0.054234 0.010459 -0.998473 0.154506
0.933705 -0.355662 0.041216 2.755636 -0.354198 -0.934363 -0.038854 -0.431836 0.052329 0.021679 -0.998395 0.178314
0.933198 -0.357848 0.032957 2.817201 -0.357108 -0.933692 -0.026318 -0.449890 0.040190 0.012790 -0.999110 0.178374
0.932618 -0.354557 0.067174 2.910456 -0.353937 -0.935026 -0.021318 -0.494439 0.070367 -0.003894 -0.997514 0.208404
0.933533 -0.348355 0.084643 2.986599 -0.347377 -0.937351 -0.026507 -0.516343 0.088574 -0.004658 -0.996059 0.211159
0.932145 -0.357367 0.058260 3.048147 -0.356696 -0.933964 -0.021887 -0.520819 0.062234 -0.000379 -0.998061 0.193292
0.934060 -0.355352 0.035444 3.103328 -0.355113 -0.934732 -0.013024 -0.538721 0.037759 -0.000421 -0.999287 0.191011
0.937983 -0.346571 0.008793 3.225126 -0.346538 -0.938022 -0.005059 -0.574837 0.010002 0.001698 -0.999949 0.263051
0.936947 -0.349412 0.006418 3.249340 -0.349421 -0.936966 0.000462 -0.594891 0.005852 -0.002676 -0.999979 0.217335
0.937209 -0.348156 0.020636 3.321092 -0.348072 -0.937437 -0.007663 -0.620009 0.022013 -0.000001 -0.999758 0.221732
0.935648 -0.352883 0.005988 3.379242 -0.352876 -0.935667 -0.002264 -0.643344 0.006402 0.000005 -0.999980 0.219640
0.935093 -0.354214 0.011535 3.462877 -0.354202 -0.935164 -0.003153 -0.662968 0.011904 -0.001137 -0.999928 0.228113
0.930880 -0.364889 0.017836 3.530258 -0.364744 -0.931044 -0.010906 -0.691818 0.020586 0.003647 -0.999781 0.230583
0.926306 -0.376747 0.004292 3.590044 -0.376689 -0.926282 -0.010350 -0.735172 0.007875 0.007971 -0.999937 0.222316
0.919089 -0.394033 0.003615 3.646913 -0.394025 -0.919096 -0.002807 -0.758763 0.004429 0.001155 -0.999990 0.222744
0.915332 -0.402695 -0.002295 3.741553 -0.402613 -0.914997 -0.026137 -0.825369 0.008425 0.024848 -0.999656 0.252573
0.908104 -0.418730 0.003568 3.804152 -0.418404 -0.907674 -0.032644 -0.859076 0.016907 0.028151 -0.999461 0.256969
0.889629 -0.456678 0.002526 3.866653 -0.456503 -0.889417 -0.023291 -0.851579 0.012883 0.019567 -0.999726 0.261886
0.879214 -0.476287 -0.011519 3.916784 -0.476425 -0.878889 -0.023962 -0.884061 0.001289 0.026555 -0.999647 0.262023
0.866944 -0.498265 0.011853 3.997495 -0.497707 -0.866742 -0.032344 -0.954827 0.026389 0.022141 -0.999407 0.305512
0.859813 -0.510545 -0.008069 4.051303 -0.510596 -0.859569 -0.020823 -0.985177 0.003695 0.022024 -0.999751 0.304759
0.842152 -0.539231 -0.003145 4.082051 -0.539169 -0.841932 -0.021163 -1.002453 0.008763 0.019518 -0.999771 0.249700
0.825986 -0.563577 0.011346 4.139746 -0.563575 -0.826057 -0.003643 -1.032880 0.011426 -0.003385 -0.999929 0.249766
0.812921 -0.581968 0.021756 4.197361 -0.582176 -0.813051 0.004300 -1.065094 0.015186 -0.016162 -0.999754 0.248921
0.809414 -0.587197 0.006966 4.279688 -0.587175 -0.809095 0.024319 -1.085263 -0.008644 -0.023774 -0.999680 0.223774
0.792386 -0.609763 0.017699 4.358319 -0.609914 -0.791373 0.041625 -1.128087 -0.011375 -0.043778 -0.998977 0.246892
0.791036 -0.611717 0.008062 4.412225 -0.611598 -0.790434 0.034079 -1.171388 -0.014475 -0.031888 -0.999387 0.245618
0.771856 -0.635533 0.018348 4.488320 -0.635449 -0.772067 -0.010835 -1.279593 0.021052 -0.003296 -0.999773 0.275366
0.774361 -0.632301 0.023691 4.547271 -0.632531 -0.774529 0.003028 -1.314573 0.016434 -0.017330 -0.999715 0.276695
0.774248 -0.632289 0.027388 4.599115 -0.632277 -0.774675 -0.010195 -1.356725 0.027663 -0.009424 -0.999573 0.280408
0.778356 -0.627328 0.024949 4.641628 -0.627206 -0.778738 -0.013419 -1.407434 0.027846 -0.005204 -0.999599 0.268278
0.779213 -0.626616 0.013375 4.691029 -0.626658 -0.779294 -0.001367 -1.438301 0.011280 -0.007316 -0.999910 0.267270
0.781723 -0.623613 0.004045 4.739084 -0.623614 -0.781651 0.011325 -1.452903 -0.003901 -0.011375 -0.999928 0.243069
0.781428 -0.623952 0.007395 4.791915 -0.623976 -0.781443 0.001236 -1.492271 0.005007 -0.005580 -0.999972 0.245286
0.772375 -0.635064 0.011415 4.886239 -0.635102 -0.772428 -0.000342 -1.588593 0.009035 -0.006985 -0.999935 0.268290
0.771839 -0.635813 0.002670 4.936791 -0.635807 -0.771794 0.009179 -1.624372 -0.003776 -0.008782 -0.999954 0.265649
0.772458 -0.635043 0.005402 5.002438 -0.635051 -0.772470 -0.000309 -1.682151 0.004369 -0.003192 -0.999985 0.268279
0.773113 -0.633795 0.024497 5.064887 -0.633179 -0.773472 -0.028726 -1.734269 0.037154 0.006697 -0.999287 0.274242
0.780014 -0.624720 0.036092 5.124408 -0.623713 -0.780829 -0.035888 -1.778618 0.050602 0.005482 -0.998704 0.277303
0.799045 -0.600843 0.022715 5.197084 -0.600012 -0.799246 -0.034520 -1.834687 0.038896 0.013954 -0.999146 0.281838
0.808338 -0.588685 0.006281 5.242402 -0.588162 -0.807991 -0.034871 -1.873739 0.025603 0.024493 -0.999372 0.286345
0.824855 -0.564347 0.033577 5.321000 -0.563127 -0.825424 -0.039531 -1.919330 0.050024 0.013699 -0.998654 0.273793
0.841685 -0.538771 0.035950 5.377691 -0.537174 -0.842235 -0.045658 -1.952604 0.054877 0.019118 -0.998310 0.274652
0.851305 -0.524666 0.002283 5.456368 -0.524031 -0.850474 -0.045665 -2.021523 0.025901 0.037678 -0.998954 0.322947
0.852778 -0.522243 0.005602 5.515614 -0.521568 -0.852135 -0.042817 -2.055658 0.027134 0.033592 -0.999067 0.326913
0.855236 -0.518196 0.006623 5.579781 -0.517750 -0.854914 -0.032501 -2.090693 0.022504 0.024367 -0.999450 0.307097
0.857733 -0.513922 -0.013388 5.630567 -0.514094 -0.857361 -0.025304 -2.120857 0.001526 0.028587 -0.999590 0.305611
0.859439 -0.510942 -0.017407 5.717153 -0.511235 -0.859064 -0.025464 -2.146876 -0.001943 0.030784 -0.999524 0.306659
0.857779 -0.513898 -0.011155 5.777567 -0.514005 -0.857399 -0.025782 -2.181062 0.003685 0.027849 -0.999605 0.309969
0.860675 -0.509114 -0.006467 5.839415 -0.509112 -0.860371 -0.023807 -2.227537 0.006557 0.023783 -0.999696 0.323393
0.859892 -0.510335 -0.011984 5.895917 -0.510476 -0.859643 -0.020714 -2.260564 0.000269 0.023929 -0.999714 0.322570
0.858089 -0.513474 -0.005282 5.959430 -0.513447 -0.857802 -0.023404 -2.294368 0.007486 0.022795 -0.999712 0.289329
0.858858 -0.512100 0.010801 6.025843 -0.511842 -0.858847 -0.019962 -2.326036 0.019499 0.011617 -0.999742 0.290255
0.859553 -0.511023 -0.005003 6.095566 -0.511001 -0.859303 -0.021801 -2.366127 0.006842 0.021296 -0.999750 0.300845
0.858542 -0.512722 -0.004616 6.155039 -0.512710 -0.858349 -0.019109 -2.399848 0.005836 0.018773 -0.999807 0.301757
0.857891 -0.513784 0.007029 6.229750 -0.513737 -0.857915 -0.007507 -2.437324 0.009887 0.002829 -0.999947 0.266730
0.859095 -0.511810 -0.002515 6.284966 -0.511813 -0.859059 -0.008058 -2.470276 0.001963 0.008210 -0.999964 0.266999
0.857707 -0.514139 0.000057 6.342691 -0.514116 -0.857670 -0.009368 -2.505555 0.004866 0.008006 -0.999956 0.267289
0.859614 -0.510812 -0.011581 6.430706 -0.510874 -0.859650 -0.003016 -2.547939 -0.008415 0.008509 -0.999928 0.282651
0.857323 -0.514593 -0.013835 6.488140 -0.514673 -0.857382 -0.002753 -2.582030 -0.010445 0.009480 -0.999901 0.284121
0.854887 -0.518796 0.004334 6.565484 -0.518785 -0.854898 -0.003400 -2.634225 0.005469 0.000658 -0.999985 0.284219
0.855138 -0.518387 0.003746 6.625984 -0.518338 -0.855124 -0.009378 -2.669752 0.008065 0.006077 -0.999949 0.284417
0.850485 -0.525943 0.007731 6.715814 -0.525641 -0.850356 -0.024435 -2.728902 0.019425 0.016718 -0.999672 0.329838
0.846395 -0.532448 0.010669 6.773988 -0.532225 -0.846406 -0.018251 -2.759364 0.018748 0.009769 -0.999777 0.330434
0.842135 -0.539226 0.006546 6.847200 -0.539191 -0.842159 -0.006476 -2.796112 0.009005 0.001924 -0.999958 0.282305
0.834100 -0.551603 0.003309 6.900728 -0.551550 -0.834080 -0.010113 -2.832673 0.008339 0.006610 -0.999943 0.282010
0.825699 -0.564105 0.002605 6.964998 -0.564013 -0.825633 -0.014804 -2.886788 0.010501 0.010754 -0.999887 0.278728
0.812071 -0.583486 0.009263 7.020026 -0.583252 -0.812056 -0.019580 -2.924710 0.018947 0.010498 -0.999765 0.280491
0.794777 -0.606850 0.007923 7.085244 -0.606646 -0.794754 -0.018626 -2.979139 0.017600 0.009997 -0.999795 0.313936
0.793320 -0.608264 0.025652 7.144787 -0.607308 -0.793620 -0.036671 -3.025173 0.042663 0.013513 -0.998998 0.318094
0.783273 -0.620943 0.030223 7.217943 -0.619546 -0.783687 -0.044692 -3.084878 0.051437 0.016282 -0.998544 0.299294
0.782826 -0.622156 0.010211 7.264061 -0.621254 -0.782405 -0.043430 -3.125042 0.035010 0.027654 -0.999004 0.300261
0.775103 -0.631811 0.005448 7.312335 -0.631230 -0.774710 -0.037058 -3.162930 0.027634 0.025285 -0.999298 0.302791
0.765616 -0.643144 0.014097 7.392496 -0.642352 -0.765494 -0.037440 -3.233511 0.034871 0.019609 -0.999199 0.341124
0.767382 -0.641180 0.003556 7.443420 -0.640801 -0.767098 -0.030584 -3.273588 0.022338 0.021191 -0.999526 0.344413
0.764139 -0.645001 0.008093 7.494524 -0.644184 -0.763703 -0.042246 -3.343374 0.033430 0.027069 -0.999074 0.337120
0.762021 -0.647239 0.020159 7.551201 -0.645914 -0.761938 -0.047394 -3.386968 0.046035 0.023095 -0.998673 0.344519
0.761981 -0.646235 0.042014 7.614913 -0.643986 -0.762977 -0.056108 -3.431532 0.068314 0.015697 -0.997540 0.347645
0.765224 -0.643401 0.021603 7.671596 -0.642248 -0.765294 -0.042935 -3.483098 0.044157 0.018980 -0.998844 0.336634
0.763162 -0.646205 0.001460 7.712955 -0.645949 -0.762919 -0.026541 -3.516234 0.018265 0.019312 -0.999647 0.337176
0.761609 -0.648007 -0.006113 7.782444 -0.647979 -0.761383 -0.020451 -3.569721 0.008598 0.019536 -0.999772 0.351024
0.760379 -0.649475 0.002527 7.835061 -0.649402 -0.760343 -0.012507 -3.606557 0.010045 0.007869 -0.999919 0.349649
0.761490 -0.648145 0.006449 7.891228 -0.648040 -0.761496 -0.012999 -3.657174 0.013336 0.005719 -0.999895 0.315715
0.761682 -0.647951 0.000983 7.937495 -0.647682 -0.761408 -0.027655 -3.705350 0.018668 0.020428 -0.999617 0.319334
0.758468 -0.651710 0.000605 8.012501 -0.651561 -0.758314 -0.020689 -3.770970 0.013942 0.015298 -0.999786 0.360370
0.758766 -0.651271 0.011006 8.069301 -0.651266 -0.758836 -0.004473 -3.804214 0.011265 -0.003774 -0.999929 0.357898
0.766042 -0.642776 -0.004326 8.117554 -0.642719 -0.765839 -0.020065 -3.852014 0.009584 0.018151 -0.999789 0.361198
0.759100 -0.650802 -0.014949 8.177280 -0.650972 -0.758844 -0.019762 -3.915171 0.001517 0.024733 -0.999693 0.350518
0.759421 -0.650366 -0.017425 8.228052 -0.650588 -0.759297 -0.014291 -3.952504 -0.003936 0.022189 -0.999746 0.347474
0.757382 -0.652605 -0.021881 8.277060 -0.652887 -0.757398 -0.009278 -3.993297 -0.010518 0.021313 -0.999718 0.347909
0.758228 -0.651849 -0.013535 8.343397 -0.651989 -0.758034 -0.017195 -4.054847 0.000948 0.021862 -0.999761 0.352217
0.759949 -0.649705 -0.019003 8.393979 -0.649909 -0.759979 -0.007098 -4.092804 -0.009831 0.017744 -0.999794 0.352695
0.760414 -0.648874 -0.027060 8.459819 -0.649374 -0.760265 -0.017626 -4.140560 -0.009136 0.030975 -0.999478 0.347416
0.755665 -0.654467 -0.025366 8.508900 -0.654858 -0.755660 -0.011793 -4.180826 -0.011449 0.025523 -0.999609 0.347733
0.755475 -0.655125 -0.008274 8.567528 -0.655151 -0.755498 -0.000524 -4.215653 -0.005908 0.005817 -0.999966 0.345613
0.755173 -0.655520 -0.002709 8.637463 -0.655518 -0.755136 -0.008147 -4.275609 0.003295 0.007929 -0.999963 0.352745
0.755135 -0.655548 -0.005299 8.685777 -0.655556 -0.755040 -0.012674 -4.317765 0.004308 0.013045 -0.999906 0.352050
0.752422 -0.658671 0.003623 8.774461 -0.658648 -0.752428 -0.005946 -4.372008 0.006642 0.002088 -0.999976 0.356078
0.754517 -0.656252 0.006015 8.826798 -0.656208 -0.754539 -0.007854 -4.413273 0.009693 0.001979 -0.999951 0.358545
0.751889 -0.659281 0.003362 8.886067 -0.659289 -0.751883 0.003058 -4.486584 0.000512 -0.004516 -0.999990 0.350849
0.749970 -0.661320 0.014187 8.940823 -0.661402 -0.750031 0.001451 -4.525892 0.009681 -0.010471 -0.999898 0.352644
0.750255 -0.660859 0.019596 8.994323 -0.660614 -0.750510 -0.018001 -4.576366 0.026603 0.000560 -0.999646 0.357184
0.743737 -0.668048 0.023831 9.059300 -0.667715 -0.744118 -0.021068 -4.635348 0.031807 -0.000243 -0.999494 0.346781
0.741511 -0.670578 0.022060 9.108058 -0.670546 -0.741802 -0.009949 -4.671544 0.023036 -0.007415 -0.999707 0.346295
0.738929 -0.673782 0.000779 9.174936 -0.673768 -0.738920 -0.005776 -4.755355 0.004468 0.003743 -0.999983 0.357325
0.732220 -0.681066 -0.001845 9.219685 -0.680964 -0.732058 -0.019468 -4.804418 0.011908 0.015512 -0.999809 0.359940
0.733521 -0.679649 -0.005005 9.278371 -0.679271 -0.732822 -0.039528 -4.852954 0.023197 0.032394 -0.999206 0.356237
0.725631 -0.688071 -0.004281 9.324278 -0.687738 -0.725054 -0.036252 -4.896819 0.021840 0.029250 -0.999334 0.357266
0.728956 -0.684092 -0.025338 9.355373 -0.684473 -0.727767 -0.043043 -4.971540 0.011005 0.048719 -0.998752 0.372808
0.720578 -0.691377 -0.052591 9.390016 -0.693043 -0.720503 -0.023815 -5.010009 -0.021427 0.053608 -0.998332 0.370781
0.718478 -0.694613 -0.036077 9.454174 -0.695544 -0.717310 -0.041045 -5.076788 0.002632 0.054583 -0.998506 0.372262
0.720032 -0.693093 -0.034300 9.503555 -0.693873 -0.718388 -0.049587 -5.124426 0.009728 0.059504 -0.998181 0.375410
0.708020 -0.705505 -0.031158 9.541892 -0.706101 -0.706530 -0.047286 -5.169440 0.011347 0.055480 -0.998395 0.339258
0.704579 -0.709625 0.001127 9.602143 -0.708705 -0.703744 -0.049806 -5.214492 0.036136 0.034293 -0.998758 0.344315
0.709819 -0.704347 -0.007204 9.695308 -0.703601 -0.708511 -0.054382 -5.294594 0.033200 0.043670 -0.998494 0.388332
0.700563 -0.713380 -0.017328 9.731526 -0.713211 -0.699192 -0.049615 -5.336956 0.023279 0.047117 -0.998618 0.388159
0.698797 -0.714598 -0.032128 9.795667 -0.715243 -0.698677 -0.016674 -5.368442 -0.010531 0.034631 -0.999345 0.373541
0.692131 -0.720366 -0.045026 9.835973 -0.721086 -0.692845 0.000357 -5.407090 -0.031453 0.032221 -0.998986 0.372156
0.691136 -0.722330 -0.023885 9.890638 -0.722626 -0.690117 -0.039376 -5.471485 0.011959 0.044474 -0.998939 0.385509
0.684568 -0.728928 -0.005443 9.927307 -0.727938 -0.683207 -0.057747 -5.562151 0.038374 0.043494 -0.998316 0.369247
0.681440 -0.731834 -0.007662 9.971288 -0.730578 -0.679574 -0.066591 -5.611895 0.043527 0.050975 -0.997751 0.369912
0.678249 -0.734754 -0.010726 10.064500 -0.733980 -0.676689 -0.058012 -5.708811 0.035366 0.047220 -0.998258 0.406466
0.677017 -0.735913 -0.008960 10.110428 -0.734877 -0.675301 -0.062643 -5.754853 0.040049 0.048995 -0.997996 0.412975
0.672961 -0.739671 -0.003206 10.160559 -0.737939 -0.671075 -0.071449 -5.809829 0.050697 0.050448 -0.997439 0.399999
0.666727 -0.745023 -0.020391 10.195939 -0.744835 -0.665090 -0.053637 -5.849152 0.026399 0.050949 -0.998352 0.397692
0.666686 -0.745205 -0.014098 10.257484 -0.744638 -0.665119 -0.055954 -5.894561 0.032321 0.047802 -0.998334 0.404822
0.666107 -0.745587 -0.020050 10.300537 -0.745399 -0.664517 -0.052884 -5.941112 0.026106 0.050171 -0.998399 0.404442
0.661022 -0.750034 -0.022332 10.339383 -0.750263 -0.660144 -0.036266 -5.978521 0.012459 0.040728 -0.999093 0.398003
0.662575 -0.748906 -0.011618 10.374693 -0.748915 -0.662195 -0.024983 -6.049098 0.011017 0.025254 -0.999620 0.386694
0.665158 -0.746495 -0.017617 10.417125 -0.746696 -0.664863 -0.020082 -6.095616 0.003278 0.026512 -0.999643 0.385720
0.672817 -0.739691 -0.013198 10.507467 -0.739802 -0.672627 -0.016286 -6.186378 0.003170 0.020721 -0.999780 0.444591
0.675287 -0.737554 0.001271 10.558722 -0.737312 -0.675107 -0.024530 -6.235755 0.018950 0.015627 -0.999698 0.446780
0.676032 -0.736674 0.017111 10.622243 -0.735824 -0.676126 -0.037649 -6.297439 0.039304 0.012861 -0.999145 0.408163
0.680378 -0.732719 0.014478 10.667910 -0.732175 -0.680463 -0.029851 -6.339772 0.031724 0.009710 -0.999449 0.410638
0.676274 -0.736570 0.010872 10.741629 -0.736144 -0.676283 -0.027074 -6.396703 0.027295 0.010307 -0.999574 0.414423
0.675619 -0.737251 -0.000855 10.781801 -0.737101 -0.675457 -0.020983 -6.441981 0.014892 0.014806 -0.999779 0.413970
0.675887 -0.736934 -0.010288 10.824266 -0.737003 -0.675780 -0.012203 -6.485421 0.002040 0.015830 -0.999873 0.414647
0.670381 -0.741937 -0.010866 10.859030 -0.741966 -0.670092 -0.021509 -6.554371 0.008677 0.022482 -0.999710 0.405051
0.672238 -0.740333 -0.001616 10.909104 -0.740085 -0.671952 -0.027476 -6.604406 0.019256 0.019666 -0.999621 0.407945
0.671429 -0.741035 -0.007021 10.948995 -0.740831 -0.670944 -0.031669 -6.651100 0.018757 0.026465 -0.999474 0.407394
0.673469 -0.738974 -0.018895 10.994128 -0.739200 -0.673073 -0.023557 -6.699031 0.004690 0.029832 -0.999544 0.393186
0.674202 -0.738455 -0.011669 11.041242 -0.738445 -0.673763 -0.027233 -6.747912 0.012248 0.026977 -0.999561 0.396375
0.677298 -0.735708 -0.001266 11.109207 -0.735475 -0.677038 -0.026373 -6.860615 0.018546 0.018793 -0.999651 0.407378
0.683011 -0.730165 0.018855 11.163638 -0.729677 -0.683254 -0.027102 -6.903245 0.032672 0.004753 -0.999455 0.408091
0.683668 -0.729654 0.014246 11.232407 -0.729363 -0.683805 -0.020984 -6.970933 0.025053 0.003955 -0.999678 0.417768
0.682380 -0.730928 -0.010116 11.264363 -0.730971 -0.682170 -0.018063 -7.016888 0.006302 0.019720 -0.999786 0.414142
0.680022 -0.732623 -0.028874 11.300892 -0.732822 -0.680403 0.004961 -7.054172 -0.023280 0.017786 -0.999571 0.412339
0.682697 -0.730673 0.006509 11.375991 -0.730597 -0.682723 -0.010832 -7.101147 0.012359 0.002639 -0.999920 0.417824
0.693049 -0.720890 -0.000267 11.426602 -0.720746 -0.692904 -0.020227 -7.151242 0.014397 0.014211 -0.999795 0.422342
0.689571 -0.724179 -0.007574 11.510296 -0.723906 -0.688929 -0.036551 -7.225173 0.021251 0.030688 -0.999303 0.446829
0.685489 -0.728081 0.001847 11.558758 -0.727871 -0.685348 -0.022388 -7.265478 0.017566 0.014002 -0.999748 0.450059
0.689934 -0.723865 -0.003254 11.605271 -0.723763 -0.689746 -0.020413 -7.308547 0.012532 0.016439 -0.999786 0.449885
0.687659 -0.726031 -0.001998 11.614235 -0.725955 -0.687541 -0.016652 -7.385075 0.010716 0.012901 -0.999859 0.408206
0.688469 -0.725208 0.009101 11.666457 -0.725006 -0.688504 -0.018116 -7.430445 0.019404 0.005874 -0.999794 0.410091
0.694870 -0.719122 -0.004373 11.743318 -0.718958 -0.694550 -0.026454 -7.507464 0.015986 0.021526 -0.999640 0.409294
0.690132 -0.723599 -0.011118 11.782457 -0.723651 -0.689874 -0.020074 -7.549420 0.006856 0.021899 -0.999737 0.409346
0.690097 -0.723715 -0.001494 11.832533 -0.723692 -0.690055 -0.009697 -7.586730 0.005987 0.007773 -0.999952 0.408300
0.690238 -0.723275 -0.021087 11.882468 -0.723481 -0.690337 -0.003308 -7.647741 -0.012164 0.017540 -0.999772 0.426589
0.686098 -0.726394 -0.040253 11.916190 -0.727102 -0.686515 -0.004544 -7.694833 -0.024333 0.032385 -0.999179 0.425430
0.683958 -0.728869 -0.030859 11.963873 -0.729355 -0.684093 -0.007582 -7.739447 -0.015584 0.027693 -0.999495 0.427929
0.686242 -0.727323 -0.008588 12.057571 -0.727293 -0.685943 -0.022973 -7.823028 0.010818 0.022011 -0.999699 0.425323
0.686802 -0.726840 0.002517 12.107195 -0.726051 -0.686210 -0.044338 -7.879177 0.033954 0.028624 -0.999013 0.430421
0.683322 -0.730102 0.004737 12.152830 -0.729139 -0.682728 -0.047321 -7.926697 0.037783 0.028881 -0.998869 0.430662
0.681263 -0.732018 0.005616 12.224162 -0.731551 -0.681069 -0.031281 -7.976249 0.026723 0.017202 -0.999495 0.457355
0.679617 -0.733567 0.000106 12.264719 -0.733291 -0.679365 -0.027337 -8.019659 0.020126 0.018501 -0.999626 0.458276
0.679267 -0.733874 0.004983 12.317272 -0.733536 -0.679134 -0.026478 -8.083940 0.022816 0.014331 -0.999637 0.434092
0.680825 -0.732405 0.007703 12.366356 -0.732051 -0.680766 -0.025680 -8.130747 0.024052 0.011845 -0.999641 0.433976
0.681366 -0.731909 -0.007017 12.433314 -0.731859 -0.681111 -0.021685 -8.215957 0.011092 0.019911 -0.999740 0.448778
0.680982 -0.732054 -0.018986 12.470668 -0.732300 -0.680789 -0.016241 -8.260454 -0.001037 0.024963 -0.999688 0.448404
0.678054 -0.734786 -0.018234 12.515135 -0.734974 -0.677556 -0.027031 -8.311962 0.007507 0.031730 -0.999468 0.452815
0.684265 -0.728868 -0.023091 12.571417 -0.729094 -0.683171 -0.041233 -8.389110 0.014278 0.045050 -0.998883 0.444562
0.680249 -0.732586 -0.024072 12.613676 -0.732781 -0.678927 -0.045714 -8.437470 0.017146 0.048737 -0.998664 0.445664
0.679281 -0.733727 -0.014868 12.663307 -0.733636 -0.678398 -0.039430 -8.481203 0.018844 0.037692 -0.999112 0.447198
0.676095 -0.736477 -0.022309 12.721507 -0.736801 -0.675590 -0.026510 -8.549715 0.004452 0.034361 -0.999400 0.452977
0.674662 -0.737050 -0.039862 12.758318 -0.738047 -0.674399 -0.021730 -8.594127 -0.010867 0.044080 -0.998969 0.454387
0.672176 -0.740170 -0.018102 12.819852 -0.740377 -0.671807 -0.022763 -8.654139 0.004688 0.028703 -0.999577 0.452160
0.674069 -0.738626 -0.007943 12.871015 -0.738663 -0.673985 -0.011026 -8.693990 0.002790 0.013300 -0.999908 0.450050
0.672103 -0.740316 -0.014520 12.912380 -0.740444 -0.672083 -0.006911 -8.739842 -0.004643 0.015396 -0.999871 0.449152
0.671238 -0.741217 -0.006103 12.959179 -0.741221 -0.671134 -0.013071 -8.788571 0.005593 0.013297 -0.999896 0.452555
0.678654 -0.734425 -0.006903 13.027585 -0.734456 -0.678603 -0.008491 -8.850958 0.001551 0.010832 -0.999940 0.450028
0.684012 -0.729470 0.001170 13.072531 -0.729447 -0.684001 -0.007010 -8.892023 0.005914 0.003942 -0.999975 0.447185
0.688692 -0.725038 -0.004844 13.118812 -0.724817 -0.688623 0.020949 -8.925392 -0.018525 -0.010916 -0.999769 0.442777
0.704258 -0.709709 -0.018238 13.180947 -0.709471 -0.704495 0.018386 -8.997441 -0.025898 -0.000009 -0.999665 0.415863
0.709589 -0.704603 0.004239 13.239644 -0.704514 -0.709575 -0.012768 -9.055916 0.012005 0.006073 -0.999909 0.424448
0.715042 -0.698315 0.032745 13.302337 -0.698434 -0.715611 -0.009542 -9.097678 0.030095 -0.016047 -0.999418 0.424480
0.725810 -0.687241 0.029977 13.379062 -0.687424 -0.726236 -0.005336 -9.174445 0.025437 -0.016733 -0.999536 0.448844
0.729848 -0.683534 -0.010178 13.413958 -0.683573 -0.729882 -0.000474 -9.217849 -0.007105 0.007304 -0.999948 0.452891
0.727190 -0.686435 -0.001050 13.462987 -0.686375 -0.727104 -0.014428 -9.265562 0.009140 0.011212 -0.999895 0.455273
0.724798 -0.688957 0.002555 13.533870 -0.688932 -0.724796 -0.006550 -9.323554 0.006364 0.002988 -0.999975 0.448607
0.735740 -0.677179 0.010748 13.586811 -0.676971 -0.735796 -0.017739 -9.367890 0.019921 0.005776 -0.999785 0.447164
0.746308 -0.665538 -0.009140 13.630030 -0.665545 -0.745999 -0.023117 -9.411932 0.008567 0.023335 -0.999691 0.448817
0.757817 -0.651678 -0.032100 13.679472 -0.652219 -0.757969 -0.009678 -9.465564 -0.018024 0.028271 -0.999438 0.409758
0.767196 -0.640787 -0.028325 13.733728 -0.640966 -0.767562 0.003457 -9.498851 -0.023956 0.015503 -0.999593 0.408280
0.787950 -0.615587 -0.013643 13.795848 -0.615738 -0.787721 -0.019033 -9.545488 0.000970 0.023397 -0.999726 0.414730
0.804249 -0.594245 -0.007561 13.877227 -0.594079 -0.803553 -0.037046 -9.620108 0.015939 0.034285 -0.999285 0.446887
0.822850 -0.568233 -0.005336 13.932649 -0.568055 -0.822267 -0.034503 -9.650723 0.015218 0.031422 -0.999390 0.446527
0.844448 -0.535610 -0.005465 13.987197 -0.535599 -0.844220 -0.020625 -9.670951 0.006434 0.020344 -0.999772 0.442655
0.865532 -0.500518 -0.018359 14.038160 -0.500853 -0.865034 -0.029365 -9.700715 -0.001183 0.034611 -0.999400 0.445601
0.891993 -0.451859 -0.013138 14.087611 -0.452050 -0.891645 -0.024892 -9.718354 -0.000467 0.028142 -0.999604 0.446429
0.910378 -0.412427 -0.033407 14.125685 -0.413155 -0.910467 -0.018751 -9.728004 -0.022683 0.030872 -0.999266 0.441428
0.929703 -0.367160 -0.029077 14.188680 -0.367618 -0.929897 -0.012181 -9.766995 -0.022566 0.022014 -0.999503 0.418105
0.946038 -0.323194 -0.023623 14.245519 -0.323478 -0.946190 -0.009280 -9.776322 -0.019353 0.016421 -0.999678 0.417987
0.959223 -0.282038 -0.018590 14.305244 -0.282397 -0.959073 -0.020781 -9.791895 -0.011968 0.025183 -0.999611 0.420703
0.970921 -0.239276 -0.007636 14.389860 -0.239359 -0.970847 -0.012782 -9.800064 -0.004354 0.014238 -0.999889 0.411157
0.981394 -0.192005 0.000345 14.451670 -0.191982 -0.981302 -0.013742 -9.805899 0.002977 0.013420 -0.999906 0.409363
0.989006 -0.147236 -0.013746 14.502293 -0.147421 -0.988980 -0.013642 -9.810096 -0.011586 0.015519 -0.999812 0.405776
0.993650 -0.104870 -0.040770 14.573958 -0.105478 -0.994336 -0.013058 -9.826322 -0.039170 0.017275 -0.999083 0.408726
0.997474 -0.058008 -0.040984 14.630890 -0.058597 -0.998193 -0.013311 -9.823706 -0.040138 0.015678 -0.999071 0.407525
0.999311 -0.015289 -0.033832 14.692453 -0.015804 -0.999763 -0.015002 -9.820025 -0.033594 0.015527 -0.999315 0.407984
0.999223 0.030751 -0.024672 14.767816 0.030600 -0.999511 -0.006472 -9.817082 -0.024859 0.005712 -0.999675 0.417547
0.996586 0.076900 -0.030053 14.822461 0.076386 -0.996918 -0.017880 -9.808921 -0.031335 0.015523 -0.999388 0.417612
0.992835 0.114776 -0.033256 14.879851 0.114333 -0.993330 -0.014927 -9.793733 -0.034747 0.011018 -0.999335 0.414561
0.989578 0.143825 -0.006978 14.960344 0.143796 -0.989597 -0.004471 -9.779290 -0.007549 0.003421 -0.999966 0.419268
0.984625 0.174671 0.002108 15.024404 0.174677 -0.984621 -0.003054 -9.761347 0.001543 0.003375 -0.999993 0.418429
0.982968 0.182417 -0.022300 15.093316 0.182168 -0.983185 -0.012754 -9.753812 -0.024252 0.008474 -0.999670 0.411330
0.983061 0.181528 -0.025267 15.150050 0.181323 -0.983371 -0.010173 -9.739473 -0.026694 0.005419 -0.999629 0.408820
0.982518 0.185449 -0.016336 15.213422 0.185307 -0.982631 -0.009859 -9.725335 -0.017880 0.006660 -0.999818 0.409650
0.983275 0.180507 -0.024230 15.271218 0.180195 -0.983524 -0.014516 -9.716053 -0.026451 0.009908 -0.999601 0.405794
0.983470 0.172084 -0.056332 15.373166 0.171669 -0.985080 -0.012161 -9.706063 -0.057584 0.002290 -0.998338 0.407998
0.984641 0.170124 -0.039246 15.441813 0.170447 -0.985354 0.005015 -9.686814 -0.037818 -0.011628 -0.999217 0.408779
0.984581 0.173227 -0.024357 15.514310 0.173006 -0.984860 -0.010913 -9.679943 -0.025879 0.006531 -0.999644 0.410590
0.986896 0.160049 -0.020516 15.616884 0.159787 -0.987055 -0.013824 -9.689072 -0.022463 0.010365 -0.999694 0.400066
0.988961 0.147567 -0.013461 15.682589 0.147723 -0.988963 0.011435 -9.668358 -0.011625 -0.013297 -0.999844 0.398780
0.988236 0.150203 -0.028773 15.740335 0.150168 -0.988655 -0.003383 -9.661307 -0.028955 -0.000978 -0.999580 0.393775
0.989457 0.133236 -0.056775 15.818441 0.131207 -0.990623 -0.038092 -9.674539 -0.061318 0.030241 -0.997660 0.405445
0.989284 0.100879 -0.105547 15.854700 0.098755 -0.994793 -0.025181 -9.670313 -0.107538 0.014488 -0.994095 0.396126
0.986715 0.093700 -0.132720 15.903368 0.094487 -0.995526 -0.000374 -9.652976 -0.132161 -0.012171 -0.991154 0.386542
0.989872 0.102090 -0.098645 16.024949 0.100450 -0.994711 -0.021467 -9.648706 -0.100314 0.011341 -0.994891 0.374905
0.992179 0.119394 -0.036403 16.119335 0.118066 -0.992327 -0.036698 -9.647757 -0.040505 0.032113 -0.998663 0.380250
0.993209 0.116114 -0.007332 16.200927 0.116101 -0.993235 -0.002273 -9.625807 -0.007547 0.001406 -0.999971 0.373900
0.991210 0.132256 0.003444 16.258624 0.132253 -0.991215 0.001115 -9.638690 0.003561 -0.000650 -0.999993 0.377378
0.990183 0.138238 0.020672 16.332502 0.138551 -0.990248 -0.014552 -9.639839 0.018459 0.017274 -0.999680 0.379113
0.990225 0.134240 0.037864 16.402737 0.135124 -0.990589 -0.021817 -9.635323 0.034579 0.026720 -0.999045 0.381064
0.990990 0.133890 0.003544 16.456957 0.133918 -0.990949 -0.009235 -9.617086 0.002275 0.009627 -0.999951 0.372712
0.989439 0.142811 -0.024814 16.601767 0.142679 -0.989744 -0.007021 -9.582383 -0.025562 0.003406 -0.999667 0.370657
0.988919 0.147962 -0.012144 16.671977 0.147677 -0.988797 -0.021717 -9.575108 -0.015222 0.019683 -0.999690 0.377584
0.989710 0.142468 0.013300 16.745871 0.142657 -0.989666 -0.014489 -9.559585 0.011098 0.016237 -0.999807 0.377589
0.989711 0.142878 -0.007618 16.843100 0.142893 -0.989737 0.001489 -9.530710 -0.007327 -0.002562 -0.999970 0.369388
0.989648 0.143062 -0.011363 16.904528 0.143008 -0.989707 -0.005437 -9.520065 -0.012023 0.003756 -0.999921 0.369607
0.990718 0.134762 -0.017805 16.966526 0.134494 -0.990793 -0.015497 -9.512156 -0.019729 0.012958 -0.999721 0.369659
0.990805 0.123585 -0.055065 17.023338 0.123080 -0.992318 -0.012480 -9.515540 -0.056184 0.005587 -0.998405 0.392685
0.991680 0.117201 -0.053250 17.086335 0.116972 -0.993108 -0.007401 -9.503918 -0.053751 0.001111 -0.998554 0.389679
0.994839 0.097435 -0.028298 17.163262 0.097117 -0.995196 -0.012420 -9.501655 -0.029373 0.009608 -0.999522 0.394156
0.996638 0.081929 0.000952 17.267365 0.081935 -0.996562 -0.012266 -9.501279 -0.000057 0.012303 -0.999924 0.378357
0.997106 0.075354 0.010054 17.336643 0.075383 -0.997151 -0.002583 -9.490432 0.009831 0.003334 -0.999946 0.378455
0.997080 0.073366 -0.021179 17.389632 0.073180 -0.997274 -0.009434 -9.485662 -0.021813 0.007856 -0.999731 0.373952
0.997240 0.069371 -0.026446 17.474639 0.069246 -0.997584 -0.005589 -9.475851 -0.026770 0.003742 -0.999635 0.343653
0.997203 0.074274 -0.008338 17.547626 0.074315 -0.997224 0.004741 -9.462496 -0.007962 -0.005348 -0.999954 0.347190
0.996927 0.076314 0.017681 17.625430 0.076329 -0.997083 -0.000189 -9.456817 0.017615 0.001538 -0.999844 0.353543
0.996623 0.059684 0.056388 17.753384 0.059840 -0.998207 -0.001074 -9.449455 0.056223 0.004445 -0.998408 0.374928
0.998565 0.053048 -0.007381 17.794161 0.053297 -0.997820 0.038910 -9.424835 -0.005301 -0.039247 -0.999215 0.361727
0.997356 0.067224 -0.027593 17.846053 0.067957 -0.997335 0.026545 -9.418392 -0.025735 -0.028350 -0.999267 0.359317
0.997453 0.070156 -0.012887 17.961792 0.069961 -0.997437 -0.014987 -9.441755 -0.013905 0.014047 -0.999805 0.378009
0.998440 0.027958 -0.048338 18.013510 0.028466 -0.999546 0.009853 -9.435034 -0.048041 -0.011213 -0.998782 0.368664
0.999969 -0.003080 -0.007257 18.088499 -0.002704 -0.998680 0.051288 -9.416983 -0.007405 -0.051267 -0.998658 0.371313
0.999669 -0.020337 0.015730 18.162231 -0.020278 -0.999787 -0.003897 -9.440029 0.015806 0.003576 -0.999869 0.375036
0.997881 -0.058286 -0.028904 18.188142 -0.057748 -0.998148 0.019108 -9.427103 -0.029964 -0.017398 -0.999400 0.354250
0.996070 -0.076661 -0.044359 18.246853 -0.074922 -0.996402 0.039629 -9.421207 -0.047237 -0.036149 -0.998229 0.347157
0.995199 -0.089435 -0.039759 18.315258 -0.088852 -0.995913 0.016209 -9.437686 -0.041046 -0.012598 -0.999078 0.348256
0.990435 -0.104940 -0.089584 18.371365 -0.101546 -0.993958 0.041655 -9.426169 -0.093414 -0.032160 -0.995108 0.284191
0.992807 -0.101648 -0.063254 18.451941 -0.099980 -0.994566 0.029009 -9.435301 -0.065859 -0.022477 -0.997576 0.290980
0.994911 -0.095935 -0.030788 18.568285 -0.095748 -0.995377 0.007507 -9.471039 -0.031366 -0.004521 -0.999498 0.327662
0.995564 -0.091613 -0.021412 18.646471 -0.091375 -0.995746 0.011835 -9.473097 -0.022405 -0.009826 -0.999701 0.329236
0.996755 -0.071294 0.037381 18.744597 -0.071262 -0.997455 -0.002202 -9.478909 0.037443 -0.000469 -0.999299 0.344341
0.997149 -0.057969 0.048310 18.822453 -0.057397 -0.998265 -0.013140 -9.486916 0.048988 0.010329 -0.998746 0.343483
0.999370 -0.029628 0.019539 18.926731 -0.029239 -0.999374 -0.019912 -9.535546 0.020116 0.019329 -0.999611 0.392663
0.999952 -0.004729 0.008633 18.993881 -0.004575 -0.999832 -0.017721 -9.528141 0.008716 0.017681 -0.999806 0.393591
0.999113 0.021348 -0.036305 19.044991 0.020167 -0.999265 -0.032600 -9.529041 -0.036975 0.031839 -0.998809 0.387684
0.998914 0.024821 -0.039437 19.110975 0.023592 -0.999231 -0.031325 -9.535546 -0.040184 0.030361 -0.998731 0.355272
0.999305 0.037088 -0.003762 19.197398 0.036888 -0.998359 -0.043803 -9.531241 -0.005380 0.043634 -0.999033 0.364560
0.998420 0.052406 0.020285 19.281584 0.053246 -0.997639 -0.043365 -9.524739 0.017964 0.044377 -0.998853 0.368645
0.998211 0.058372 0.012928 19.358994 0.059017 -0.996627 -0.057022 -9.553536 0.009556 0.057683 -0.998289 0.367404
0.996657 0.068540 0.044455 19.442966 0.071754 -0.994579 -0.075254 -9.553003 0.039056 0.078193 -0.996173 0.379187
0.995703 0.066148 0.064813 19.523494 0.070434 -0.995315 -0.066241 -9.544103 0.060127 0.070521 -0.995696 0.381933
0.996382 0.082703 0.019568 19.570456 0.083655 -0.995015 -0.054293 -9.529656 0.014981 0.055733 -0.998333 0.369640
0.994766 0.096400 -0.033887 19.625592 0.093086 -0.991709 -0.088587 -9.527652 -0.042146 0.084969 -0.995492 0.361154
0.995245 0.091779 -0.032628 19.694813 0.088771 -0.992500 -0.084041 -9.523253 -0.040097 0.080745 -0.995928 0.364267
0.995511 0.094642 0.000730 19.776965 0.094534 -0.993941 -0.056080 -9.498884 -0.004582 0.055898 -0.998426 0.364255
0.994364 0.106008 0.001641 19.848842 0.105876 -0.992084 -0.067525 -9.496354 -0.005530 0.067318 -0.997716 0.350881
0.994925 0.098409 0.020985 19.927294 0.099670 -0.992458 -0.071371 -9.492844 0.013803 0.073101 -0.997229 0.356567
0.995489 0.094340 0.010105 19.994919 0.094614 -0.995020 -0.031361 -9.465254 0.007096 0.032175 -0.999457 0.353945
0.993574 0.113033 -0.005882 20.084575 0.112720 -0.992858 -0.039070 -9.440799 -0.010256 0.038156 -0.999219 0.324332
0.993488 0.112988 -0.014663 20.149353 0.111991 -0.992086 -0.056781 -9.442801 -0.020963 0.054769 -0.998279 0.326485
0.992773 0.108477 -0.051334 20.211609 0.106004 -0.993174 -0.048661 -9.441845 -0.056262 0.042867 -0.997495 0.354143
0.989369 0.118281 -0.084609 20.265410 0.116234 -0.992806 -0.028743 -9.419935 -0.087400 0.018603 -0.996000 0.348426
0.989998 0.130807 -0.052849 20.348279 0.129420 -0.991169 -0.028880 -9.406396 -0.056160 0.021751 -0.998185 0.350861
0.990272 0.138496 -0.013396 20.436933 0.137797 -0.989497 -0.043668 -9.400120 -0.019303 0.041398 -0.998956 0.355716
0.990889 0.134185 -0.011566 20.532682 0.133789 -0.990554 -0.030059 -9.396659 -0.015490 0.028237 -0.999481 0.358080
0.990786 0.134931 -0.011714 20.602386 0.134668 -0.990670 -0.020933 -9.378820 -0.014430 0.019163 -0.999712 0.356859
0.990943 0.134045 -0.007955 20.689451 0.133832 -0.990736 -0.023040 -9.382171 -0.010970 0.021767 -0.999703 0.360777
0.989157 0.146663 0.007621 20.765333 0.146840 -0.988561 -0.034425 -9.373450 0.002485 0.035171 -0.999378 0.361999
0.987567 0.157198 0.001035 20.836361 0.157112 -0.986760 -0.040260 -9.362489 -0.005308 0.039922 -0.999189 0.362651
0.985948 0.162969 0.036704 20.916978 0.164520 -0.985384 -0.044168 -9.350920 0.028970 0.049586 -0.998350 0.367849
0.983439 0.180377 0.017669 21.006881 0.180858 -0.983020 -0.031028 -9.326849 0.011772 0.033710 -0.999362 0.349782
0.985394 0.170148 -0.006922 21.061356 0.169752 -0.984702 -0.039330 -9.318214 -0.013508 0.037580 -0.999202 0.345110
0.984250 0.175840 -0.018242 21.129705 0.174419 -0.982722 -0.061935 -9.312209 -0.028818 0.057778 -0.997913 0.333274
0.985220 0.170433 -0.017177 21.198940 0.169412 -0.984304 -0.049451 -9.295522 -0.025336 0.045810 -0.998629 0.329888
0.984247 0.175557 -0.020937 21.263132 0.174130 -0.983063 -0.057156 -9.282732 -0.030616 0.052610 -0.998146 0.331515
0.985552 0.168388 -0.018238 21.331856 0.167536 -0.985010 -0.041081 -9.266124 -0.024882 0.037432 -0.998989 0.331421
0.986324 0.164750 -0.004735 21.415930 0.164437 -0.985592 -0.039619 -9.281006 -0.011194 0.038299 -0.999204 0.342268
0.985945 0.167062 -0.001461 21.486618 0.166752 -0.984582 -0.052846 -9.274477 -0.010267 0.051859 -0.998602 0.345235
0.987059 0.159972 0.011130 21.558177 0.160338 -0.985662 -0.052553 -9.264043 0.002563 0.053657 -0.998556 0.348280
0.986533 0.163522 0.003694 21.638353 0.163531 -0.985634 -0.042227 -9.218786 -0.003264 0.042262 -0.999101 0.342601
0.986488 0.163532 0.009903 21.707831 0.163813 -0.985489 -0.044454 -9.208065 0.002490 0.045476 -0.998962 0.344035
0.986502 0.161913 0.024472 21.796126 0.162873 -0.985652 -0.044299 -9.205351 0.016948 0.047687 -0.998719 0.327230
0.986435 0.162114 0.025803 21.864315 0.163004 -0.985922 -0.037248 -9.189183 0.019401 0.040949 -0.998973 0.327081
0.986648 0.160716 0.026374 21.930780 0.161672 -0.986061 -0.039318 -9.177506 0.019688 0.043057 -0.998879 0.327053
0.986927 0.158502 0.029190 22.012706 0.159406 -0.986701 -0.031803 -9.168203 0.023761 0.036040 -0.999068 0.337212
0.987229 0.159145 0.007229 22.067791 0.159294 -0.986737 -0.031223 -9.152552 0.002164 0.031976 -0.999486 0.331110
0.987788 0.155686 -0.006060 22.126019 0.155312 -0.987012 -0.041060 -9.144969 -0.012374 0.039618 -0.999138 0.329737
0.988975 0.147611 -0.011782 22.226166 0.147288 -0.988783 -0.024787 -9.128193 -0.015308 0.022778 -0.999623 0.328519
0.988098 0.152232 -0.022073 22.286845 0.151651 -0.988093 -0.025968 -9.112215 -0.025763 0.022311 -0.999419 0.324387
0.987814 0.151531 -0.035525 22.346719 0.150568 -0.988192 -0.028376 -9.101821 -0.039406 0.022681 -0.998966 0.320363
0.987324 0.155939 -0.029555 22.427095 0.155342 -0.987626 -0.021557 -9.089260 -0.032551 0.016693 -0.999331 0.316710
0.987281 0.158914 -0.004743 22.505947 0.158765 -0.987045 -0.023126 -9.075847 -0.008357 0.022079 -0.999721 0.319210
0.988404 0.151484 0.010452 22.578807 0.151725 -0.988015 -0.028389 -9.067851 0.006026 0.029646 -0.999542 0.319256
0.988333 0.152003 0.009693 22.670148 0.152059 -0.988357 -0.005411 -9.050372 0.008757 0.006822 -0.999938 0.335192
0.987807 0.153600 0.025376 22.740291 0.154027 -0.987940 -0.015818 -9.040719 0.022640 0.019534 -0.999553 0.336089
