0.983015 -0.066470 -0.171065 -0.031413 -0.072248 -0.997000 -0.027772 0.031662 -0.168706 0.039660 -0.984868 -0.007343
0.969923 -0.202621 -0.134885 -0.021076 -0.201973 -0.979214 0.018614 0.041654 -0.135853 0.009189 -0.990686 -0.015251
0.944228 -0.316939 -0.089346 0.002891 -0.317273 -0.948273 0.010813 0.066596 -0.088151 0.018138 -0.995942 -0.015127
0.938690 -0.344763 -0.000678 -0.031224 -0.344711 -0.938513 -0.019188 0.129078 0.005979 0.018245 -0.999816 0.010993
0.922319 -0.380818 0.065607 -0.206969 -0.372732 -0.921514 -0.109008 0.343223 0.101970 0.076086 -0.991873 0.017836
0.914628 -0.389799 0.107290 -0.541626 -0.392341 -0.919816 0.002817 0.496824 0.097589 -0.044671 -0.994224 -0.054390
0.926081 -0.370860 0.069550 -1.050206 -0.370947 -0.928575 -0.012142 0.677035 0.069085 -0.014555 -0.997505 -0.020041
0.960028 -0.248372 0.129062 -1.658216 -0.260459 -0.961561 0.086958 0.849986 0.102504 -0.117097 -0.987816 -0.036141
0.930444 -0.288624 0.225767 -2.446890 -0.283553 -0.957360 -0.055310 1.033535 0.232104 -0.012554 -0.972610 -0.049230
0.949455 -0.267264 0.164639 -3.068838 -0.262620 -0.963615 -0.049770 1.151742 0.171950 0.004017 -0.985098 -0.081484
0.898628 -0.421560 0.121470 -3.854016 -0.414640 -0.906571 -0.078757 1.297036 0.143322 0.020407 -0.989466 -0.114023
0.884765 -0.458524 0.083343 -4.677712 -0.456448 -0.888682 -0.043585 1.444779 0.094050 0.000521 -0.995567 -0.121745
0.865392 -0.493533 0.086726 -5.448601 -0.490200 -0.869695 -0.057748 1.645537 0.103926 0.007462 -0.994557 -0.101597
0.860233 -0.495223 0.121464 -6.230683 -0.489365 -0.868744 -0.076191 1.811523 0.143252 0.006102 -0.989667 -0.101720
0.869294 -0.476998 0.129618 -6.952552 -0.475661 -0.878572 -0.043108 1.999239 0.134441 -0.024181 -0.990627 -0.095533
0.864423 -0.483209 0.138862 -7.528752 -0.468429 -0.874377 -0.126644 2.151650 0.182613 0.044427 -0.982181 -0.097386
0.829902 -0.543297 0.126850 -8.033285 -0.530698 -0.838890 -0.120928 2.328575 0.172114 0.033039 -0.984523 -0.097921
0.875359 -0.460600 0.146952 -8.580501 -0.445462 -0.886513 -0.125134 2.462970 0.187912 0.044075 -0.981196 -0.096027
0.854838 -0.501473 0.133332 -9.204194 -0.486044 -0.863808 -0.132657 2.625836 0.181697 0.048595 -0.982153 -0.102234
0.840134 -0.509314 0.186478 -9.769601 -0.468842 -0.854815 -0.222437 2.812080 0.272695 0.099448 -0.956947 -0.111364
0.821006 -0.549956 0.153285 -10.312766 -0.521201 -0.831573 -0.191927 2.952929 0.233019 0.077681 -0.969365 -0.082839
0.834163 -0.547061 0.069974 -10.856192 -0.538615 -0.835348 -0.109945 3.118754 0.118599 0.054023 -0.991472 -0.078017
0.815752 -0.576551 -0.046238 -11.405261 -0.578336 -0.814261 -0.050072 3.257636 -0.008780 0.067588 -0.997675 -0.039531
0.799732 -0.595818 -0.073686 -11.917651 -0.595534 -0.802836 0.028177 3.421998 -0.075946 0.021349 -0.996883 -0.060946
0.828259 -0.556753 -0.063347 -12.494380 -0.559116 -0.828628 -0.027665 3.591387 -0.037089 0.058332 -0.997608 -0.076252
0.808942 -0.584083 -0.066781 -13.069255 -0.587482 -0.807371 -0.054923 3.812239 -0.021837 0.083662 -0.996255 -0.068934
0.983015 -0.066470 -0.171065 -0.031413 -0.072248 -0.997000 -0.027772 0.031662 -0.168706 0.039660 -0.984868 -0.007343
0.969961 -0.202352 -0.135015 -0.021027 -0.201883 -0.979257 0.017305 0.041420 -0.135716 0.010472 -0.990692 -0.015243
0.944227 -0.317176 -0.088518 0.003471 -0.317345 -0.948227 0.012533 0.066622 -0.087911 0.016256 -0.995996 -0.014877
0.938727 -0.344661 -0.000829 -0.031106 -0.344613 -0.938550 -0.019137 0.129139 0.005818 0.018250 -0.999817 0.010914
0.922361 -0.380703 0.065697 -0.206971 -0.372590 -0.921549 -0.109200 0.343736 0.102116 0.076243 -0.991846 0.017783
0.914682 -0.389622 0.107476 -0.541498 -0.392167 -0.919890 0.002776 0.496962 0.097785 -0.044688 -0.994204 -0.054397
0.926149 -0.370673 0.069633 -1.050982 -0.370741 -0.928653 -0.012427 0.677780 0.069271 -0.014306 -0.997495 -0.020086
0.960055 -0.248247 0.129104 -1.659306 -0.260318 -0.961617 0.086761 0.850607 0.102610 -0.116904 -0.987828 -0.036218
0.930440 -0.288567 0.225857 -2.449275 -0.283443 -0.957380 -0.055530 1.034198 0.232255 -0.012350 -0.972577 -0.049405
0.949437 -0.267270 0.164729 -3.072241 -0.262588 -0.963613 -0.049984 1.152302 0.172094 0.004201 -0.985071 -0.081757
0.898639 -0.421506 0.121577 -3.859164 -0.414541 -0.906591 -0.079050 1.297818 0.143541 0.020639 -0.989429 -0.114374
0.884793 -0.458463 0.083380 -4.682246 -0.456370 -0.888713 -0.043767 1.445443 0.094166 0.000673 -0.995556 -0.122054
0.865392 -0.493524 0.086782 -5.454199 -0.490171 -0.869699 -0.057934 1.646357 0.104066 0.007597 -0.994541 -0.101935
0.860250 -0.495188 0.121486 -6.236487 -0.489304 -0.868763 -0.076365 1.812466 0.143358 0.006249 -0.989651 -0.102031
0.869321 -0.476954 0.129600 -6.958140 -0.475596 -0.878600 -0.043261 2.000149 0.134500 -0.024030 -0.990622 -0.095861
0.982889 -0.067007 -0.171579 -0.031619 -0.072369 -0.997060 -0.025184 0.031972 -0.169387 0.037170 -0.984848 -0.007307
0.970113 -0.202158 -0.134215 -0.021051 -0.201805 -0.979289 0.016376 0.041455 -0.134746 0.011199 -0.990817 -0.015194
0.944290 -0.316772 -0.089282 0.003125 -0.317100 -0.948330 0.010864 0.066884 -0.088110 0.018053 -0.995947 -0.015285
0.938772 -0.344534 -0.001928 -0.031240 -0.344503 -0.938576 -0.019847 0.130967 0.005029 0.019296 -0.999801 0.009171
0.922296 -0.380664 0.066819 -0.202879 -0.372569 -0.921676 -0.108197 0.342406 0.102772 0.074895 -0.991881 0.018963
0.914544 -0.389711 0.108330 -0.535498 -0.392365 -0.919803 0.003486 0.494073 0.098284 -0.045692 -0.994109 -0.052614
0.926094 -0.370791 0.069738 -1.043588 -0.370904 -0.928596 -0.011791 0.674695 0.069130 -0.014946 -0.997496 -0.018444
0.960055 -0.248293 0.129019 -1.647204 -0.260425 -0.961526 0.087445 0.846256 0.102343 -0.117552 -0.987779 -0.034369
0.930287 -0.289106 0.225796 -2.433636 -0.284089 -0.957211 -0.055143 1.028588 0.232076 -0.012848 -0.972613 -0.047209
0.949316 -0.267786 0.164593 -3.059226 -0.263079 -0.963469 -0.050174 1.147559 0.172016 0.004330 -0.985085 -0.080003
0.898514 -0.421882 0.121195 -3.836963 -0.414919 -0.906412 -0.079119 1.292430 0.143232 0.020803 -0.989471 -0.112928
0.884942 -0.458261 0.082911 -4.660161 -0.456074 -0.888816 -0.044753 1.443536 0.094201 0.001790 -0.995552 -0.121501
0.865395 -0.493481 0.086997 -5.430688 -0.490032 -0.869718 -0.058819 1.642735 0.104689 0.008271 -0.994471 -0.099730
0.860217 -0.495239 0.121507 -6.211649 -0.489265 -0.868730 -0.076993 1.807713 0.143686 0.006781 -0.989600 -0.100326
0.869159 -0.477216 0.129718 -6.938326 -0.475738 -0.878477 -0.044181 1.997151 0.135038 -0.023311 -0.990566 -0.094164
0.864207 -0.483591 0.138873 -7.509941 -0.468683 -0.874138 -0.127356 2.148441 0.182982 0.044975 -0.982087 -0.095916
0.829889 -0.543325 0.126812 -8.014445 -0.530608 -0.838848 -0.121608 2.324862 0.172449 0.033634 -0.984444 -0.097039
0.875364 -0.460639 0.146798 -8.553185 -0.445432 -0.886472 -0.125532 2.457154 0.187957 0.044498 -0.981169 -0.095584
0.855004 -0.501274 0.133010 -9.174134 -0.485754 -0.863883 -0.133229 2.619984 0.181690 0.049301 -0.982119 -0.101565
0.840224 -0.509175 0.186453 -9.742096 -0.468536 -0.854831 -0.223022 2.806169 0.272943 0.100029 -0.956816 -0.110535
0.821006 -0.549929 0.153387 -10.287226 -0.520992 -0.831538 -0.192645 2.946468 0.233488 0.078249 -0.969206 -0.080465
0.834045 -0.547169 0.070530 -10.827357 -0.538615 -0.835262 -0.110595 3.111669 0.119425 0.054253 -0.991360 -0.075252
0.815605 -0.576793 -0.045807 -11.374254 -0.578549 -0.814102 -0.050194 3.250039 -0.008340 0.067440 -0.997688 -0.037562
0.799587 -0.596108 -0.072918 -11.899579 -0.595838 -0.802624 0.027786 3.416407 -0.075089 0.021230 -0.996951 -0.058228
0.827973 -0.557258 -0.062649 -12.476155 -0.559593 -0.828295 -0.027994 3.586597 -0.036292 0.058236 -0.997643 -0.073863
0.808710 -0.584471 -0.066204 -13.054325 -0.587828 -0.807096 -0.055259 3.813576 -0.021136 0.083605 -0.996275 -0.068150
0.863661 -0.501130 -0.054396 -13.793425 -0.503012 -0.863808 -0.028520 3.983983 -0.032696 0.051993 -0.998112 -0.030636
0.880796 -0.467863 -0.072820 -14.450836 -0.471933 -0.879929 -0.054808 4.163994 -0.038434 0.082641 -0.995838 -0.014461
0.894115 -0.440176 -0.082482 -15.154018 -0.446113 -0.891583 -0.077872 4.283320 -0.039262 0.106422 -0.993546 0.000841
0.837554 -0.544161 -0.048911 -15.685816 -0.546349 -0.833757 -0.079703 4.504489 0.002591 0.093478 -0.995618 -0.012095
0.875235 -0.482964 -0.026624 -16.396710 -0.483631 -0.874700 -0.031648 4.726331 -0.008003 0.040576 -0.999144 0.017362
0.869644 -0.491431 -0.047057 -17.007080 -0.493029 -0.869434 -0.031722 4.984770 -0.025324 0.050788 -0.998388 0.020183
0.910145 -0.411707 -0.046189 -17.785485 -0.414152 -0.907046 -0.075794 5.224217 -0.010691 0.088113 -0.996053 0.056723
0.917866 -0.394513 -0.043388 -18.561987 -0.396366 -0.916780 -0.049071 5.502455 -0.020417 0.062238 -0.997852 0.110807
0.945756 -0.317845 -0.067227 -19.200075 -0.319668 -0.947358 -0.018062 5.681381 -0.057947 0.038573 -0.997574 0.152448
0.953286 -0.300736 -0.028351 -19.860573 -0.302000 -0.950877 -0.068043 5.876740 -0.006495 0.073427 -0.997279 0.180619
0.984693 -0.172446 -0.025346 -20.535436 -0.173546 -0.983519 -0.050725 5.960445 -0.016180 0.054348 -0.998391 0.217894
0.992599 -0.121315 0.005374 -21.172447 -0.120564 -0.989812 -0.075734 6.022890 0.014507 0.074526 -0.997114 0.241479
0.998760 0.044644 -0.022035 -21.928561 0.043078 -0.996819 -0.067048 5.973343 -0.024958 0.066016 -0.997506 0.278633
0.998176 0.060358 -0.000890 -22.696667 0.060233 -0.996874 -0.051136 5.879260 -0.003973 0.050989 -0.998691 0.298890
0.981206 0.191210 0.025942 -23.266084 0.192407 -0.979691 -0.056442 5.693771 0.014623 0.060372 -0.998069 0.333499
0.971572 0.236470 -0.011389 -23.828368 0.234379 -0.967536 -0.094556 5.491563 -0.033378 0.089199 -0.995454 0.384599
0.931793 0.360738 0.040358 -24.430702 0.362987 -0.926392 -0.100192 5.205441 0.001244 0.108008 -0.994149 0.396385
0.943189 0.314242 0.107916 -25.009639 0.326548 -0.936675 -0.126519 4.855310 0.061325 0.154571 -0.986077 0.360519
0.878237 0.472927 0.070993 -25.568904 0.473619 -0.880695 0.007811 4.456854 0.066218 0.026764 -0.997446 0.355655
0.874091 0.467540 0.131803 -26.149786 0.478377 -0.875644 -0.066353 4.103842 0.084390 0.121050 -0.989053 0.325326
0.866467 0.492260 0.083151 -26.627576 0.481198 -0.867864 0.123536 3.797702 0.132976 -0.067027 -0.988850 0.310240
0.871258 0.479137 0.106472 -27.096071 0.473709 -0.877639 0.073134 3.474181 0.128486 -0.013282 -0.991622 0.307586
0.842764 0.518465 0.144717 -27.622894 0.511471 -0.855095 0.084910 3.162674 0.167769 0.002460 -0.985823 0.310142
0.816977 0.552197 0.166214 -28.142935 0.549797 -0.832812 0.064400 2.830550 0.173987 0.038771 -0.983984 0.295882
0.740146 0.667253 0.083406 -28.629503 0.660929 -0.744710 0.092627 2.579343 0.123919 -0.013432 -0.992201 0.297939
0.982889 -0.067007 -0.171579 -0.031619 -0.072369 -0.997060 -0.025184 0.031972 -0.169387 0.037170 -0.984848 -0.007307
0.970097 -0.202420 -0.133933 -0.021022 -0.201887 -0.979249 0.017693 0.041579 -0.134736 0.009876 -0.990832 -0.015169
0.944298 -0.316785 -0.089152 0.003186 -0.317104 -0.948328 0.010947 0.066830 -0.088013 0.017933 -0.995958 -0.015401
0.938738 -0.344626 -0.001801 -0.031165 -0.344593 -0.938545 -0.019737 0.130802 0.005111 0.019148 -0.999804 0.009235
0.922193 -0.380919 0.066785 -0.203314 -0.372814 -0.921562 -0.108322 0.342329 0.102809 0.074995 -0.991870 0.018993
0.914487 -0.389857 0.108284 -0.535276 -0.392535 -0.919729 0.003740 0.493525 0.098134 -0.045926 -0.994113 -0.052476
0.926076 -0.370857 0.069635 -1.043627 -0.370975 -0.928569 -0.011718 0.674945 0.069006 -0.014981 -0.997504 -0.018323
0.960065 -0.248317 0.128897 -1.648389 -0.260422 -0.961538 0.087322 0.847349 0.102256 -0.117403 -0.987806 -0.034324
0.930269 -0.289214 0.225731 -2.434251 -0.284209 -0.957178 -0.055102 1.029508 0.232001 -0.012895 -0.972630 -0.047032
0.949336 -0.267772 0.164496 -3.059177 -0.263101 -0.963473 -0.049971 1.148508 0.171869 0.004160 -0.985111 -0.079789
0.898539 -0.421806 0.121276 -3.840296 -0.414866 -0.906452 -0.078936 1.293324 0.143226 0.020614 -0.989475 -0.112890
0.884807 -0.458510 0.082973 -4.663910 -0.456343 -0.888688 -0.044558 1.444330 0.094167 0.001561 -0.995555 -0.121446
0.865267 -0.493712 0.086954 -5.435068 -0.490283 -0.869588 -0.058647 1.644201 0.104569 0.008113 -0.994485 -0.099759
0.860166 -0.495339 0.121462 -6.216501 -0.489374 -0.868673 -0.076938 1.809839 0.143622 0.006739 -0.989610 -0.100257
0.869110 -0.477336 0.129607 -6.941902 -0.475884 -0.878408 -0.043977 1.998800 0.134839 -0.023457 -0.990590 -0.094049
0.864192 -0.483651 0.138757 -7.514833 -0.468772 -0.874108 -0.127231 2.150576 0.182824 0.044907 -0.982119 -0.095752
0.829939 -0.543282 0.126671 -8.019287 -0.530586 -0.838876 -0.121516 2.327297 0.172278 0.033641 -0.984474 -0.096826
0.875346 -0.460706 0.146696 -8.556647 -0.445536 -0.886443 -0.125369 2.458991 0.187796 0.044383 -0.981205 -0.095357
0.854985 -0.501338 0.132893 -9.178255 -0.485840 -0.863847 -0.133145 2.622182 0.181550 0.049272 -0.982147 -0.101314
0.840216 -0.509224 0.186353 -9.746218 -0.468616 -0.854804 -0.222955 2.808437 0.272829 0.100002 -0.956851 -0.110177
0.820965 -0.550007 0.153324 -10.291267 -0.521098 -0.831492 -0.192556 2.948762 0.233395 0.078185 -0.969234 -0.080126
0.833990 -0.547262 0.070462 -10.831247 -0.538721 -0.835204 -0.110522 3.114001 0.119335 0.054215 -0.991373 -0.074702
0.815549 -0.576871 -0.045814 -11.377443 -0.578627 -0.814054 -0.050074 3.252123 -0.008409 0.067347 -0.997694 -0.036916
0.799508 -0.596205 -0.072979 -11.902148 -0.595929 -0.802552 0.027895 3.418432 -0.075200 0.021188 -0.996943 -0.057568
0.827901 -0.557368 -0.062621 -12.479523 -0.559697 -0.828227 -0.027899 3.588854 -0.036314 0.058147 -0.997647 -0.073009
0.808569 -0.584666 -0.066199 -13.055765 -0.588019 -0.806970 -0.055077 3.815384 -0.021218 0.083460 -0.996285 -0.067412
0.863577 -0.501264 -0.054485 -13.787428 -0.503141 -0.863743 -0.028241 3.983096 -0.032905 0.051802 -0.998115 -0.029872
0.880722 -0.468030 -0.072643 -14.458350 -0.472083 -0.879853 -0.054742 4.166442 -0.038294 0.082506 -0.995855 -0.013759
0.894027 -0.440336 -0.082587 -15.146354 -0.446275 -0.891520 -0.077661 4.283037 -0.039431 0.106287 -0.993553 0.001292
0.837534 -0.544191 -0.048920 -15.686878 -0.546379 -0.833742 -0.079645 4.505561 0.002555 0.093435 -0.995622 -0.011620
0.875094 -0.483235 -0.026356 -16.406309 -0.483890 -0.874559 -0.031564 4.730909 -0.007797 0.040375 -0.999154 0.017185
0.869582 -0.491528 -0.047200 -17.007953 -0.493132 -0.869379 -0.031649 4.987106 -0.025478 0.050797 -0.998384 0.020201
0.910115 -0.411766 -0.046248 -17.784360 -0.414216 -0.907022 -0.075733 5.225910 -0.010764 0.088083 -0.996055 0.056921
0.917875 -0.394493 -0.043374 -18.559806 -0.396345 -0.916792 -0.049024 5.503932 -0.020425 0.062189 -0.997855 0.111140
0.945735 -0.317912 -0.067206 -19.200486 -0.319735 -0.947335 -0.018081 5.683826 -0.057918 0.038588 -0.997575 0.153068
0.953288 -0.300742 -0.028226 -19.865544 -0.301997 -0.950879 -0.068023 5.880845 -0.006382 0.073370 -0.997284 0.181333
0.984665 -0.172607 -0.025319 -20.536465 -0.173705 -0.983490 -0.050726 5.963911 -0.016146 0.054346 -0.998392 0.218585
0.983015 -0.066470 -0.171065 -0.031413 -0.072248 -0.997000 -0.027772 0.031662 -0.168706 0.039660 -0.984868 -0.007343
0.969988 -0.202395 -0.134760 -0.021047 -0.201898 -0.979250 0.017492 0.041489 -0.135505 0.010241 -0.990724 -0.015241
0.944281 -0.316658 -0.089787 0.003356 -0.317007 -0.948363 0.010736 0.067246 -0.088550 0.018325 -0.995903 -0.015385
0.938787 -0.344497 -0.000858 -0.031460 -0.344444 -0.938592 -0.020100 0.129931 0.006119 0.019165 -0.999798 0.010386
0.922391 -0.380606 0.065827 -0.206611 -0.372481 -0.921591 -0.109219 0.343342 0.102235 0.076223 -0.991836 0.017339
0.914683 -0.389644 0.107392 -0.541789 -0.392155 -0.919896 0.002468 0.497242 0.097828 -0.044372 -0.994214 -0.054964
0.926157 -0.370662 0.069592 -1.049975 -0.370732 -0.928657 -0.012383 0.677487 0.069217 -0.014331 -0.997499 -0.020642
0.960011 -0.248381 0.129173 -1.660146 -0.260455 -0.961585 0.086708 0.850367 0.102674 -0.116884 -0.987824 -0.036779
0.930355 -0.288839 0.225857 -2.450912 -0.283657 -0.957301 -0.055803 1.034521 0.232331 -0.012149 -0.972561 -0.050110
0.949529 -0.266928 0.164754 -3.074177 -0.262188 -0.963706 -0.050290 1.153775 0.172198 0.004556 -0.985052 -0.082414
0.898673 -0.421419 0.121622 -3.861451 -0.414418 -0.906626 -0.079289 1.299124 0.143680 0.020853 -0.989405 -0.115065
0.884880 -0.458283 0.083453 -4.687274 -0.456146 -0.888806 -0.044216 1.447438 0.094437 0.001059 -0.995530 -0.122994
0.865584 -0.493171 0.086870 -5.459791 -0.489779 -0.869897 -0.058275 1.648133 0.104308 0.007895 -0.994514 -0.102937
0.860383 -0.494941 0.121549 -6.239510 -0.489037 -0.868903 -0.076486 1.813283 0.143470 0.006366 -0.989634 -0.103106
0.869452 -0.476704 0.129639 -6.963604 -0.475314 -0.878741 -0.043478 2.001323 0.134646 -0.023817 -0.990608 -0.096925
0.864563 -0.482965 0.138836 -7.539340 -0.468121 -0.874493 -0.126982 2.153551 0.182739 0.044792 -0.982141 -0.098758
0.830103 -0.542982 0.126884 -8.045129 -0.530319 -0.839081 -0.121263 2.330558 0.172309 0.033372 -0.984478 -0.099276
0.875429 -0.460471 0.146937 -8.591913 -0.445296 -0.886569 -0.125327 2.464345 0.187979 0.044284 -0.981174 -0.097374
0.854986 -0.501230 0.133296 -9.214505 -0.485767 -0.863936 -0.132836 2.626919 0.181741 0.048822 -0.982134 -0.103523
0.840395 -0.508891 0.186457 -9.781956 -0.468347 -0.855025 -0.222673 2.813588 0.272742 0.099807 -0.956896 -0.112674
0.821281 -0.549559 0.153243 -10.325484 -0.520745 -0.831804 -0.192161 2.954451 0.233072 0.078017 -0.969325 -0.084152
0.834392 -0.546712 0.069972 -10.870709 -0.538234 -0.835558 -0.110211 3.120395 0.118719 0.054298 -0.991442 -0.079194
0.815904 -0.576333 -0.046273 -11.418950 -0.578123 -0.814397 -0.050320 3.258749 -0.008684 0.067808 -0.997661 -0.040666
0.799891 -0.595608 -0.073661 -11.933168 -0.595343 -0.802987 0.027908 3.423255 -0.075771 0.021530 -0.996893 -0.061907
0.828433 -0.556487 -0.063417 -12.507845 -0.558863 -0.828790 -0.027900 3.592092 -0.037033 0.058555 -0.997597 -0.077149
0.809167 -0.583765 -0.066829 -13.082558 -0.587174 -0.807581 -0.055125 3.812626 -0.021790 0.083846 -0.996240 -0.069988
0.863895 -0.500688 -0.054755 -13.829235 -0.502582 -0.864065 -0.028325 3.974306 -0.033130 0.051989 -0.998098 -0.029857
0.880933 -0.467569 -0.073055 -14.476857 -0.471637 -0.880124 -0.054228 4.146532 -0.038942 0.082227 -0.995853 -0.011389
0.894163 -0.440060 -0.082581 -15.172417 -0.445994 -0.891673 -0.077513 4.261633 -0.039525 0.106140 -0.993565 0.007276
0.837688 -0.543940 -0.049082 -15.700588 -0.546144 -0.833884 -0.079777 4.484794 0.002465 0.093634 -0.995604 -0.005368
0.875474 -0.482537 -0.026529 -16.418509 -0.483203 -0.874924 -0.031982 4.710800 -0.007778 0.040818 -0.999136 0.023107
0.869989 -0.490806 -0.047209 -17.019238 -0.492420 -0.869768 -0.032042 4.966263 -0.025335 0.051123 -0.998371 0.026198
0.910623 -0.410641 -0.046249 -17.794281 -0.413100 -0.907483 -0.076311 5.205783 -0.010634 0.088596 -0.996011 0.063372
0.918597 -0.392754 -0.043859 -18.538590 -0.394643 -0.917511 -0.049289 5.474833 -0.020882 0.062586 -0.997821 0.118607
0.946385 -0.316039 -0.066899 -19.180715 -0.317875 -0.947950 -0.018583 5.653024 -0.057544 0.038853 -0.997587 0.160323
0.953929 -0.298681 -0.028464 -19.828147 -0.299961 -0.951492 -0.068454 5.844937 -0.006637 0.073839 -0.997248 0.187150
0.984950 -0.171018 -0.025025 -20.506347 -0.172109 -0.983749 -0.051145 5.928872 -0.015872 0.054683 -0.998378 0.224097
0.992770 -0.119906 0.005460 -21.138884 -0.119148 -0.989957 -0.076079 5.991735 0.014528 0.074878 -0.997087 0.247096
0.998721 0.045695 -0.021619 -21.894320 0.044140 -0.996733 -0.067640 5.942472 -0.024639 0.066599 -0.997476 0.283668
0.998098 0.061646 -0.001012 -22.645262 0.061511 -0.996760 -0.051831 5.850965 -0.004204 0.051670 -0.998655 0.303143
0.980975 0.192407 0.025844 -23.204689 0.193609 -0.979404 -0.057300 5.670625 0.014287 0.061214 -0.998022 0.338991
0.971183 0.238068 -0.011241 -23.763182 0.235968 -0.967103 -0.095026 5.473953 -0.033494 0.089635 -0.995411 0.391481
0.930895 0.363015 0.040669 -24.364868 0.365283 -0.925522 -0.099889 5.192236 0.001379 0.107842 -0.994167 0.402299
0.942475 0.316436 0.107750 -24.933912 0.328645 -0.936062 -0.125622 4.845133 0.061110 0.153807 -0.986209 0.365421
0.877275 0.474739 0.070792 -25.493691 0.475368 -0.879744 0.008764 4.446906 0.066439 0.025964 -0.997453 0.357984
0.873115 0.469420 0.131589 -26.075856 0.480124 -0.874784 -0.065072 4.097056 0.084566 0.119995 -0.989166 0.325554
0.865594 0.493952 0.082208 -26.545803 0.482800 -0.866806 0.124707 3.792623 0.132857 -0.068256 -0.988782 0.310196
0.870508 0.480727 0.105434 -27.016521 0.475233 -0.876756 0.073846 3.463207 0.127939 -0.014178 -0.991681 0.306429
0.842245 0.519680 0.143373 -27.533648 0.512629 -0.854360 0.085333 3.157117 0.166838 0.001626 -0.985983 0.307529
0.816280 0.553554 0.165123 -28.051002 0.551071 -0.831941 0.064774 2.827918 0.173229 0.038121 -0.984144 0.292492
0.739386 0.668206 0.082525 -28.523330 0.661869 -0.743844 0.092873 2.586386 0.123444 -0.014049 -0.992252 0.296291
0.689007 0.716979 0.105878 -28.969161 0.715494 -0.696185 0.058265 2.335053 0.115485 0.035610 -0.992671 0.306009
0.656432 0.752670 0.050839 -29.472497 0.749782 -0.658377 0.066080 2.088501 0.083208 -0.005259 -0.996518 0.321771
0.600834 0.794357 0.089420 -29.871054 0.791120 -0.606931 0.075914 1.874377 0.114575 0.025130 -0.993097 0.319167
0.637665 0.750030 0.175608 -30.348515 0.742688 -0.659112 0.118261 1.560375 0.204445 0.055011 -0.977331 0.315577
0.705347 0.701198 0.103951 -30.716009 0.700203 -0.712050 0.051968 1.323483 0.110458 0.036131 -0.993224 0.353801
0.813782 0.563621 0.141741 -31.188920 0.578583 -0.808683 -0.106174 0.964490 0.054782 0.168411 -0.984193 0.385335
0.749082 0.641971 0.163552 -31.656681 0.653034 -0.757084 -0.019258 0.634240 0.111459 0.121231 -0.986347 0.373895
0.721391 0.681337 0.123997 -32.147096 0.684989 -0.728354 0.017015 0.285993 0.101907 0.072663 -0.992137 0.377046
0.766819 0.635322 0.091402 -32.680674 0.633895 -0.771950 0.047641 -0.023419 0.100825 0.021408 -0.994674 0.384290
0.733061 0.674216 0.089749 -33.146109 0.676874 -0.736098 0.001112 -0.426944 0.066814 0.059934 -0.995964 0.393109
0.779506 0.624579 0.047660 -33.644699 0.621003 -0.780517 0.071747 -0.829223 0.082011 -0.026330 -0.996284 0.382059
0.711983 0.689671 0.132039 -34.093510 0.687418 -0.722941 0.069377 -1.284742 0.143304 0.041370 -0.988814 0.401582
0.726809 0.669758 0.152225 -34.596874 0.673364 -0.738515 0.034285 -1.801729 0.135384 0.077584 -0.987751 0.404214
0.695616 0.708703 0.117719 -35.042170 0.705102 -0.704896 0.077149 -2.283502 0.137656 0.029338 -0.990046 0.409818
0.739449 0.667069 0.090741 -35.611908 0.658864 -0.744764 0.105946 -2.811307 0.138254 -0.018556 -0.990223 0.386977
0.669730 0.730793 0.131925 -36.176101 0.734249 -0.678236 0.029573 -3.383985 0.111088 0.077060 -0.990818 0.409179
0.713962 0.689253 0.123238 -36.731893 0.686202 -0.723780 0.072586 -3.899393 0.139228 0.032742 -0.989719 0.382817
0.715547 0.692610 0.091012 -37.221520 0.687384 -0.721310 0.084941 -4.520626 0.124479 0.001781 -0.992221 0.399360
0.736675 0.672439 0.071671 -37.612939 0.662765 -0.738979 0.121050 -5.054027 0.134362 -0.041674 -0.990056 0.368286
0.713659 0.693503 0.098713 -37.945722 0.670355 -0.717030 0.191031 -5.671498 0.203261 -0.070158 -0.976608 0.366531
0.709117 0.673679 0.208110 -38.301707 0.658100 -0.738319 0.147613 -6.211725 0.253095 0.032282 -0.966903 0.370469
0.647186 0.711793 0.272949 -38.673578 0.714141 -0.691363 0.109636 -6.767363 0.266745 0.123970 -0.955761 0.392092
0.749586 0.646260 0.143069 -39.127176 0.648394 -0.760378 0.037564 -7.351825 0.133063 0.064608 -0.989000 0.441614
0.860617 0.499569 -0.098843 -39.530157 0.502673 -0.864442 0.007693 -7.858461 -0.081601 -0.056306 -0.995073 0.528107
0.855718 0.515392 0.046014 -40.041081 0.516573 -0.856048 -0.018280 -8.357826 0.029969 0.039413 -0.998774 0.512586
0.875531 0.476312 0.081072 -40.567109 0.471734 -0.878981 0.069707 -8.747330 0.104463 -0.022786 -0.994268 0.508697
0.906078 0.401038 0.134876 -41.193809 0.395091 -0.916010 0.069485 -9.168242 0.151414 -0.009670 -0.988423 0.526447
0.915726 0.386989 0.108098 -41.830673 0.381312 -0.921804 0.069843 -9.634436 0.126673 -0.022738 -0.991684 0.556888
0.983015 -0.066470 -0.171065 -0.031413 -0.072248 -0.997000 -0.027772 0.031662 -0.168706 0.039660 -0.984868 -0.007343
0.970024 -0.202150 -0.134868 -0.021062 -0.201829 -0.979287 0.016199 0.041376 -0.135349 0.011507 -0.990731 -0.015259
0.944301 -0.316542 -0.089982 0.003283 -0.316919 -0.948395 0.010448 0.067340 -0.088646 0.018651 -0.995889 -0.015491
0.938808 -0.344441 -0.000771 -0.031400 -0.344386 -0.938613 -0.020078 0.129962 0.006192 0.019115 -0.999798 0.010377
0.922425 -0.380508 0.065917 -0.206117 -0.372389 -0.921642 -0.109097 0.343149 0.102264 0.076087 -0.991843 0.017280
0.914673 -0.389656 0.107432 -0.541599 -0.392154 -0.919896 0.002326 0.497296 0.097920 -0.044258 -0.994210 -0.055047
0.926206 -0.370559 0.069493 -1.050254 -0.370603 -0.928704 -0.012734 0.677835 0.069257 -0.013960 -0.997501 -0.020838
0.960046 -0.248216 0.129232 -1.658317 -0.260290 -0.961634 0.086650 0.849944 0.102766 -0.116826 -0.987821 -0.036809
0.930352 -0.288755 0.225976 -2.447709 -0.283590 -0.957325 -0.055729 1.033416 0.232424 -0.012237 -0.972538 -0.050048
0.949459 -0.267085 0.164901 -3.071985 -0.262339 -0.963662 -0.050330 1.152281 0.172352 0.004526 -0.985025 -0.082517
0.898674 -0.421415 0.121631 -3.858317 -0.414404 -0.906627 -0.079352 1.297752 0.143714 0.020907 -0.989398 -0.115222
0.884894 -0.458237 0.083552 -4.683645 -0.456093 -0.888830 -0.044287 1.445786 0.094557 0.001082 -0.995519 -0.123144
0.865613 -0.493127 0.086835 -5.452676 -0.489737 -0.869922 -0.058257 1.645685 0.104268 0.007902 -0.994518 -0.103047
0.860464 -0.494816 0.121484 -6.235279 -0.488894 -0.868973 -0.076606 1.811363 0.143472 0.006524 -0.989633 -0.103171
0.869571 -0.476483 0.129657 -6.960637 -0.475068 -0.878866 -0.043645 1.999685 0.134747 -0.023644 -0.990598 -0.096988
0.864688 -0.482722 0.138904 -7.536026 -0.467853 -0.874622 -0.127083 2.151621 0.182834 0.044901 -0.982118 -0.098842
0.830169 -0.542870 0.126930 -8.042749 -0.530187 -0.839150 -0.121367 2.328656 0.172399 0.033458 -0.984459 -0.099316
0.875556 -0.460211 0.146998 -8.589266 -0.445004 -0.886697 -0.125456 2.462515 0.188079 0.044429 -0.981148 -0.097399
0.855067 -0.501082 0.133330 -9.212540 -0.485603 -0.864017 -0.132905 2.624933 0.181796 0.048898 -0.982120 -0.103561
0.840430 -0.508819 0.186496 -9.779647 -0.468246 -0.855060 -0.222752 2.811473 0.272806 0.099882 -0.956870 -0.112786
0.821434 -0.549314 0.153298 -10.322289 -0.520470 -0.831955 -0.192254 2.952083 0.233145 0.078137 -0.969298 -0.084213
0.834556 -0.546455 0.070020 -10.868091 -0.537962 -0.835721 -0.110305 3.118100 0.118794 0.054387 -0.991428 -0.079337
0.815957 -0.576258 -0.046267 -11.414607 -0.578046 -0.814453 -0.050288 3.255366 -0.008704 0.067777 -0.997662 -0.040618
0.799976 -0.595480 -0.073767 -11.928105 -0.595221 -0.803079 0.027860 3.419815 -0.075830 0.021621 -0.996886 -0.061669
0.828458 -0.556438 -0.063522 -12.503849 -0.558822 -0.828816 -0.027958 3.588667 -0.037091 0.058660 -0.997589 -0.076825
0.809197 -0.583729 -0.066785 -13.078937 -0.587136 -0.807602 -0.055227 3.809217 -0.021698 0.083902 -0.996238 -0.069639
0.863970 -0.500548 -0.054835 -13.822314 -0.502450 -0.864139 -0.028424 3.969689 -0.033158 0.052110 -0.998091 -0.029081
0.881030 -0.467390 -0.073021 -14.474544 -0.471465 -0.880202 -0.054455 4.142702 -0.038822 0.082403 -0.995843 -0.010232
0.894312 -0.439710 -0.082833 -15.157628 -0.445677 -0.891819 -0.077663 4.255022 -0.039723 0.106372 -0.993533 0.007896
0.837841 -0.543721 -0.048890 -15.703770 -0.545908 -0.834015 -0.080021 4.481631 0.002734 0.093734 -0.995594 -0.005055
0.875502 -0.482483 -0.026569 -16.411237 -0.483151 -0.874951 -0.032035 4.705099 -0.007790 0.040883 -0.999134 0.023941
0.870017 -0.490751 -0.047257 -17.008255 -0.492367 -0.869799 -0.032015 4.959046 -0.025393 0.051121 -0.998370 0.027263
0.910643 -0.410605 -0.046181 -17.783549 -0.413059 -0.907501 -0.076322 5.197638 -0.010571 0.088577 -0.996013 0.064546
0.918604 -0.392755 -0.043701 -18.534476 -0.394636 -0.917511 -0.049365 5.469027 -0.020708 0.062592 -0.997824 0.119647
0.946388 -0.316058 -0.066754 -19.175857 -0.317895 -0.947942 -0.018686 5.647233 -0.057373 0.038905 -0.997594 0.161094
0.953827 -0.299024 -0.028271 -19.829701 -0.300290 -0.951382 -0.068542 5.840392 -0.006401 0.073867 -0.997248 0.187555
0.984898 -0.171333 -0.024933 -20.506177 -0.172420 -0.983690 -0.051238 5.924743 -0.015748 0.054764 -0.998375 0.224150
0.992731 -0.120222 0.005600 -21.144596 -0.119450 -0.989910 -0.076222 5.988866 0.014707 0.074999 -0.997075 0.247773
0.998698 0.046005 -0.022026 -21.875194 0.044420 -0.996716 -0.067703 5.938581 -0.025069 0.066637 -0.997462 0.282980
0.998106 0.061510 -0.000921 -22.643805 0.061380 -0.996770 -0.051786 5.845936 -0.004103 0.051631 -0.998658 0.303083
0.980961 0.192489 0.025755 -23.197054 0.193687 -0.979382 -0.057422 5.667722 0.014171 0.061317 -0.998018 0.339114
0.971182 0.238072 -0.011315 -23.746359 0.235959 -0.967089 -0.095198 5.474248 -0.033607 0.089785 -0.995394 0.391518
0.931035 0.362640 0.040817 -24.362963 0.364926 -0.925673 -0.099789 5.186664 0.001595 0.107803 -0.994171 0.402933
0.942616 0.316026 0.107713 -24.926238 0.328229 -0.936212 -0.125586 4.843186 0.061154 0.153734 -0.986218 0.366000
0.877423 0.474449 0.070900 -25.497303 0.475058 -0.879908 0.009086 4.438205 0.066696 0.025709 -0.997442 0.358677
0.873226 0.469233 0.131516 -26.057845 0.479933 -0.874884 -0.065134 4.104142 0.084499 0.119995 -0.989172 0.326476
0.865818 0.493546 0.082292 -26.532827 0.482365 -0.867025 0.124869 3.795403 0.132977 -0.068419 -0.988755 0.311618
0.870770 0.480212 0.105626 -26.997721 0.474701 -0.877037 0.073922 3.470173 0.128136 -0.014229 -0.991655 0.308067
0.842335 0.519460 0.143644 -27.523381 0.512360 -0.854493 0.085603 3.158345 0.167210 0.001491 -0.985920 0.308526
0.816501 0.553144 0.165403 -28.031361 0.550648 -0.832213 0.064867 2.834788 0.173532 0.038114 -0.984090 0.294747
0.739685 0.667825 0.082921 -28.519172 0.661444 -0.744185 0.093173 2.582058 0.123932 -0.014071 -0.992191 0.297825
0.689665 0.716309 0.106134 -28.961322 0.714817 -0.696873 0.058343 2.333739 0.115754 0.035629 -0.992639 0.308533
0.656833 0.752293 0.051234 -29.460514 0.749398 -0.658809 0.066134 2.091153 0.083506 -0.005044 -0.996495 0.325163
0.601061 0.794152 0.089708 -29.864376 0.790916 -0.607192 0.075958 1.874737 0.114792 0.025296 -0.993067 0.322907
0.638179 0.749516 0.175933 -30.338770 0.742149 -0.659696 0.118392 1.559817 0.204799 0.055013 -0.977257 0.320935
0.705905 0.700553 0.104514 -30.707600 0.699549 -0.712677 0.052172 1.321985 0.111034 0.036284 -0.993154 0.361342
0.814153 0.562982 0.142148 -31.188200 0.578004 -0.809126 -0.105951 0.958822 0.055368 0.168423 -0.984159 0.393652
0.749390 0.641466 0.164125 -31.664296 0.652563 -0.757497 -0.018979 0.623227 0.112149 0.121324 -0.986257 0.382896
0.721661 0.680990 0.124329 -32.149231 0.684658 -0.728665 0.017076 0.281047 0.102223 0.072800 -0.992094 0.386052
0.766947 0.635120 0.091733 -32.681953 0.633694 -0.772113 0.047682 -0.027039 0.101112 0.021562 -0.994641 0.393577
0.733508 0.673671 0.090187 -33.157978 0.676324 -0.736603 0.001539 -0.439574 0.067469 0.059866 -0.995924 0.402451
0.780096 0.623839 0.047701 -33.636626 0.620240 -0.781101 0.071998 -0.825629 0.082174 -0.026579 -0.996264 0.391637
0.712240 0.689377 0.132183 -34.089102 0.687125 -0.723218 0.069386 -1.283451 0.143430 0.041407 -0.988794 0.411250
0.727159 0.669357 0.152321 -34.595326 0.672940 -0.738894 0.034464 -1.804007 0.135618 0.077442 -0.987730 0.413955
0.696071 0.708250 0.117757 -35.038906 0.704638 -0.705356 0.077194 -2.282853 0.137733 0.029243 -0.990038 0.419536
0.740047 0.666430 0.090564 -35.605524 0.658210 -0.745329 0.106045 -2.807641 0.138171 -0.018868 -0.990229 0.396537
0.670529 0.730118 0.131600 -36.164972 0.733544 -0.678999 0.029535 -3.375607 0.110920 0.076730 -0.990863 0.418739
0.714651 0.688530 0.123288 -36.722402 0.685470 -0.724473 0.072590 -3.891585 0.139299 0.032633 -0.989713 0.391940
0.716378 0.691739 0.091098 -37.212751 0.686514 -0.722145 0.084882 -4.511981 0.124502 0.001733 -0.992218 0.408543
0.737415 0.671598 0.071937 -37.603474 0.661901 -0.739741 0.121123 -5.043037 0.134560 -0.041703 -0.990027 0.377283
0.714479 0.692631 0.098903 -37.935335 0.669486 -0.717868 0.190929 -5.657830 0.203243 -0.070201 -0.976609 0.375638
0.709799 0.672902 0.208298 -38.291716 0.657332 -0.739029 0.147483 -6.196696 0.253180 0.032238 -0.966882 0.379351
0.647844 0.711109 0.273170 -38.662952 0.713462 -0.692075 0.109561 -6.750465 0.266964 0.123918 -0.955706 0.400706
0.750097 0.645605 0.143350 -39.116350 0.647743 -0.760930 0.037598 -7.332872 0.133352 0.064652 -0.988958 0.450292
0.861001 0.498984 -0.098453 -39.520843 0.502090 -0.864778 0.008017 -7.840599 -0.081140 -0.056335 -0.995109 0.536829
0.856289 0.514437 0.046086 -40.027808 0.515616 -0.856627 -0.018147 -8.334877 0.030143 0.039302 -0.998773 0.521122
0.876227 0.475032 0.081062 -40.548041 0.470450 -0.879669 0.069703 -8.717624 0.104419 -0.022940 -0.994269 0.516957
0.906588 0.399797 0.135134 -41.176960 0.393829 -0.916551 0.069519 -9.140306 0.151651 -0.009805 -0.988385 0.534221
0.916311 0.385610 0.108074 -41.807052 0.379925 -0.922377 0.069838 -9.600057 0.126615 -0.022933 -0.991687 0.564838
0.915797 0.369662 0.157052 -42.293077 0.370799 -0.928426 0.023097 -9.983103 0.154349 0.037082 -0.987320 0.584816
0.931615 0.344658 0.115347 -42.828911 0.342508 -0.938722 0.038597 -10.369024 0.121581 0.003550 -0.992575 0.602134
0.969795 0.209169 0.125480 -43.393376 0.202007 -0.977058 0.067461 -10.696698 0.136712 -0.040075 -0.989800 0.632796
0.941909 0.316503 0.112398 -44.077357 0.309943 -0.948012 0.072167 -11.104907 0.129396 -0.033138 -0.991039 0.633670
0.958685 0.207666 0.194417 -44.666490 0.204016 -0.978197 0.038840 -11.399519 0.198244 0.002429 -0.980150 0.657872
0.953968 0.206542 0.217452 -45.232162 0.204550 -0.978337 0.031888 -11.675980 0.219328 0.014060 -0.975550 0.668130
0.983217 0.132230 0.125700 -45.890620 0.134470 -0.990872 -0.009470 -12.046344 0.123300 0.026214 -0.992023 0.643158
0.987079 0.155915 0.036954 -46.658609 0.152624 -0.985083 0.079476 -12.421533 0.048795 -0.072809 -0.996152 0.559569
0.981114 0.080297 0.175979 -47.398800 0.083901 -0.996388 -0.013126 -12.679145 0.174289 0.027643 -0.984306 0.599124
0.986575 0.076791 0.144126 -48.039594 0.097362 -0.985127 -0.141582 -12.886577 0.131110 0.153714 -0.979378 0.704389
0.982558 -0.066187 0.173777 -48.652391 -0.043721 -0.990541 -0.130067 -13.047092 0.180742 0.120201 -0.976158 0.753653
0.918607 -0.111719 0.379052 -49.463288 -0.087696 -0.992920 -0.080121 -13.185330 0.385319 0.040358 -0.921900 0.753378
0.715054 -0.299785 0.631527 -50.175788 -0.254775 -0.953006 -0.163918 -13.198585 0.650990 -0.043687 -0.757828 0.765940
0.876315 -0.236206 0.419856 -50.909335 -0.254954 -0.966881 -0.011822 -13.170756 0.408743 -0.096684 -0.907514 0.799460
0.950147 -0.264257 0.165496 -51.509206 -0.276484 -0.959421 0.055391 -13.110243 0.144142 -0.098387 -0.984654 0.874614
0.917387 -0.395114 0.047819 -52.151220 -0.397670 -0.914865 0.069867 -12.999694 0.016142 -0.083111 -0.996410 0.890685
0.979910 -0.194538 0.043953 -52.788191 -0.192754 -0.980358 -0.041768 -12.898850 0.051215 0.032457 -0.998160 0.910871
0.916517 -0.345445 0.201652 -53.580194 -0.324521 -0.936900 -0.130017 -12.731477 0.233841 0.053722 -0.970789 0.852012
0.921224 -0.345761 0.178315 -54.307489 -0.335979 -0.938170 -0.083395 -12.566342 0.196124 0.016915 -0.980433 0.851092
0.905469 -0.413739 0.094586 -54.917553 -0.407808 -0.909889 -0.076118 -12.313127 0.117556 0.030350 -0.992602 0.866762
0.868412 -0.486026 0.098177 -55.556950 -0.493702 -0.865924 0.080216 -12.144828 0.046027 -0.118131 -0.991931 0.879488
0.835036 -0.528672 0.152383 -56.200620 -0.525775 -0.848355 -0.062080 -11.885151 0.162094 -0.028280 -0.986370 0.890224
0.838643 -0.525932 0.141679 -56.846625 -0.518828 -0.850526 -0.086164 -11.750686 0.165818 -0.001246 -0.986156 0.884620
0.863549 -0.500097 0.064700 -57.467363 -0.495592 -0.865376 -0.074255 -11.574512 0.093124 0.032058 -0.995138 0.890212
0.914855 -0.400850 0.048572 -58.138521 -0.399060 -0.915934 -0.042614 -11.449444 0.061570 0.019603 -0.997910 0.901079
0.915703 -0.400585 0.031927 -58.870164 -0.393421 -0.909842 -0.131937 -11.219467 0.081900 0.108255 -0.990744 0.915192
0.907595 -0.409008 0.094781 -59.517878 -0.389207 -0.904299 -0.175387 -11.046500 0.157445 0.122291 -0.979926 0.931572
0.909478 -0.414259 0.035191 -60.107310 -0.396095 -0.889089 -0.229409 -10.861959 0.126323 0.194704 -0.972694 0.956739
0.901915 -0.420881 0.097001 -60.881346 -0.411684 -0.905638 -0.101667 -10.639261 0.130637 0.051762 -0.990078 0.965423
0.842574 -0.510162 0.172636 -61.504557 -0.491810 -0.859460 -0.139471 -10.419216 0.219526 0.032611 -0.975061 0.954827
0.841214 -0.488559 0.231665 -62.164818 -0.487639 -0.870599 -0.065309 -10.216886 0.233595 -0.058030 -0.970601 0.972211
0.776981 -0.600381 0.189321 -62.816362 -0.598968 -0.797602 -0.071196 -10.038562 0.193747 -0.058079 -0.979331 1.004142
0.777309 -0.608091 0.161298 -63.459161 -0.596815 -0.793848 -0.116694 -9.863907 0.199007 -0.005558 -0.979982 1.028682
0.747198 -0.653958 0.118466 -64.251903 -0.650950 -0.756072 -0.067967 -9.738489 0.134017 -0.026331 -0.990629 1.051164
0.777988 -0.612450 0.140142 -65.021692 -0.613001 -0.788837 -0.044349 -9.530054 0.137711 -0.051404 -0.989138 1.072557
0.750429 -0.646323 0.138288 -65.785115 -0.646701 -0.761210 -0.048342 -9.299722 0.136511 -0.053154 -0.989212 1.084410
0.798858 -0.574740 0.177481 -66.575433 -0.576136 -0.815891 -0.048873 -9.123377 0.172894 -0.063211 -0.982910 1.095791
0.866833 -0.474553 0.152968 -67.352664 -0.462179 -0.879868 -0.110559 -8.963591 0.187058 0.025137 -0.982027 1.118101
0.925943 -0.346302 0.150678 -68.195009 -0.346379 -0.937718 -0.026584 -8.829569 0.150500 -0.027576 -0.988225 1.166527
0.929424 -0.342286 0.137879 -68.847819 -0.342613 -0.939216 -0.022105 -8.686502 0.137064 -0.026695 -0.990202 1.184659
0.950614 -0.285319 0.122172 -69.528304 -0.281411 -0.958361 -0.048506 -8.587474 0.130924 0.011730 -0.991323 1.242686
0.934893 -0.347568 0.071908 -70.293204 -0.347763 -0.937527 -0.010188 -8.414177 0.070957 -0.015482 -0.997359 1.289396
0.961977 -0.245554 0.119594 -71.082232 -0.234962 -0.967250 -0.096024 -8.208236 0.139257 0.064272 -0.988168 1.310256
0.954991 -0.282413 0.090749 -71.702354 -0.274371 -0.957247 -0.091648 -7.981759 0.112751 0.062624 -0.991648 1.328329
0.974643 -0.187512 0.122107 -72.358039 -0.175769 -0.979256 -0.100815 -7.814295 0.138478 0.076796 -0.987383 1.346865
0.963280 -0.220600 0.153057 -73.007257 -0.203190 -0.971569 -0.121518 -7.620461 0.175513 0.085956 -0.980718 1.392191
0.968561 -0.120788 0.217486 -73.674255 -0.089251 -0.984736 -0.149432 -7.402826 0.232216 0.125323 -0.964557 1.371028
0.976569 -0.172997 0.128004 -74.481245 -0.141298 -0.964071 -0.224949 -7.116590 0.162320 0.201591 -0.965926 1.408136
0.988381 -0.043847 0.145538 -75.156538 -0.022042 -0.988714 -0.148184 -6.995297 0.150393 0.143254 -0.978192 1.448976
0.990572 -0.074776 0.114782 -75.817870 -0.047153 -0.972798 -0.226805 -6.947330 0.128619 0.219254 -0.967153 1.495047
0.967752 -0.031784 0.249892 -76.521122 0.024463 -0.975462 -0.218805 -6.967661 0.250715 0.217862 -0.943227 1.498197
0.964853 0.085179 0.248604 -77.388964 0.116533 -0.986595 -0.114238 -7.120322 0.235541 0.139194 -0.961845 1.516822
0.944096 0.169461 0.282782 -78.069802 0.238685 -0.943040 -0.231742 -7.166854 0.227403 0.286282 -0.930769 1.532602
0.985082 0.100195 0.139908 -78.717808 0.110006 -0.991854 -0.064227 -7.262632 0.132333 0.078659 -0.988079 1.565779
0.931503 0.246620 0.267360 -79.529913 0.292057 -0.945248 -0.145629 -7.395823 0.216806 0.213738 -0.952529 1.585394
0.924904 0.241315 0.293801 -80.247571 0.239766 -0.969928 0.041857 -7.568450 0.295067 0.031730 -0.954950 1.535479
0.890684 0.383952 0.243440 -81.047615 0.351819 -0.921267 0.165803 -7.728177 0.287933 -0.062031 -0.955639 1.541532
0.916602 0.369628 0.152367 -81.751121 0.351787 -0.926738 0.131915 -7.859938 0.189964 -0.067313 -0.979481 1.633245
0.943235 0.332083 0.005358 -82.407010 0.331512 -0.942348 0.045610 -7.875633 0.020195 -0.041245 -0.998945 1.742344
0.948632 0.292516 0.120547 -83.245199 0.273161 -0.949496 0.154406 -7.977305 0.159625 -0.113546 -0.980626 1.783271
