1.000000 0.000000 0.000000 -0.000396 0.000000 1.000000 0.000000 -0.002248 0.000000 0.000000 1.000000 -0.015007
1.000000 0.000000 0.000000 0.000773 0.000000 1.000000 0.000000 -0.004487 0.000000 0.000000 1.000000 -0.023015
1.000000 0.000000 0.000000 0.004433 0.000000 1.000000 0.000000 -0.006225 0.000000 0.000000 1.000000 -0.020023
1.000000 0.000000 0.000000 0.002055 0.000000 1.000000 0.000000 -0.006523 0.000000 0.000000 1.000000 -0.031023
1.000000 0.000000 0.000000 0.000424 0.000000 1.000000 0.000000 -0.012132 0.000000 0.000000 1.000000 -0.043040
1.000000 0.000000 0.000000 0.002231 0.000000 1.000000 0.000000 -0.014865 0.000000 0.000000 1.000000 -0.044050
1.000000 0.000000 0.000000 0.005792 0.000000 1.000000 0.000000 -0.017922 0.000000 0.000000 1.000000 -0.042062
0.983140 0.080768 -0.164052 0.010323 0.087551 -0.995561 0.034532 -0.025862 -0.160535 -0.048312 -0.985847 -0.048090
0.981123 0.098278 -0.166548 0.016561 0.105141 -0.993914 0.032881 -0.037842 -0.162303 -0.049772 -0.985485 -0.060132
0.977797 0.136676 -0.158846 0.022485 0.144190 -0.988868 0.036731 -0.045566 -0.152058 -0.058819 -0.986620 -0.072161
0.969309 0.195672 -0.148838 0.039340 0.197323 -0.980331 -0.003742 -0.065245 -0.146642 -0.025742 -0.988855 -0.074233
0.958719 0.241826 -0.149592 0.046385 0.245476 -0.969383 0.006153 -0.097145 -0.143524 -0.042620 -0.988729 -0.075341
0.946072 0.294292 -0.135427 0.047413 0.297761 -0.954624 0.005653 -0.119649 -0.127618 -0.045673 -0.990771 -0.065415
0.939495 0.329867 -0.092400 0.023991 0.332252 -0.943123 0.011296 -0.138300 -0.083418 -0.041313 -0.995658 -0.055466
0.937907 0.342307 -0.056181 -0.042265 0.342753 -0.939424 -0.001786 -0.146847 -0.053389 -0.017581 -0.998419 -0.060463
0.937630 0.346680 -0.025736 -0.109540 0.347430 -0.937043 0.035244 -0.145105 -0.011897 -0.041987 -0.999047 -0.055427
0.928588 0.370972 0.010177 -0.196514 0.369217 -0.926269 0.075532 -0.128763 0.037447 -0.066380 -0.997091 -0.046333
0.926414 0.376432 0.007501 -0.317707 0.372663 -0.919613 0.124236 -0.126141 0.053665 -0.112299 -0.992224 -0.055268
0.921902 0.384404 0.048266 -0.456268 0.376722 -0.918534 0.119899 -0.131584 0.090424 -0.092352 -0.991612 -0.059222
0.923162 0.378187 0.068894 -0.652005 0.366602 -0.920057 0.138195 -0.183847 0.115650 -0.102319 -0.988006 -0.090304
0.910217 0.403524 0.093130 -0.842674 0.401875 -0.914960 0.036661 -0.225592 0.100004 0.004057 -0.994979 -0.091353
0.908779 0.409293 0.081242 -1.038030 0.409862 -0.912089 0.010310 -0.253228 0.078319 0.023928 -0.996641 -0.093353
0.913461 0.398376 0.082976 -1.277329 0.398056 -0.917119 0.021093 -0.244639 0.084501 0.013761 -0.996328 -0.143215
0.924940 0.376351 0.053343 -1.524843 0.375315 -0.926454 0.028647 -0.247472 0.060201 -0.006476 -0.998165 -0.141110
0.949968 0.312138 0.011401 -1.766936 0.311371 -0.949253 0.044348 -0.309124 0.024665 -0.038579 -0.998951 -0.151201
0.951386 0.298783 0.074784 -2.031114 0.301738 -0.952865 -0.031676 -0.416161 0.061794 0.052702 -0.996697 -0.204431
0.952187 0.274819 0.133469 -2.270124 0.287900 -0.953330 -0.090969 -0.497722 0.102240 0.125045 -0.986869 -0.167588
0.939576 0.282349 0.193589 -2.510513 0.299501 -0.951857 -0.065331 -0.546184 0.165823 0.119364 -0.978905 -0.193637
0.934215 0.281576 0.218991 -2.780668 0.276939 -0.959466 0.052249 -0.597528 0.224826 0.011835 -0.974327 -0.217681
0.929259 0.324818 0.175986 -3.033211 0.324405 -0.945379 0.031937 -0.669887 0.176748 0.027413 -0.983874 -0.203802
0.932562 0.322898 0.161450 -3.290598 0.322729 -0.946077 0.028005 -0.801949 0.161787 0.025988 -0.986483 -0.257118
0.949353 0.276447 0.149350 -3.550976 0.269727 -0.960813 0.063924 -0.925894 0.161169 -0.020403 -0.986716 -0.236405
0.935207 0.336685 0.109685 -3.786621 0.329426 -0.940852 0.079220 -1.028365 0.129870 -0.037954 -0.990804 -0.232633
0.917884 0.370888 0.141179 -4.060798 0.362569 -0.928374 0.081648 -1.096655 0.161349 -0.023756 -0.986611 -0.276731
0.896100 0.431584 0.103632 -4.326217 0.423289 -0.901209 0.092999 -1.162456 0.133531 -0.039470 -0.990258 -0.249825
0.888726 0.455331 0.053286 -4.585572 0.452866 -0.890041 0.052340 -1.275454 0.071259 -0.022385 -0.997207 -0.274077
0.885133 0.453641 0.103680 -4.857266 0.447910 -0.890972 0.074468 -1.395840 0.126158 -0.019474 -0.991819 -0.284347
0.880658 0.468983 0.067048 -5.090958 0.465695 -0.882958 0.059273 -1.489930 0.086999 -0.020975 -0.995988 -0.245548
0.855178 0.508280 0.101599 -5.355022 0.506025 -0.861138 0.048795 -1.537021 0.112292 0.009684 -0.993628 -0.279582
0.847078 0.515877 0.127791 -5.637347 0.510497 -0.856660 0.074343 -1.571636 0.147825 0.002262 -0.989011 -0.284565
0.866137 0.495186 0.067802 -5.886245 0.490719 -0.868279 0.072712 -1.637525 0.094878 -0.029707 -0.995046 -0.263667
0.871010 0.480188 0.103735 -6.137980 0.469163 -0.875691 0.114240 -1.749045 0.145696 -0.050836 -0.988022 -0.297918
0.883707 0.460226 0.085167 -6.389625 0.447253 -0.883988 0.136129 -1.846019 0.137937 -0.082206 -0.987024 -0.263120
0.855642 0.504938 0.113640 -6.624949 0.497934 -0.862998 0.085417 -1.925462 0.141201 -0.016501 -0.989843 -0.257273
0.842776 0.511913 0.166357 -6.874246 0.510686 -0.858108 0.053396 -1.959147 0.170086 0.039956 -0.984619 -0.270269
0.850133 0.512815 0.119562 -7.104707 0.510915 -0.858268 0.048404 -1.997238 0.127438 0.019936 -0.991646 -0.242288
0.865399 0.487428 0.116182 -7.334251 0.483563 -0.873158 0.061342 -2.067171 0.131345 0.003096 -0.991332 -0.266412
0.868197 0.468977 0.162156 -7.571333 0.458975 -0.883158 0.096824 -2.153340 0.188618 -0.009637 -0.982003 -0.279586
0.881975 0.455222 0.122038 -7.775624 0.436560 -0.886674 0.152396 -2.217652 0.177582 -0.081133 -0.980756 -0.252703
0.839428 0.524845 0.141062 -7.992396 0.507855 -0.849949 0.140247 -2.263026 0.193503 -0.046088 -0.980016 -0.265752
0.828072 0.543334 0.138150 -8.231159 0.521851 -0.837083 0.164208 -2.284574 0.204863 -0.063882 -0.976704 -0.279713
0.832386 0.544185 0.104865 -8.433553 0.530474 -0.837130 0.133458 -2.312769 0.160412 -0.055461 -0.985491 -0.242712
0.848395 0.513201 0.129808 -8.648643 0.497266 -0.856709 0.137025 -2.381246 0.181529 -0.051702 -0.982026 -0.262839
0.867243 0.473899 0.152677 -8.877498 0.455460 -0.878988 0.141193 -2.469248 0.201112 -0.052910 -0.978138 -0.276022
0.877601 0.467161 0.107598 -9.078341 0.454993 -0.882376 0.119973 -2.539865 0.150988 -0.056333 -0.986929 -0.231162
0.860781 0.490104 0.137311 -9.311764 0.477793 -0.871061 0.113870 -2.589284 0.175415 -0.032411 -0.983961 -0.293217
0.852110 0.508378 0.124339 -9.569175 0.489499 -0.858227 0.154391 -2.636118 0.185201 -0.070694 -0.980155 -0.292252
0.843598 0.520980 0.130085 -9.806964 0.505654 -0.852256 0.134064 -2.687890 0.180711 -0.047318 -0.982397 -0.281313
0.827002 0.531266 0.183914 -10.049292 0.499908 -0.844579 0.191778 -2.774202 0.257214 -0.066661 -0.964052 -0.304485
0.842977 0.515622 0.153375 -10.275339 0.473621 -0.846567 0.242912 -2.854839 0.255093 -0.132128 -0.957846 -0.278646
0.828908 0.542756 0.135377 -10.486278 0.502908 -0.829037 0.244502 -2.919438 0.244938 -0.134587 -0.960152 -0.277761
0.830807 0.537676 0.143750 -10.723810 0.498923 -0.833960 0.235769 -2.944687 0.246649 -0.124158 -0.961119 -0.306735
0.822337 0.556942 0.116527 -10.968700 0.529624 -0.824064 0.201038 -2.981378 0.207992 -0.103606 -0.972628 -0.297743
0.839722 0.541367 0.042289 -11.193704 0.533455 -0.836981 0.122021 -3.030959 0.101454 -0.079904 -0.991626 -0.292803
0.831440 0.553902 0.043597 -11.429240 0.546022 -0.829083 0.120336 -3.128125 0.102799 -0.076247 -0.991776 -0.306014
0.847369 0.530704 0.017866 -11.641619 0.526202 -0.843744 0.105864 -3.200707 0.071257 -0.080304 -0.994220 -0.270154
0.829017 0.556968 -0.050176 -11.851785 0.559213 -0.825107 0.080496 -3.243463 0.003433 -0.094791 -0.995491 -0.285198
0.801499 0.596733 -0.038844 -12.109030 0.597870 -0.798302 0.072564 -3.286418 0.012292 -0.081384 -0.996607 -0.319221
0.787897 0.612091 -0.067548 -12.335469 0.615700 -0.785044 0.067956 -3.321734 -0.011433 -0.095132 -0.995399 -0.281233
0.796616 0.597962 -0.088565 -12.577721 0.600490 -0.799629 0.002393 -3.387323 -0.069388 -0.055089 -0.996068 -0.294337
0.814059 0.577137 -0.064966 -12.851602 0.578760 -0.815460 0.007891 -3.450633 -0.048423 -0.044024 -0.997856 -0.306419
0.826444 0.558712 -0.069507 -13.067794 0.561179 -0.827414 0.021531 -3.483931 -0.045481 -0.056799 -0.997349 -0.273429
0.819043 0.569885 -0.066337 -13.313244 0.573240 -0.817641 0.053465 -3.497391 -0.023771 -0.081817 -0.996364 -0.304361
0.793569 0.608473 -0.002912 -13.583155 0.606991 -0.791284 0.073694 -3.475540 0.042537 -0.060249 -0.997277 -0.297165
0.803885 0.589844 -0.076508 -13.830786 0.594532 -0.800619 0.074435 -3.469433 -0.017349 -0.105324 -0.994287 -0.291031
1.000000 0.000000 0.000000 -0.002171 0.000000 1.000000 0.000000 0.000705 0.000000 0.000000 1.000000 -0.015007
1.000000 0.000000 0.000000 -0.004551 0.000000 1.000000 0.000000 -0.000141 0.000000 0.000000 1.000000 -0.023015
1.000000 0.000000 0.000000 -0.006782 0.000000 1.000000 0.000000 -0.003523 0.000000 0.000000 1.000000 -0.020023
1.000000 0.000000 0.000000 -0.006745 0.000000 1.000000 0.000000 -0.001127 0.000000 0.000000 1.000000 -0.031023
1.000000 0.000000 0.000000 -0.012073 0.000000 1.000000 0.000000 0.001268 0.000000 0.000000 1.000000 -0.043040
1.000000 0.000000 0.000000 -0.015031 0.000000 1.000000 0.000000 -0.000141 0.000000 0.000000 1.000000 -0.044050
1.000000 0.000000 0.000000 -0.018554 0.000000 1.000000 0.000000 -0.003241 0.000000 0.000000 1.000000 -0.042062
0.983140 0.080768 -0.164052 -0.027047 0.087551 -0.995561 0.034532 -0.006624 -0.160535 -0.048312 -0.985847 -0.048090
0.981132 0.098197 -0.166546 -0.039778 0.105061 -0.993922 0.032893 -0.011133 -0.162303 -0.049770 -0.985485 -0.060132
0.978017 0.134421 -0.159414 -0.048252 0.142905 -0.988804 0.042956 -0.015925 -0.151855 -0.064793 -0.986277 -0.072161
0.969769 0.195641 -0.145854 -0.070085 0.197589 -0.980284 -0.001157 -0.029877 -0.143205 -0.027697 -0.989305 -0.074233
0.959019 0.241693 -0.147875 -0.102655 0.245359 -0.969408 0.006800 -0.032414 -0.141708 -0.042804 -0.988983 -0.075341
0.946283 0.293342 -0.136010 -0.125083 0.297063 -0.954829 0.007456 -0.030300 -0.127679 -0.047459 -0.990679 -0.065415
0.939759 0.329180 -0.092162 -0.140293 0.331606 -0.943342 0.011941 -0.004510 -0.083009 -0.041783 -0.995672 -0.055466
0.938221 0.341494 -0.055879 -0.139536 0.341988 -0.939704 -0.000768 0.062291 -0.052772 -0.018389 -0.998437 -0.060463
0.937847 0.346163 -0.024772 -0.128448 0.346884 -0.937207 0.036243 0.128668 -0.010670 -0.042584 -0.999036 -0.055427
0.928742 0.370566 0.010919 -0.100161 0.368734 -0.926399 0.076290 0.212521 0.038386 -0.066827 -0.997026 -0.046333
0.926583 0.376001 0.008218 -0.080697 0.372131 -0.919770 0.124670 0.332170 0.054435 -0.112459 -0.992164 -0.055268
0.922028 0.384027 0.048871 -0.066803 0.376233 -0.918652 0.120530 0.470140 0.091182 -0.092745 -0.991506 -0.059222
0.923303 0.377767 0.069308 -0.091316 0.366082 -0.920189 0.138696 0.671246 0.116172 -0.102686 -0.987907 -0.090304
0.910337 0.403097 0.093800 -0.106119 0.401398 -0.915149 0.037171 0.865870 0.100825 0.003813 -0.994897 -0.091353
0.908886 0.408981 0.081618 -0.106297 0.409522 -0.912237 0.010765 1.063171 0.078857 0.023640 -0.996606 -0.093353
0.913660 0.397857 0.083280 -0.064489 0.397498 -0.917349 0.021571 1.298946 0.084979 0.013395 -0.996293 -0.143215
0.925105 0.375864 0.053917 -0.032847 0.374791 -0.926650 0.029182 1.544445 0.060930 -0.006789 -0.998119 -0.141110
0.950149 0.311563 0.012070 -0.060205 0.310751 -0.949421 0.045089 1.792762 0.025507 -0.039090 -0.998910 -0.151201
0.951498 0.298265 0.075425 -0.129434 0.301213 -0.953052 -0.031036 2.069265 0.062627 0.052250 -0.996668 -0.204431
0.952297 0.274252 0.133854 -0.176938 0.287328 -0.953552 -0.090455 2.317301 0.102830 0.124600 -0.986864 -0.167588
0.939638 0.281784 0.194111 -0.191473 0.298917 -0.952071 -0.064886 2.562095 0.166523 0.118992 -0.978831 -0.193637
0.934242 0.280985 0.219635 -0.204719 0.276253 -0.959643 0.052622 2.836766 0.225557 0.011513 -0.974162 -0.217681
0.929383 0.324167 0.176532 -0.241226 0.323667 -0.945615 0.032439 3.096922 0.177447 0.026989 -0.983760 -0.203802
0.932673 0.322362 0.161877 -0.336181 0.322127 -0.946270 0.028427 3.370184 0.162343 0.025632 -0.986401 -0.257118
0.949417 0.275922 0.149913 -0.422683 0.269090 -0.960953 0.064501 3.645278 0.161856 -0.020899 -0.986593 -0.236405
0.935321 0.336167 0.110304 -0.491361 0.328816 -0.941024 0.079715 3.892891 0.130597 -0.038290 -0.990696 -0.232633
0.918053 0.370276 0.141683 -0.520828 0.361870 -0.928610 0.082053 4.173904 0.161951 -0.024058 -0.986505 -0.276731
0.896293 0.431066 0.104123 -0.549050 0.422684 -0.901444 0.093475 4.445897 0.134155 -0.039770 -0.990162 -0.249825
0.888961 0.454809 0.053817 -0.624853 0.452294 -0.890301 0.052872 4.718454 0.071960 -0.022660 -0.997150 -0.274077
0.885316 0.453137 0.104317 -0.706255 0.447322 -0.891222 0.075003 5.004259 0.126956 -0.019738 -0.991712 -0.284347
0.880898 0.468459 0.067565 -0.766906 0.465112 -0.883230 0.059800 5.248771 0.087689 -0.021252 -0.995921 -0.245548
0.855373 0.507844 0.102134 -0.776787 0.505534 -0.861397 0.049298 5.516819 0.113014 0.009464 -0.993548 -0.279582
0.847266 0.515440 0.128301 -0.771774 0.509987 -0.856923 0.074811 5.801214 0.148504 0.002047 -0.988910 -0.284565
0.866343 0.494754 0.068327 -0.802382 0.490214 -0.868516 0.073286 6.056860 0.095602 -0.029996 -0.994968 -0.263667
0.871224 0.479679 0.104295 -0.877782 0.468534 -0.875950 0.114834 6.321666 0.146441 -0.051180 -0.987895 -0.297918
0.883901 0.459753 0.085708 -0.938789 0.446662 -0.884206 0.136649 6.584358 0.138608 -0.082502 -0.986905 -0.263120
0.855854 0.504452 0.114200 -0.984709 0.497368 -0.863278 0.085882 6.828448 0.141910 -0.016703 -0.989739 -0.257273
0.843025 0.511337 0.166865 -0.983371 0.510052 -0.858460 0.053792 7.080007 0.170753 0.039762 -0.984511 -0.270269
0.850340 0.512354 0.120060 -0.989016 0.510388 -0.858549 0.048956 7.313526 0.128160 0.019648 -0.991559 -0.242288
1.000000 0.000000 0.000000 -0.002281 0.000000 1.000000 0.000000 -0.000080 0.000000 0.000000 1.000000 -0.015007
1.000000 0.000000 0.000000 -0.004228 0.000000 1.000000 0.000000 -0.001689 0.000000 0.000000 1.000000 -0.023015
1.000000 0.000000 0.000000 -0.005168 0.000000 1.000000 0.000000 -0.005630 0.000000 0.000000 1.000000 -0.020023
1.000000 0.000000 0.000000 -0.005953 0.000000 1.000000 0.000000 -0.003366 0.000000 0.000000 1.000000 -0.031023
1.000000 0.000000 0.000000 -0.011778 0.000000 1.000000 0.000000 -0.002937 0.000000 0.000000 1.000000 -0.043040
1.000000 0.000000 0.000000 -0.014076 0.000000 1.000000 0.000000 -0.005273 0.000000 0.000000 1.000000 -0.044050
1.000000 0.000000 0.000000 -0.016326 0.000000 1.000000 0.000000 -0.009392 0.000000 0.000000 1.000000 -0.042062
1.000000 0.000000 0.000000 -0.023151 0.000000 1.000000 0.000000 -0.015475 0.000000 0.000000 1.000000 -0.048090
0.982889 0.067007 -0.171579 -0.033571 0.072369 -0.997060 0.025184 -0.024067 -0.169387 -0.037170 -0.984848 -0.060132
0.981047 0.098158 -0.167070 -0.039895 0.104645 -0.994043 0.030454 -0.031468 -0.163086 -0.047360 -0.985474 -0.072161
0.977873 0.134857 -0.159934 -0.055640 0.143006 -0.988892 0.040530 -0.052046 -0.152691 -0.062505 -0.986295 -0.074233
0.974867 0.165866 -0.148736 -0.085378 0.168571 -0.985673 0.005682 -0.065569 -0.145662 -0.030612 -0.988861 -0.075341
0.958529 0.241506 -0.151319 -0.107177 0.244650 -0.969609 0.002226 -0.071253 -0.146182 -0.039154 -0.988482 -0.065415
0.949701 0.275249 -0.149351 -0.130290 0.277568 -0.960690 -0.005506 -0.052221 -0.144996 -0.036226 -0.988769 -0.055466
0.942951 0.314645 -0.108820 -0.152426 0.317158 -0.948353 0.006159 0.010810 -0.101262 -0.040321 -0.994042 -0.060463
0.938030 0.341515 -0.058883 -0.164709 0.341800 -0.939757 -0.005481 0.076977 -0.057208 -0.014985 -0.998250 -0.055427
0.938691 0.342573 -0.038765 -0.166807 0.343174 -0.939220 0.009878 0.165448 -0.033025 -0.022575 -0.999200 -0.046333
0.928747 0.370597 0.009314 -0.189440 0.369029 -0.926626 0.071979 0.284538 0.035306 -0.063413 -0.997363 -0.055268
0.926614 0.375961 0.006368 -0.223572 0.372508 -0.920148 0.120689 0.418939 0.051234 -0.109460 -0.992670 -0.059222
0.922302 0.382190 0.057358 -0.315389 0.372530 -0.918690 0.131266 0.599533 0.102863 -0.099699 -0.989686 -0.090304
0.923330 0.377920 0.068105 -0.395864 0.366869 -0.920530 0.134283 0.777357 0.113441 -0.099002 -0.988600 -0.091353
0.910329 0.403463 0.092302 -0.463513 0.402158 -0.914970 0.033158 0.962698 0.097831 0.006935 -0.995179 -0.093353
0.908934 0.409036 0.080801 -0.504865 0.409887 -0.912113 0.006519 1.198553 0.076366 0.027194 -0.996709 -0.143215
0.913573 0.398269 0.082260 -0.559097 0.398250 -0.917113 0.017350 1.440069 0.082352 0.016909 -0.996460 -0.141110
0.925116 0.376004 0.052734 -0.669735 0.375198 -0.926613 0.024817 1.664054 0.058196 -0.003173 -0.998300 -0.151201
0.933811 0.356725 0.027267 -0.829359 0.355420 -0.933704 0.043279 1.900204 0.040898 -0.030723 -0.998691 -0.204431
0.947122 0.319719 0.027185 -0.958831 0.319914 -0.947442 -0.003039 2.117034 0.024785 0.011575 -0.999626 -0.167588
0.951483 0.298603 0.074272 -1.056214 0.301757 -0.952728 -0.035396 2.342094 0.060191 0.056090 -0.996610 -0.193637
0.939795 0.282040 0.192975 -1.162604 0.299776 -0.951491 -0.069281 2.595670 0.164073 0.122959 -0.978755 -0.217681
0.939140 0.265783 0.217659 -1.285888 0.274551 -0.961515 -0.010512 2.827650 0.206489 0.069631 -0.975968 -0.203802
0.929490 0.324525 0.175305 -1.468578 0.324761 -0.945377 0.028158 3.051956 0.174867 0.030759 -0.984111 -0.257118
0.932406 0.323175 0.161794 -1.643951 0.327524 -0.944843 -0.000222 3.280874 0.152798 0.053199 -0.986825 -0.236405
0.941788 0.289630 0.170734 -1.793176 0.283455 -0.957104 0.060042 3.490065 0.180801 -0.008152 -0.983486 -0.232633
0.935277 0.336655 0.109184 -1.916977 0.329900 -0.940993 0.075488 3.744053 0.128155 -0.034582 -0.991151 -0.276731
0.918128 0.370557 0.140459 -2.036525 0.362869 -0.928583 0.077838 3.989991 0.159271 -0.020497 -0.987022 -0.249825
0.901131 0.413841 0.129223 -2.200976 0.404300 -0.909764 0.094184 4.220184 0.156540 -0.032627 -0.987133 -0.274077
0.888833 0.451059 0.080753 -2.375220 0.445531 -0.891876 0.077845 4.460912 0.107135 -0.033213 -0.993690 -0.284347
0.888898 0.455072 0.052629 -2.515841 0.452891 -0.890246 0.048489 4.669934 0.068918 -0.019267 -0.997436 -0.245548
0.885226 0.453582 0.103144 -2.616805 0.448325 -0.891063 0.070786 4.918437 0.124015 -0.016420 -0.992144 -0.279582
0.880887 0.468651 0.066372 -2.709362 0.465708 -0.883202 0.055412 5.187396 0.084589 -0.017901 -0.996255 -0.284565
0.844529 0.517079 0.139281 -2.825561 0.515372 -0.855453 0.050909 5.417156 0.145472 0.028788 -0.988943 -0.263667
0.853084 0.513500 0.092550 -2.986982 0.508944 -0.858005 0.069301 5.640204 0.114994 -0.012017 -0.993293 -0.297918
0.869381 0.488796 0.072495 -3.134157 0.484129 -0.871932 0.073168 5.866188 0.098975 -0.028514 -0.994681 -0.263120
0.876164 0.468593 0.112945 -3.260791 0.454533 -0.881199 0.129956 6.079852 0.160424 -0.062525 -0.985066 -0.257273
0.872627 0.480160 0.089273 -3.345571 0.469830 -0.875235 0.114996 6.316697 0.133351 -0.058406 -0.989346 -0.270269
0.855788 0.504795 0.113171 -3.430745 0.498320 -0.863133 0.081725 6.534203 0.138936 -0.013544 -0.990209 -0.242288
0.842905 0.511911 0.165707 -3.546875 0.511296 -0.857968 0.049661 6.744191 0.167593 0.042866 -0.984924 -0.266412
0.850209 0.512789 0.119127 -3.680453 0.511350 -0.858209 0.044703 6.958177 0.125159 0.022909 -0.991872 -0.279586
0.865134 0.487972 0.115875 -3.785835 0.484561 -0.872838 0.057907 7.144632 0.129397 0.006051 -0.991574 -0.252703
0.868207 0.469277 0.161230 -3.875286 0.459995 -0.883026 0.093116 7.347233 0.186067 -0.006679 -0.982514 -0.265752
0.883605 0.449525 0.131033 -3.946005 0.433892 -0.891280 0.131751 7.576299 0.176013 -0.059562 -0.982584 -0.279713
0.859766 0.494119 0.129026 -4.015664 0.478297 -0.867658 0.135653 7.768408 0.178979 -0.054917 -0.982319 -0.242712
0.833666 0.539823 0.116589 -4.127364 0.525111 -0.840192 0.135410 7.964561 0.171054 -0.051665 -0.983906 -0.262839
0.847583 0.520011 0.105789 -4.261025 0.507961 -0.852724 0.121813 8.170118 0.153553 -0.049510 -0.986899 -0.276022
0.847583 0.520011 0.105789 -4.371856 0.507961 -0.852724 0.121813 8.351890 0.153553 -0.049510 -0.986899 -0.231162
0.861897 0.480734 0.161334 -4.468727 0.461988 -0.875606 0.141000 8.569937 0.209049 -0.046993 -0.976775 -0.293217
0.879813 0.459768 0.120590 -4.568056 0.444782 -0.885822 0.132244 8.811986 0.167623 -0.062714 -0.983854 -0.292252
0.864883 0.488993 0.113414 -4.668136 0.478418 -0.871382 0.108670 9.033815 0.151966 -0.039728 -0.987587 -0.281313
0.852597 0.503875 0.138521 -4.802944 0.488913 -0.862743 0.128995 9.252902 0.184505 -0.042256 -0.981923 -0.304485
0.847583 0.517371 0.118022 -4.928817 0.501730 -0.853735 0.139298 9.457244 0.172829 -0.058851 -0.983192 -0.278646
0.830133 0.535363 0.155775 -5.035861 0.518244 -0.843923 0.138625 9.650143 0.205677 -0.034348 -0.978017 -0.277761
0.830568 0.522869 0.191741 -5.109944 0.480762 -0.846945 0.227050 9.877234 0.281112 -0.096399 -0.954821 -0.306735
0.842303 0.522116 0.133870 -5.196748 0.483294 -0.841545 0.241308 10.109144 0.238648 -0.138556 -0.961171 -0.297743
0.825577 0.551677 0.118640 -5.292027 0.525115 -0.828061 0.196389 10.318923 0.206585 -0.099835 -0.973322 -0.292803
0.841284 0.537470 0.058025 -5.436040 0.523971 -0.837117 0.157130 10.529110 0.133027 -0.101788 -0.985872 -0.306014
0.841284 0.537470 0.058025 -5.551192 0.523971 -0.837117 0.157130 10.721757 0.133027 -0.101788 -0.985872 -0.270154
0.841395 0.538807 0.041722 -5.636711 0.531354 -0.838894 0.117983 10.918441 0.098571 -0.077101 -0.992139 -0.285198
0.849066 0.528015 0.016950 -5.732211 0.523811 -0.845606 0.102821 11.161134 0.068624 -0.078423 -0.994555 -0.319221
0.828151 0.558207 -0.050704 -5.813835 0.560505 -0.824677 0.075774 11.375282 0.000483 -0.091172 -0.995835 -0.281233
0.803094 0.594551 -0.039367 -5.928357 0.595780 -0.800212 0.068611 11.598603 0.009291 -0.078555 -0.996866 -0.294337
0.789632 0.609700 -0.068902 -6.047226 0.613393 -0.787176 0.064053 11.853336 -0.015185 -0.092842 -0.995565 -0.306419
0.797370 0.596820 -0.089483 -6.124746 0.599128 -0.800652 -0.001326 12.057881 -0.072436 -0.052555 -0.995988 -0.273429
0.815098 0.575734 -0.064378 -6.188943 0.577244 -0.816549 0.006143 12.295170 -0.049031 -0.042169 -0.997907 -0.304361
0.826183 0.558950 -0.070686 -6.223688 0.561293 -0.827432 0.017514 12.563725 -0.048699 -0.054145 -0.997345 -0.297165
0.805418 0.592226 -0.023877 -6.269199 0.592442 -0.803198 0.062334 12.807215 0.017738 -0.064351 -0.997770 -0.291031
0.805418 0.592226 -0.023877 -6.375452 0.592442 -0.803198 0.062334 13.043144 0.017738 -0.064351 -0.997770 -0.320095
0.788142 0.614169 -0.040343 -6.508337 0.615230 -0.784196 0.080794 13.250933 0.017984 -0.088497 -0.995914 -0.281274
0.810759 0.576927 -0.099121 -6.638863 0.582405 -0.812040 0.037352 13.455981 -0.058941 -0.088012 -0.994374 -0.293449
0.817326 0.573974 -0.050322 -6.738875 0.574566 -0.818452 -0.003218 13.683084 -0.043034 -0.026283 -0.998728 -0.287504
0.861374 0.503324 -0.068560 -6.850122 0.506516 -0.861257 0.040967 13.909096 -0.038429 -0.070015 -0.996805 -0.278595
0.886139 0.462664 -0.026441 -6.955515 0.463409 -0.885043 0.044159 14.143389 -0.002970 -0.051384 -0.998675 -0.326658
0.886139 0.462664 -0.026441 -7.112703 0.463409 -0.885043 0.044159 14.361529 -0.002970 -0.051384 -0.998675 -0.384902
0.871720 0.483724 -0.078203 -7.236285 0.489019 -0.868931 0.076282 14.525462 -0.031053 -0.104739 -0.994015 -0.245101
0.872746 0.479046 -0.093963 -7.351506 0.484963 -0.872835 0.054505 14.708036 -0.055904 -0.093138 -0.994083 -0.211253
0.886916 0.458605 -0.055331 -7.457172 0.461172 -0.885946 0.049190 14.980772 -0.026461 -0.069144 -0.997256 -0.184274
0.879745 0.466789 -0.090316 -7.587643 0.473544 -0.877247 0.078706 15.241331 -0.042490 -0.112010 -0.992798 -0.244386
0.862888 0.503077 -0.048349 -7.714652 0.504748 -0.862670 0.032092 15.481553 -0.025565 -0.052096 -0.998315 -0.248510
0.846290 0.528045 -0.070439 -7.828765 0.532313 -0.843398 0.072951 15.733519 -0.020887 -0.099233 -0.994845 -0.206581
0.846290 0.528045 -0.070439 -7.934970 0.532313 -0.843398 0.072951 15.978913 -0.020887 -0.099233 -0.994845 -0.220634
0.842248 0.536283 -0.054944 -8.007022 0.538731 -0.833581 0.122115 16.264034 0.019688 -0.132451 -0.990994 -0.280536
0.875202 0.483706 -0.006989 -8.077880 0.481600 -0.869846 0.106913 16.537892 0.045635 -0.096936 -0.994244 -0.242447
0.874862 0.482702 -0.040194 -8.171515 0.484180 -0.873838 0.044470 16.784712 -0.013657 -0.058367 -0.998202 -0.226460
0.884019 0.466649 -0.027361 -8.318075 0.467191 -0.880061 0.084999 17.049913 0.015586 -0.087924 -0.996005 -0.224616
0.865803 0.496910 -0.058863 -8.436853 0.500038 -0.863571 0.064854 17.292982 -0.018605 -0.085585 -0.996157 -0.175711
0.867313 0.492804 -0.070087 -8.532813 0.496538 -0.866433 0.052390 17.554253 -0.034908 -0.080239 -0.996164 -0.209715
0.867313 0.492804 -0.070087 -8.613168 0.496538 -0.866433 0.052390 17.850000 -0.034908 -0.080239 -0.996164 -0.184631
0.888727 0.454929 -0.056607 -8.696804 0.457801 -0.887207 0.057288 18.100760 -0.024160 -0.076828 -0.996752 -0.115608
0.901226 0.427166 -0.072946 -8.818600 0.431478 -0.900157 0.059533 18.354578 -0.040233 -0.085127 -0.995557 -0.152700
0.917989 0.394179 -0.043813 -8.964944 0.396606 -0.912572 0.099578 18.614458 -0.000731 -0.108788 -0.994065 -0.109862
0.919111 0.387843 -0.069369 -9.080677 0.392783 -0.915780 0.084076 18.847837 -0.030919 -0.104522 -0.994042 -0.091959
0.918170 0.392815 -0.051569 -9.188651 0.395605 -0.916071 0.065659 19.113734 -0.021449 -0.080687 -0.996509 -0.100995
0.918170 0.392815 -0.051569 -9.285841 0.395605 -0.916071 0.065659 19.370959 -0.021449 -0.080687 -0.996509 -0.039007
0.929857 0.365937 -0.038168 -9.401872 0.367603 -0.928358 0.054950 19.612327 -0.015325 -0.065126 -0.997759 -0.035096
0.944554 0.318852 -0.078434 -9.585773 0.322096 -0.946146 0.032593 19.852539 -0.063818 -0.056049 -0.996386 -0.046397
0.944554 0.318852 -0.078434 -9.717176 0.322096 -0.946146 0.032593 20.050069 -0.063818 -0.056049 -0.996386 0.016416
0.940433 0.339297 -0.021535 -9.853561 0.339889 -0.936824 0.082685 20.280880 0.007880 -0.085080 -0.996343 -0.043748
0.942354 0.332463 -0.037913 -10.001305 0.334574 -0.937987 0.090776 20.543100 -0.005383 -0.098228 -0.995149 -0.012912
0.942354 0.332463 -0.037913 -10.148858 0.334574 -0.937987 0.090776 20.747800 -0.005383 -0.098228 -0.995149 0.035859
0.967326 0.252997 -0.016493 -10.329587 0.253462 -0.963442 0.086810 20.926477 0.006073 -0.088154 -0.996088 0.002498
0.967326 0.252997 -0.016493 -10.571395 0.253462 -0.963442 0.086810 21.118766 0.006073 -0.088154 -0.996088 -0.033039
0.981694 0.187194 -0.035141 -10.761994 0.188984 -0.980298 0.057457 21.279304 -0.023693 -0.063047 -0.997729 0.024548
0.981694 0.187194 -0.035141 -10.933453 0.188984 -0.980298 0.057457 21.471853 -0.023693 -0.063047 -0.997729 0.008231
0.991381 0.130240 0.014163 -11.118625 0.128957 -0.989196 0.069722 21.663160 0.023090 -0.067294 -0.997466 0.042870
0.992967 0.118129 -0.007921 -11.300269 0.118359 -0.988809 0.090817 21.805361 0.002896 -0.091116 -0.995836 0.068464
0.992967 0.118129 -0.007921 -11.515119 0.118359 -0.988809 0.090817 21.914178 0.002896 -0.091116 -0.995836 0.053917
0.997492 0.069448 -0.013657 -11.754318 0.070442 -0.992877 0.096089 22.023282 -0.006886 -0.096810 -0.995279 0.100294
0.997492 0.069448 -0.013657 -11.953115 0.070442 -0.992877 0.096089 22.142892 -0.006886 -0.096810 -0.995279 0.116809
0.999279 -0.027860 -0.025808 -12.135315 -0.025800 -0.996699 0.076976 22.275892 -0.027867 -0.076255 -0.996699 0.132391
0.999279 -0.027860 -0.025808 -12.351397 -0.025800 -0.996699 0.076976 22.416205 -0.027867 -0.076255 -0.996699 0.120876
0.998446 -0.031557 -0.045942 -12.574638 -0.029676 -0.998716 0.041057 22.526018 -0.047178 -0.039630 -0.998100 0.093303
0.998446 -0.031557 -0.045942 -12.802323 -0.029676 -0.998716 0.041057 22.560426 -0.047178 -0.039630 -0.998100 0.004631
0.999471 -0.032342 0.003358 -13.003250 -0.032446 -0.998757 0.037835 22.584477 0.002130 -0.037924 -0.999278 0.155033
0.999471 -0.032342 0.003358 -13.207973 -0.032446 -0.998757 0.037835 22.665636 0.002130 -0.037924 -0.999278 0.123485
0.996921 -0.078384 -0.002069 -13.426875 -0.078052 -0.994530 0.069418 22.770580 -0.007499 -0.069042 -0.997586 0.093921
0.989297 -0.143655 0.025595 -13.633508 -0.144925 -0.987760 0.057688 22.841145 0.016994 -0.060780 -0.998006 0.133356
0.989297 -0.143655 0.025595 -13.836490 -0.144925 -0.987760 0.057688 22.889644 0.016994 -0.060780 -0.998006 0.130778
0.979704 -0.196830 -0.037919 -14.135066 -0.195087 -0.979742 0.045237 22.964987 -0.046055 -0.036921 -0.998256 0.001931
0.979704 -0.196830 -0.037919 -14.385741 -0.195087 -0.979742 0.045237 23.030770 -0.046055 -0.036921 -0.998256 -0.100778
0.975014 -0.220657 -0.025663 -14.601756 -0.216857 -0.970489 0.105467 23.114718 -0.048178 -0.097267 -0.994092 -0.122357
0.958341 -0.285596 0.004056 -14.888292 -0.284286 -0.952378 0.110264 23.253234 -0.027629 -0.106824 -0.993894 -0.244095
0.958341 -0.285596 0.004056 -15.075746 -0.284286 -0.952378 0.110264 23.309784 -0.027629 -0.106824 -0.993894 -0.063615
0.938711 -0.342553 0.038443 -15.310532 -0.344686 -0.933945 0.094541 23.379101 0.003518 -0.101998 -0.994778 -0.066269
0.935164 -0.354182 0.004917 -15.596704 -0.352172 -0.928188 0.120175 23.441563 -0.038000 -0.114115 -0.992741 -0.093092
0.935164 -0.354182 0.004917 -15.800169 -0.352172 -0.928188 0.120175 23.504583 -0.038000 -0.114115 -0.992741 -0.061655
0.940616 -0.328301 0.086371 -16.022753 -0.337816 -0.930326 0.142735 23.585090 0.033493 -0.163436 -0.985985 -0.099259
0.929009 -0.353606 0.109108 -16.320811 -0.365634 -0.922549 0.123352 23.693466 0.057040 -0.154489 -0.986347 -0.154067
0.929009 -0.353606 0.109108 -16.488892 -0.365634 -0.922549 0.123352 23.769666 0.057040 -0.154489 -0.986347 0.044496
0.897601 -0.429995 0.097043 -16.676882 -0.434487 -0.900173 0.030152 23.785529 0.074390 -0.069229 -0.994823 0.163928
0.897601 -0.429995 0.097043 -17.030865 -0.434487 -0.900173 0.030152 23.906693 0.074390 -0.069229 -0.994823 -0.208042
0.876081 -0.478961 0.055480 -17.266641 -0.479853 -0.877343 0.003194 24.050036 0.047145 -0.029420 -0.998455 -0.309616
0.881982 -0.463429 0.085680 -17.511232 -0.465199 -0.885206 0.000797 24.239361 0.075475 -0.040561 -0.996322 -0.590167
0.881982 -0.463429 0.085680 -17.672754 -0.465199 -0.885206 0.000797 24.362341 0.075475 -0.040561 -0.996322 -0.377531
0.876632 -0.465097 0.123294 -17.798073 -0.475351 -0.876833 0.072145 24.401464 0.074554 -0.121852 -0.989744 -0.044876
1.000000 0.000000 0.000000 -0.001528 0.000000 1.000000 0.000000 0.001696 0.000000 0.000000 1.000000 -0.015007
1.000000 0.000000 0.000000 -0.004011 0.000000 1.000000 0.000000 0.002153 0.000000 0.000000 1.000000 -0.023015
1.000000 0.000000 0.000000 -0.007635 0.000000 1.000000 0.000000 0.000340 0.000000 0.000000 1.000000 -0.020023
1.000000 0.000000 0.000000 -0.006405 0.000000 1.000000 0.000000 0.002396 0.000000 0.000000 1.000000 -0.031023
1.000000 0.000000 0.000000 -0.009821 0.000000 1.000000 0.000000 0.007135 0.000000 0.000000 1.000000 -0.043040
1.000000 0.000000 0.000000 -0.013087 0.000000 1.000000 0.000000 0.007393 0.000000 0.000000 1.000000 -0.044050
1.000000 0.000000 0.000000 -0.017689 0.000000 1.000000 0.000000 0.006470 0.000000 0.000000 1.000000 -0.042062
1.000000 0.000000 0.000000 -0.026736 0.000000 1.000000 0.000000 0.007787 0.000000 0.000000 1.000000 -0.048090
0.983035 0.080947 -0.164590 -0.040016 0.087352 -0.995662 0.032044 0.010247 -0.161282 -0.045877 -0.985841 -0.060132
0.979681 0.112807 -0.165833 -0.049750 0.119759 -0.992271 0.032510 0.010335 -0.160884 -0.051709 -0.985618 -0.072161
0.974774 0.165999 -0.149200 -0.075634 0.168754 -0.985640 0.005908 0.009168 -0.146077 -0.030937 -0.988789 -0.074233
0.969854 0.195911 -0.144922 -0.105109 0.197619 -0.980275 -0.002663 0.023257 -0.142585 -0.026057 -0.989439 -0.075341
0.958927 0.241990 -0.147989 -0.123475 0.245286 -0.969442 0.004161 0.036301 -0.142460 -0.040290 -0.988980 -0.065415
0.942939 0.314742 -0.108639 -0.123752 0.317295 -0.948304 0.006614 0.066241 -0.100941 -0.040707 -0.994059 -0.055466
0.939480 0.329606 -0.093472 -0.089696 0.331840 -0.943292 0.009010 0.123713 -0.085202 -0.039483 -0.995581 -0.060463
0.938666 0.342665 -0.038574 -0.046905 0.343267 -0.939184 0.010043 0.175654 -0.032787 -0.022668 -0.999205 -0.055427
0.937699 0.346515 -0.025463 0.019519 0.347226 -0.937204 0.032897 0.234129 -0.012465 -0.039689 -0.999134 -0.046333
0.928590 0.370965 0.010331 0.096199 0.369320 -0.926486 0.072296 0.328017 0.036391 -0.063318 -0.997330 -0.055268
0.926470 0.376298 0.007279 0.177217 0.372701 -0.919964 0.121491 0.440555 0.052413 -0.109845 -0.992566 -0.059222
0.922207 0.382331 0.057944 0.256541 0.372529 -0.918577 0.132053 0.626974 0.103714 -0.100194 -0.989548 -0.090304
0.923199 0.378105 0.068852 0.341033 0.366884 -0.920404 0.135103 0.802925 0.114455 -0.099467 -0.988436 -0.091353
0.912614 0.398391 0.091764 0.439529 0.399438 -0.916730 0.007463 0.973882 0.087096 0.029843 -0.995753 -0.093353
0.908763 0.409318 0.081295 0.593624 0.410133 -0.911998 0.007175 1.157164 0.077078 0.026821 -0.996664 -0.143215
0.913527 0.398279 0.082713 0.743776 0.398197 -0.917119 0.018206 1.353951 0.083108 0.016304 -0.996407 -0.141110
0.924924 0.376361 0.053560 0.844242 0.375491 -0.926465 0.025859 1.582680 0.059354 -0.003806 -0.998230 -0.151201
0.933706 0.356957 0.027840 0.922539 0.355599 -0.933596 0.044135 1.856753 0.041746 -0.031309 -0.998638 -0.204431
0.951410 0.298712 0.074765 1.005418 0.301839 -0.952734 -0.034501 2.095310 0.060925 0.055392 -0.996604 -0.167588
0.952289 0.274509 0.133383 1.115227 0.287870 -0.953065 -0.093795 2.314576 0.101376 0.127717 -0.986616 -0.193637
0.939546 0.282304 0.193797 1.241091 0.299955 -0.951517 -0.068139 2.559071 0.165165 0.122151 -0.978672 -0.217681
0.931581 0.297859 0.208413 1.339553 0.290825 -0.954610 0.064353 2.802626 0.218121 0.000662 -0.975921 -0.203802
0.929363 0.324584 0.175868 1.393950 0.324673 -0.945379 0.029087 3.086755 0.175704 0.030067 -0.983984 -0.257118
0.932261 0.323233 0.162509 1.456584 0.327485 -0.944856 0.000659 3.368245 0.153761 0.052605 -0.986707 -0.236405
0.949400 0.276222 0.149473 1.520914 0.269976 -0.960934 0.060986 3.617023 0.160479 -0.017546 -0.986883 -0.232633
0.944062 0.305565 0.124005 1.635901 0.299176 -0.951794 0.067690 3.875121 0.138711 -0.026804 -0.989970 -0.276731
0.929861 0.351781 0.107741 1.747457 0.344246 -0.935239 0.082595 4.124785 0.129819 -0.039713 -0.990742 -0.249825
0.896103 0.431565 0.103691 1.818088 0.423673 -0.901335 0.089981 4.398728 0.132293 -0.036701 -0.990531 -0.274077
0.888736 0.451172 0.081189 1.890495 0.445563 -0.891806 0.078452 4.686943 0.107800 -0.033548 -0.993606 -0.284347
0.878558 0.473173 0.065140 1.960226 0.469532 -0.880598 0.063924 4.929022 0.087609 -0.025576 -0.995827 -0.245548
0.880689 0.468924 0.067057 2.085692 0.465889 -0.883047 0.056359 5.166099 0.085643 -0.018393 -0.996156 -0.279582
0.868655 0.490725 0.068021 2.232231 0.488084 -0.871229 0.052291 5.409886 0.084922 -0.012223 -0.996313 -0.284565
0.844489 0.516969 0.139931 2.333547 0.515182 -0.855528 0.051567 5.646586 0.146374 0.028542 -0.988818 -0.263667
0.847120 0.515815 0.127764 2.400652 0.510894 -0.856686 0.071248 5.913614 0.146205 0.004918 -0.989242 -0.297918
0.869452 0.488624 0.072796 2.479164 0.483902 -0.872019 0.073631 6.171616 0.099458 -0.028793 -0.994625 -0.263120
0.876097 0.468601 0.113433 2.561441 0.454376 -0.881159 0.130776 6.405964 0.161234 -0.063031 -0.984901 -0.257273
0.872655 0.479988 0.089916 2.688379 0.469465 -0.875279 0.116144 6.623151 0.134449 -0.059141 -0.989154 -0.270269
0.855733 0.504771 0.113702 2.800250 0.498181 -0.863141 0.082483 6.828208 0.139776 -0.013939 -0.990085 -0.242288
0.850192 0.512650 0.119848 2.886463 0.511130 -0.858300 0.045465 7.052146 0.126173 0.022604 -0.991751 -0.266412
0.864254 0.492346 0.103250 2.964523 0.489607 -0.870382 0.052145 7.292020 0.115540 0.005485 -0.993288 -0.279586
0.862089 0.482980 0.153404 3.039618 0.476759 -0.875609 0.077529 7.492598 0.171767 0.006300 -0.985117 -0.252703
0.883308 0.449702 0.132417 3.137321 0.433844 -0.891186 0.132541 7.691352 0.177612 -0.059627 -0.982293 -0.265752
0.881975 0.455260 0.121899 3.267339 0.437096 -0.886869 0.149698 7.892766 0.176260 -0.078748 -0.981189 -0.279713
0.840587 0.522926 0.141285 3.369727 0.506454 -0.851243 0.137439 8.069613 0.192139 -0.043975 -0.980382 -0.242712
0.828347 0.542824 0.138504 3.448189 0.521969 -0.837619 0.161064 8.281265 0.203443 -0.061123 -0.977177 -0.262839
0.834049 0.539127 0.117063 3.519739 0.524306 -0.840621 0.135865 8.515785 0.171654 -0.051941 -0.983787 -0.276022
0.847467 0.520122 0.106171 3.587744 0.507974 -0.852643 0.122320 8.717527 0.154147 -0.049730 -0.986796 -0.231162
0.879627 0.459970 0.121175 3.692511 0.444806 -0.885686 0.133075 8.931893 0.168534 -0.063157 -0.983670 -0.293217
0.864766 0.488999 0.114274 3.814083 0.478244 -0.871360 0.109606 9.163569 0.153171 -0.040133 -0.987384 -0.292252
0.852562 0.503767 0.139126 3.919684 0.488673 -0.862795 0.129550 9.382824 0.185300 -0.042462 -0.981764 -0.281313
0.852174 0.508263 0.124366 4.000861 0.489949 -0.858507 0.151378 9.626919 0.183709 -0.068067 -0.980621 -0.304485
0.844498 0.519603 0.129758 4.076487 0.504756 -0.853195 0.131453 9.854692 0.179012 -0.045515 -0.982793 -0.278646
0.828745 0.528428 0.184244 4.155449 0.498206 -0.846612 0.187186 10.060685 0.254897 -0.063338 -0.964892 -0.277761
0.831672 0.520643 0.193010 4.281791 0.478137 -0.848226 0.227811 10.263408 0.282324 -0.097178 -0.954384 -0.306735
0.831948 0.537821 0.136423 4.403648 0.498559 -0.832503 0.241615 10.478973 0.243518 -0.132997 -0.960735 -0.297743
0.823853 0.546923 0.148802 4.503104 0.514282 -0.831661 0.209413 10.686804 0.238286 -0.096000 -0.966439 -0.292803
0.822953 0.556092 0.116231 4.571547 0.529403 -0.824888 0.198224 10.932230 0.206108 -0.101596 -0.973241 -0.306014
0.842658 0.536838 0.041623 4.645105 0.529391 -0.840122 0.118068 11.144273 0.098352 -0.077456 -0.992133 -0.270154
0.834175 0.549744 0.043966 4.740804 0.542178 -0.832062 0.117118 11.336210 0.100968 -0.073860 -0.992144 -0.285198
0.848072 0.529624 0.016493 4.865330 0.525491 -0.844637 0.102210 11.565367 0.068063 -0.078014 -0.994626 -0.319221
0.826122 0.561232 -0.050405 4.976911 0.563490 -0.822624 0.075955 11.765546 0.001164 -0.091151 -0.995836 -0.281233
0.802855 0.594925 -0.038571 5.074371 0.596084 -0.799928 0.069272 11.996824 0.010358 -0.078606 -0.996852 -0.294337
0.789897 0.609415 -0.068382 5.193100 0.613075 -0.787346 0.065002 12.251622 -0.014227 -0.093268 -0.995539 -0.306419
0.797509 0.596737 -0.088796 5.299962 0.599080 -0.800689 -0.000335 12.442484 -0.071298 -0.052928 -0.996050 -0.273429
0.815395 0.575379 -0.063793 5.440470 0.576908 -0.816778 0.007078 12.644188 -0.048032 -0.042574 -0.997938 -0.304361
0.826354 0.558803 -0.069850 5.623862 0.561149 -0.827507 0.018530 12.843428 -0.047446 -0.054509 -0.997385 -0.297165
0.819213 0.569617 -0.066537 5.781132 0.572913 -0.818062 0.050444 13.034804 -0.025698 -0.079444 -0.996508 -0.291031
0.795499 0.605953 -0.001571 5.893566 0.604509 -0.793419 0.071098 13.267851 0.041836 -0.057508 -0.997468 -0.320095
0.805898 0.587062 -0.076719 5.967325 0.591734 -0.802932 0.071774 13.503211 -0.019465 -0.103240 -0.994466 -0.281274
0.800056 0.592588 -0.093539 6.040501 0.593932 -0.804360 -0.015772 13.735002 -0.084586 -0.042937 -0.995491 -0.293449
0.846820 0.527580 -0.067495 6.150185 0.530207 -0.847389 0.028500 13.957594 -0.042159 -0.059921 -0.997312 -0.287504
0.875452 0.480565 -0.051389 6.251812 0.482254 -0.875604 0.027351 14.188093 -0.031852 -0.048727 -0.998304 -0.278595
0.879295 0.475555 -0.026232 6.363545 0.476226 -0.877047 0.063221 14.419429 0.007058 -0.068083 -0.997655 -0.326658
0.872129 0.483122 -0.077354 6.429612 0.488357 -0.869230 0.077121 14.680059 -0.029980 -0.105035 -0.994016 -0.384902
0.872883 0.478900 -0.093436 6.475755 0.484801 -0.872887 0.055109 14.880103 -0.055167 -0.093401 -0.994099 -0.245101
0.872883 0.478900 -0.093436 6.541553 0.484801 -0.872887 0.055109 15.085723 -0.055167 -0.093401 -0.994099 -0.211253
0.887075 0.458387 -0.054592 6.682560 0.460926 -0.886024 0.050080 15.341980 -0.025414 -0.069588 -0.997252 -0.184274
0.879963 0.466493 -0.089715 6.798294 0.473211 -0.877363 0.079409 15.609410 -0.041669 -0.112331 -0.992797 -0.244386
0.868800 0.490817 -0.065468 6.900676 0.493911 -0.868392 0.044121 15.861117 -0.035196 -0.070668 -0.996879 -0.248510
