0.837612 0.008913 -0.546193 0.000000 -0.014030 0.999888 -0.005198 0.000000 0.546086 0.012017 0.837643 0.000000
0.837513 0.008877 -0.546346 0.008148 -0.014007 0.999888 -0.005226 0.011132 0.546238 0.012030 0.837544 0.000195
0.837306 0.008862 -0.546662 0.000533 -0.014007 0.999888 -0.005246 0.010072 0.546554 0.012050 0.837337 0.000186
0.837394 0.008827 -0.546528 0.011084 -0.013973 0.999889 -0.005261 0.012340 0.546421 0.012042 0.837424 0.000171
0.837016 0.008900 -0.547106 0.008900 -0.014014 0.999888 -0.005174 0.010508 0.546999 0.011998 0.837047 0.000927
0.837270 0.008867 -0.546718 0.004733 -0.014008 0.999888 -0.005236 0.013654 0.546611 0.012043 0.837300 -0.000010
0.837233 0.008888 -0.546774 0.015132 -0.014017 0.999888 -0.005210 0.011111 0.546667 0.012026 0.837264 0.000623
0.836853 0.008847 -0.547357 0.011295 -0.013974 0.999889 -0.005204 0.013432 0.547250 0.012004 0.836883 0.000978
0.837307 0.008850 -0.546661 0.011270 -0.013999 0.999888 -0.005256 0.010035 0.546553 0.012053 0.837337 0.000662
0.837940 0.008932 -0.545690 0.009846 -0.014056 0.999888 -0.005217 0.004069 0.545582 0.012042 0.837971 0.000537
0.837715 0.008851 -0.546036 0.008900 -0.014008 0.999888 -0.005283 0.014148 0.545928 0.012074 0.837745 0.000132
0.837263 0.008885 -0.546728 0.005046 -0.014027 0.999888 -0.005231 0.012322 0.546621 0.012048 0.837294 0.000255
0.837390 0.008860 -0.546534 0.013163 -0.013999 0.999888 -0.005239 0.019107 0.546426 0.012038 0.837421 0.000173
0.837411 0.008920 -0.546501 0.009977 -0.014050 0.999888 -0.005209 0.000433 0.546393 0.012040 0.837442 0.000098
0.837860 0.008978 -0.545812 0.009867 -0.014097 0.999887 -0.005193 -0.009080 0.545704 0.012046 0.837892 0.000122
0.837826 0.008983 -0.545863 0.010867 -0.014098 0.999887 -0.005184 0.003932 0.545755 0.012039 0.837858 0.000533
0.837990 0.009014 -0.545612 0.005160 -0.014136 0.999887 -0.005191 -0.017897 0.545503 0.012063 0.838022 0.000199
0.838019 0.009021 -0.545567 0.006210 -0.014144 0.999886 -0.005192 -0.002866 0.545458 0.012067 0.838051 0.000900
0.838183 0.008984 -0.545315 0.008274 -0.014103 0.999887 -0.005204 -0.015243 0.545207 0.012052 0.838215 0.000231
0.837638 0.009008 -0.546151 0.000256 -0.014132 0.999887 -0.005182 -0.008672 0.546043 0.012059 0.837671 0.000693
0.838214 0.009065 -0.545266 0.013519 -0.014152 0.999887 -0.005132 -0.026926 0.545157 0.012018 0.838248 0.000469
0.838067 0.009019 -0.545493 0.009595 -0.014126 0.999887 -0.005170 -0.010502 0.545384 0.012038 0.838100 0.000233
0.837760 0.008987 -0.545965 0.004126 -0.014135 0.999886 -0.005231 -0.001188 0.545856 0.012100 0.837792 0.000489
0.837759 0.008970 -0.545966 0.010522 -0.014085 0.999887 -0.005184 -0.018372 0.545858 0.012033 0.837791 0.000275
0.838031 0.009035 -0.545548 0.016960 -0.014118 0.999887 -0.005128 -0.014371 0.545440 0.011999 0.838064 0.000320
0.837865 0.009037 -0.545803 0.009921 -0.014138 0.999887 -0.005148 -0.002790 0.545694 0.012029 0.837898 0.000459
0.837961 0.009024 -0.545656 0.010411 -0.014129 0.999887 -0.005163 -0.009752 0.545548 0.012036 0.837993 0.000138
0.838303 0.009050 -0.545130 0.014617 -0.014141 0.999887 -0.005145 -0.016773 0.545022 0.012022 0.838336 0.000700
0.837760 0.008965 -0.545965 0.017073 -0.014091 0.999887 -0.005203 -0.006940 0.545857 0.012052 0.837792 0.000149
0.837845 0.009046 -0.545833 0.022690 -0.014131 0.999887 -0.005121 -0.004968 0.545725 0.012004 0.837878 0.000405
0.837730 0.009021 -0.546011 0.017009 -0.014120 0.999887 -0.005143 0.001124 0.545903 0.012018 0.837762 -0.000261
0.837536 0.008918 -0.546309 0.026161 -0.014053 0.999888 -0.005223 0.015466 0.546201 0.012052 0.837568 -0.000350
0.837816 0.008878 -0.545880 0.018502 -0.014034 0.999888 -0.005279 0.019073 0.545772 0.012084 0.837846 -0.000311
0.837345 0.008836 -0.546603 0.028142 -0.013982 0.999888 -0.005257 0.023572 0.546496 0.012044 0.837375 -0.001022
0.837868 0.008886 -0.545801 0.033307 -0.014019 0.999888 -0.005242 0.017843 0.545693 0.012044 0.837899 -0.000620
0.837730 0.008858 -0.546013 0.038675 -0.014018 0.999888 -0.005286 0.027263 0.545905 0.012083 0.837760 -0.001638
0.837970 0.008808 -0.545645 0.037936 -0.013957 0.999889 -0.005294 0.016989 0.545538 0.012052 0.838000 -0.000500
0.837971 0.008797 -0.545644 0.043479 -0.013955 0.999889 -0.005310 0.021571 0.545537 0.012064 0.838000 -0.001191
0.837523 0.008816 -0.546331 0.036913 -0.013953 0.999889 -0.005256 0.020983 0.546224 0.012025 0.837553 -0.001778
0.837505 0.008805 -0.546359 0.033020 -0.013970 0.999888 -0.005300 0.031733 0.546251 0.012071 0.837535 -0.001694
0.837708 0.008826 -0.546047 0.032811 -0.013967 0.999889 -0.005265 0.013682 0.545940 0.012037 0.837738 -0.001390
0.837765 0.008816 -0.545960 0.040232 -0.013952 0.999889 -0.005263 0.010607 0.545853 0.012027 0.837795 -0.001650
0.837644 0.008781 -0.546146 0.039387 -0.013926 0.999889 -0.005282 0.019579 0.546039 0.012030 0.837673 -0.001766
0.838263 0.005582 -0.545238 0.007302 -0.013696 0.999848 -0.010821 0.035630 0.545095 0.016539 0.838211 -0.021796
0.835068 0.008757 -0.550077 0.055847 -0.012547 0.999916 -0.003131 -0.009881 0.550004 0.009516 0.835108 0.020577
0.829926 0.012380 -0.557736 0.234502 -0.012452 0.999916 0.003666 -0.018872 0.557734 0.003903 0.830011 0.084528
0.828583 0.006144 -0.559832 0.301841 -0.013094 0.999879 -0.008407 -0.106748 0.559713 0.014297 0.828563 -0.008647
0.825973 0.003381 -0.563700 0.441184 -0.019798 0.999539 -0.023016 -0.240156 0.563362 0.030171 0.825659 0.043783
0.828219 -0.088015 -0.553449 0.667317 0.002279 0.988111 -0.153728 -0.337687 0.560399 0.126059 0.818573 -0.023435
0.833309 -0.028307 -0.552083 0.691841 -0.007411 0.998026 -0.062357 -0.463508 0.552758 0.056054 0.831454 0.022207
0.832205 -0.001706 -0.554465 0.830351 0.006588 0.999955 0.006810 -0.483915 0.554429 -0.009320 0.832179 -0.099629
0.831557 0.044413 -0.553661 0.953644 -0.032009 0.998973 0.032059 -0.594916 0.554516 -0.008937 0.832125 -0.005070
0.839960 0.052413 -0.540111 1.094780 -0.035180 0.998490 0.042184 -0.734731 0.541507 -0.016432 0.840536 -0.055823
0.850654 0.032230 -0.524737 1.234123 -0.038029 0.999277 -0.000272 -0.783818 0.524348 0.020187 0.851265 -0.003452
0.867180 0.017537 -0.497687 1.337023 -0.028927 0.999466 -0.015185 -0.838434 0.497155 0.027565 0.867224 -0.066293
0.886759 0.011830 -0.462081 1.511795 -0.028757 0.999148 -0.029606 -0.873477 0.461337 0.039542 0.886343 -0.031850
0.907191 0.018421 -0.420316 1.656050 -0.022865 0.999723 -0.005535 -0.976034 0.420098 0.014632 0.907361 -0.088215
0.921855 0.018438 -0.387096 1.749627 -0.021958 0.999748 -0.004673 -0.995659 0.386912 0.012808 0.922028 -0.072761
0.939165 0.011001 -0.343291 1.845208 -0.005297 0.999832 0.017547 -1.056337 0.343426 -0.014661 0.939065 -0.000081
0.955550 0.035526 -0.292682 1.957824 -0.033997 0.999369 0.010308 -1.072034 0.292864 0.000101 0.956154 0.009981
0.971163 0.030580 -0.236448 2.097177 -0.030238 0.999530 0.005074 -1.140949 0.236492 0.002222 0.971631 -0.020458
0.975151 0.046796 -0.216540 2.286478 -0.052511 0.998406 -0.020710 -1.099880 0.215226 0.031566 0.976054 -0.035252
0.976213 0.047301 -0.211590 2.425709 -0.053439 0.998297 -0.023378 -1.130372 0.210123 0.034129 0.977079 -0.018056
0.977048 0.040765 -0.209081 2.556328 -0.045954 0.998743 -0.020017 -1.216109 0.208002 0.029165 0.977694 -0.032573
0.976931 0.046521 -0.208429 2.706051 -0.049239 0.998756 -0.007870 -1.239548 0.207803 0.017952 0.978006 -0.040442
0.976368 0.007796 -0.215976 2.879483 -0.021717 0.997830 -0.062159 -1.272428 0.215022 0.065380 0.974418 -0.078063
0.976159 0.017969 -0.216310 3.016460 -0.024568 0.999310 -0.027858 -1.307994 0.215660 0.032508 0.975927 -0.026296
0.976305 0.023274 -0.215143 3.147634 -0.018310 0.999519 0.025039 -1.349716 0.215622 -0.020507 0.976262 -0.031965
0.976214 0.021281 -0.215764 3.281927 -0.019639 0.999760 0.009749 -1.355895 0.215920 -0.005280 0.976397 -0.045466
0.976199 0.027536 -0.215122 3.433630 -0.025543 0.999601 0.012039 -1.403398 0.215368 -0.006258 0.976513 -0.071075
0.984019 0.019408 -0.177001 3.573875 -0.016655 0.999716 0.017029 -1.411379 0.177281 -0.013809 0.984063 -0.025859
0.986633 0.053446 -0.153943 3.721025 -0.051508 0.998535 0.016554 -1.439788 0.154602 -0.008403 0.987941 -0.037346
0.993861 0.046064 -0.100595 3.858783 -0.043790 0.998735 0.024697 -1.455490 0.101605 -0.020140 0.994621 -0.024831
0.997315 0.043572 -0.058853 4.028564 -0.043433 0.999050 0.003642 -1.450823 0.058956 -0.001076 0.998260 0.003293
0.999381 0.034668 -0.005907 4.162270 -0.034618 0.999365 0.008491 -1.469914 0.006198 -0.008281 0.999947 -0.069942
0.999074 0.017689 0.039212 4.314091 -0.017674 0.999844 -0.000736 -1.454022 -0.039219 0.000042 0.999231 -0.043405
0.997138 0.001864 0.075575 4.446690 -0.003930 0.999622 0.027207 -1.440287 -0.075496 -0.027426 0.996769 -0.055259
0.994757 0.017818 0.100702 4.616297 -0.018818 0.999783 0.008988 -1.406373 -0.100520 -0.010836 0.994876 -0.038661
0.994035 0.006642 0.108857 4.768890 -0.006584 0.999978 -0.000889 -1.401245 -0.108860 0.000167 0.994057 -0.045995
0.993695 0.015253 0.111078 4.915381 -0.014585 0.999870 -0.006821 -1.400453 -0.111168 0.005157 0.993788 -0.026294
0.993867 0.008208 0.110279 5.069871 -0.009537 0.999888 0.011524 -1.381162 -0.110172 -0.012505 0.993834 -0.025768
0.993090 0.010940 0.116845 5.219389 -0.011888 0.999902 0.007420 -1.362920 -0.116752 -0.008758 0.993122 -0.021021
0.994000 0.026050 0.106237 5.393345 -0.023977 0.999497 -0.020743 -1.322582 -0.106724 0.018071 0.994124 -0.006838
0.996898 0.031505 0.072124 5.546724 -0.028876 0.998890 -0.037207 -1.340802 -0.073217 0.035009 0.996701 -0.049179
0.999055 0.032505 0.028869 5.699164 -0.031567 0.998976 -0.032399 -1.317831 -0.029892 0.031457 0.999058 -0.060502
0.998657 0.044523 -0.026491 5.826896 -0.044849 0.998924 -0.011837 -1.313679 0.025936 0.013010 0.999579 -0.038585
0.998468 0.040315 -0.037889 5.982110 -0.040682 0.999132 -0.008963 -1.335677 0.037495 0.010491 0.999242 -0.061446
0.998210 0.043476 -0.041071 6.119672 -0.042508 0.998804 0.024164 -1.329702 0.042072 -0.022375 0.998864 -0.033880
0.998403 0.037966 -0.041843 6.281029 -0.037466 0.999218 0.012676 -1.348727 0.042292 -0.011089 0.999044 -0.028278
0.998730 0.034269 -0.036938 6.424265 -0.033818 0.999346 0.012784 -1.352299 0.037352 -0.011519 0.999236 0.032872
0.998521 0.033940 -0.042463 6.591103 -0.033564 0.999391 0.009539 -1.363021 0.042761 -0.008100 0.999053 -0.001014
0.999237 0.014032 -0.036460 6.744066 -0.013693 0.999861 0.009516 -1.388696 0.036589 -0.009010 0.999290 -0.030523
0.999234 0.017134 -0.035169 6.897321 -0.016733 0.999792 0.011645 -1.378982 0.035362 -0.011047 0.999314 -0.018341
0.999316 0.016827 -0.032939 7.037743 -0.015874 0.999454 0.028985 -1.394410 0.033408 -0.028442 0.999037 -0.035381
0.999446 0.011160 -0.031343 7.220642 -0.010918 0.999909 0.007890 -1.379287 0.031428 -0.007544 0.999478 -0.028316
0.999640 0.021084 -0.016568 7.363196 -0.021151 0.999769 -0.003903 -1.392342 0.016482 0.004252 0.999855 -0.030576
0.999885 0.012580 0.008522 7.516787 -0.012603 0.999917 0.002649 -1.377375 -0.008488 -0.002756 0.999960 -0.024375
0.998704 0.019379 0.047067 7.656761 -0.019100 0.999797 -0.006362 -1.371776 -0.047181 0.005454 0.998871 -0.016671
0.996527 0.028299 0.078312 7.838294 -0.025782 0.999124 -0.032974 -1.358835 -0.079177 0.030841 0.996383 -0.040777
0.994639 0.040387 0.095195 7.977667 -0.038053 0.998932 -0.026205 -1.330529 -0.096152 0.022442 0.995114 -0.044864
0.991956 0.032901 0.122229 8.121028 -0.030190 0.999257 -0.023968 -1.308374 -0.122927 0.020085 0.992212 -0.022815
0.991787 0.040698 0.121251 8.282633 -0.037877 0.998957 -0.025482 -1.310868 -0.122162 0.020680 0.992295 -0.053309
0.992065 0.033217 0.121261 8.453287 -0.026408 0.998006 -0.057335 -1.275161 -0.122924 0.053678 0.990963 -0.017541
0.991575 0.031098 0.125749 8.566876 -0.030096 0.999498 -0.009863 -1.257694 -0.125993 0.005995 0.992013 -0.040424
0.991384 0.017077 0.129870 8.722224 -0.017159 0.999853 -0.000487 -1.268372 -0.129859 -0.001745 0.991531 -0.048380
0.991224 0.032230 0.128207 8.873919 -0.030979 0.999451 -0.011739 -1.222324 -0.128515 0.007665 0.991678 -0.042556
0.991281 0.009441 0.131424 9.020926 -0.009264 0.999955 -0.001955 -1.218478 -0.131436 0.000721 0.991324 -0.036986
0.990605 0.032323 0.132879 9.163308 -0.033495 0.999417 0.006591 -1.193549 -0.132588 -0.010980 0.991110 -0.047647
0.990138 0.031852 0.136430 9.308914 -0.034368 0.999279 0.016124 -1.186600 -0.135818 -0.020654 0.990519 -0.059067
0.990782 0.029418 0.132234 9.454647 -0.031888 0.999354 0.016596 -1.169927 -0.131661 -0.020659 0.991080 -0.051641
0.989946 0.028945 0.138454 9.601663 -0.031871 0.999312 0.018959 -1.151897 -0.137810 -0.023181 0.990187 -0.063103
0.990330 0.016919 0.137699 9.762983 -0.017468 0.999844 0.002778 -1.128020 -0.137631 -0.005156 0.990470 -0.023813
0.989874 0.009730 0.141618 9.922976 -0.010251 0.999943 0.002955 -1.113447 -0.141581 -0.004377 0.989917 -0.037782
0.989683 0.002603 0.143253 10.070252 -0.003879 0.999955 0.008625 -1.102296 -0.143224 -0.009092 0.989649 -0.048816
0.989143 0.016238 0.146057 10.238152 -0.013374 0.999699 -0.020572 -1.062383 -0.146347 0.018396 0.989062 -0.030675
0.987419 0.005187 0.158043 10.377393 -0.004022 0.999962 -0.007691 -1.046452 -0.158077 0.006958 0.987402 -0.049521
0.984966 0.028569 0.170367 10.524613 -0.027221 0.999577 -0.010243 -1.006313 -0.170588 0.005452 0.985327 -0.053922
0.983274 0.043778 0.176795 10.672493 -0.041159 0.998982 -0.018454 -0.966607 -0.177423 0.010869 0.984075 -0.049746
0.980283 0.055169 0.189742 10.788321 -0.059862 0.998024 0.019086 -0.936125 -0.188314 -0.030068 0.981648 -0.036965
0.978992 0.074007 0.189994 10.939058 -0.073192 0.997254 -0.011311 -0.909110 -0.190309 -0.002832 0.981720 -0.044260
0.978211 0.053035 0.200725 11.126863 -0.045727 0.998117 -0.040875 -0.865129 -0.202515 0.030805 0.978794 -0.054479
0.974789 0.053346 0.216657 11.236457 -0.051858 0.998576 -0.012549 -0.841789 -0.217018 0.000998 0.976167 -0.036920
0.972949 0.039465 0.227624 11.392209 -0.044718 0.998838 0.017966 -0.798604 -0.226651 -0.027659 0.973583 -0.017080
0.970778 0.060766 0.232160 11.553892 -0.052268 0.997725 -0.042588 -0.761362 -0.234219 0.029209 0.971745 -0.053790
0.968137 0.060789 0.242930 11.702917 -0.053745 0.997923 -0.035522 -0.720139 -0.244585 0.021334 0.969393 -0.062743
0.965784 0.072124 0.249118 11.848639 -0.062105 0.996922 -0.047857 -0.665688 -0.251803 0.030748 0.967290 -0.070334
0.963885 0.069900 0.256982 12.003668 -0.059084 0.997021 -0.049582 -0.644623 -0.259682 0.032608 0.965144 -0.130034
0.962846 0.037936 0.267373 12.132061 -0.038513 0.999253 -0.003087 -0.617931 -0.267290 -0.007326 0.963588 -0.053858
0.965853 0.030104 0.257334 12.276390 -0.030825 0.999524 -0.001233 -0.580715 -0.257249 -0.006742 0.966322 -0.069708
0.968429 0.030304 0.247442 12.445187 -0.024155 0.999320 -0.027847 -0.539092 -0.248118 0.020991 0.968502 -0.063990
0.969111 0.022771 0.245571 12.570255 -0.017294 0.999552 -0.024437 -0.507249 -0.246017 0.019435 0.969071 -0.060337
0.967961 0.023620 0.249986 12.706025 -0.023696 0.999716 -0.002705 -0.467030 -0.249979 -0.003306 0.968246 -0.065847
0.966843 0.030412 0.253553 12.857141 -0.028241 0.999527 -0.012200 -0.422400 -0.253804 0.004635 0.967245 -0.070223
0.966631 0.033980 0.253908 13.006478 -0.033505 0.999419 -0.006194 -0.385290 -0.253971 -0.002520 0.967209 -0.047297
0.968961 0.046739 0.242755 13.152837 -0.042326 0.998831 -0.023363 -0.341738 -0.243563 0.012363 0.969806 -0.079389
0.972450 0.039338 0.229768 13.322863 -0.032570 0.998919 -0.033175 -0.314029 -0.230824 0.024778 0.972680 -0.069177
0.973304 0.043843 0.225294 13.460469 -0.038190 0.998838 -0.029390 -0.272735 -0.226321 0.020001 0.973847 -0.085702
0.971279 0.021112 0.237006 13.609760 -0.023427 0.999701 0.006957 -0.231919 -0.236788 -0.012310 0.971483 -0.078906
0.972455 0.039140 0.229780 13.743051 -0.034545 0.999115 -0.023991 -0.211449 -0.230516 0.015392 0.972947 -0.088065
0.972507 0.022872 0.231748 13.900084 -0.021515 0.999733 -0.008382 -0.178323 -0.231878 0.003165 0.972740 -0.085756
0.972593 0.018472 0.231779 14.052170 -0.015770 0.999784 -0.013504 -0.136042 -0.231979 0.009478 0.972675 -0.069002
0.972639 0.031665 0.230155 14.193986 -0.030180 0.999495 -0.009973 -0.106901 -0.230354 0.002754 0.973103 -0.059695
0.973222 0.015834 0.229319 14.332599 -0.018326 0.999794 0.008741 -0.082451 -0.229133 -0.012709 0.973312 -0.092212
0.970904 0.030608 0.237503 14.487855 -0.036383 0.999138 0.019968 -0.029400 -0.236687 -0.028028 0.971182 -0.076830
0.971504 0.039245 0.233752 14.656074 -0.033856 0.999061 -0.027021 0.017319 -0.234593 0.018337 0.971921 -0.083950
0.970195 0.029883 0.240475 14.798073 -0.024270 0.999360 -0.026270 0.045315 -0.241106 0.019650 0.970300 -0.086313
0.969430 0.026286 0.243956 14.937851 -0.023003 0.999603 -0.016296 0.084070 -0.244288 0.010186 0.969649 -0.081594
0.970314 0.026945 0.240344 15.086863 -0.025060 0.999627 -0.010895 0.117383 -0.240548 0.004549 0.970627 -0.095404
0.969208 0.036863 0.243470 15.228813 -0.037635 0.999290 -0.001481 0.149948 -0.243352 -0.007728 0.969907 -0.085298
0.969067 0.057960 0.239893 15.380864 -0.054932 0.998304 -0.019296 0.196480 -0.240605 0.005521 0.970607 -0.088481
0.968231 0.040377 0.246776 15.511395 -0.039676 0.999182 -0.007816 0.234638 -0.246890 -0.002224 0.969041 -0.077212
0.967539 0.036935 0.250009 15.668451 -0.037610 0.999290 -0.002081 0.263348 -0.249909 -0.007389 0.968241 -0.071017
0.967449 0.018713 0.252373 15.806335 -0.022370 0.999682 0.011632 0.307097 -0.252076 -0.016899 0.967560 -0.079876
0.968998 0.015943 0.246552 15.967096 -0.017019 0.999853 0.002235 0.338457 -0.246480 -0.006362 0.969127 -0.091142
0.972879 -0.009639 0.231113 16.087770 0.003266 0.999604 0.027943 0.334860 -0.231291 -0.026430 0.972526 -0.056992
0.979319 0.014379 0.201809 16.257917 -0.014180 0.999897 -0.002433 0.381451 -0.201824 -0.000479 0.979422 -0.090850
0.983919 -0.007007 0.178478 16.392218 0.009985 0.999825 -0.015794 0.398299 -0.178336 0.017322 0.983817 -0.040026
0.984028 0.015744 0.177318 16.543344 -0.015758 0.999875 -0.001330 0.443720 -0.177316 -0.001485 0.984153 -0.083422
0.986122 0.014416 0.165397 16.698635 -0.012607 0.999849 -0.011984 0.469941 -0.165545 0.009733 0.986154 -0.059697
0.990540 0.029340 0.134054 16.814604 -0.033163 0.999102 0.026375 0.478049 -0.133160 -0.030571 0.990623 -0.087946
0.995929 0.028069 0.085661 16.986935 -0.028906 0.999546 0.008551 0.508609 -0.085383 -0.010992 0.996288 -0.094356
0.999182 0.032312 0.024317 17.129799 -0.032219 0.999472 -0.004221 0.498444 -0.024440 0.003434 0.999695 -0.071126
0.997824 0.035222 -0.055742 17.250860 -0.034411 0.999288 0.015447 0.487485 0.056247 -0.013495 0.998326 -0.046784
0.987580 0.036613 -0.152792 17.363461 -0.030445 0.998632 0.042517 0.459736 0.154140 -0.037337 0.987343 -0.066815
0.968330 0.024588 -0.248458 17.490435 -0.015493 0.999139 0.038494 0.419629 0.249191 -0.033426 0.967877 -0.083616
0.943416 0.017792 -0.331133 17.608973 -0.011373 0.999708 0.021312 0.373170 0.331416 -0.016340 0.943343 -0.066287
0.908272 0.022566 -0.417771 17.708147 -0.008947 0.999364 0.034529 0.322536 0.418284 -0.027624 0.907896 -0.073510
0.867638 0.037438 -0.495785 17.813774 -0.009871 0.998262 0.058107 0.255270 0.497099 -0.045521 0.866499 -0.039579
0.820131 0.020495 -0.571809 17.915293 0.001117 0.999299 0.037419 0.159458 0.572175 -0.031327 0.819533 -0.043901
0.770615 0.026762 -0.636739 18.028406 0.000470 0.999094 0.042560 0.074638 0.637301 -0.033097 0.769904 -0.016568
0.732346 0.006847 -0.680898 18.135843 0.000605 0.999943 0.010705 -0.048365 0.680932 -0.008252 0.732300 -0.038284
0.730193 0.018655 -0.682987 18.245327 0.002945 0.999532 0.030450 -0.145574 0.683235 -0.024246 0.729796 -0.033992
0.733564 0.030706 -0.678926 18.339630 -0.001730 0.999060 0.043316 -0.229214 0.679618 -0.030601 0.732927 -0.040709
0.736717 0.011410 -0.676104 18.456276 0.011159 0.999516 0.029027 -0.343680 0.676109 -0.028929 0.736234 -0.020519
0.743952 0.016958 -0.668017 18.574730 -0.000263 0.999685 0.025084 -0.442004 0.668233 -0.018485 0.743723 -0.038940
0.750894 0.028558 -0.659805 18.688723 -0.001544 0.999138 0.041489 -0.527750 0.660421 -0.030135 0.750291 0.002851
0.781720 0.077480 -0.618798 18.754984 0.002247 0.991896 0.127034 -0.586138 0.623626 -0.100695 0.775211 0.008919
0.772418 0.070790 -0.631158 18.909477 -0.011773 0.995194 0.097212 -0.703232 0.635006 -0.067657 0.769539 0.038798
0.764690 -0.005973 -0.644371 19.026119 0.009947 0.999947 0.002536 -0.844604 0.644322 -0.008349 0.764709 0.087479
0.746291 0.015747 -0.665434 19.178680 -0.018566 0.999824 0.002839 -0.918532 0.665361 0.010236 0.746451 0.015388
0.751040 0.015460 -0.660075 19.241398 -0.001772 0.999769 0.021400 -1.010701 0.660254 -0.014903 0.750894 0.030299
0.748005 0.033137 -0.662865 19.380289 -0.020524 0.999430 0.026802 -1.119068 0.663375 -0.006443 0.748259 -0.010779
0.751680 0.011986 -0.659419 19.493717 0.000166 0.999831 0.018363 -1.223535 0.659528 -0.013913 0.751551 0.026993
0.761270 0.036878 -0.647385 19.593153 -0.008587 0.998867 0.046802 -1.295560 0.648378 -0.030070 0.760725 0.046113
0.775238 0.039386 -0.630440 19.702181 -0.004250 0.998357 0.057145 -1.405222 0.631655 -0.041622 0.774132 0.051683
0.794844 0.010427 -0.606725 19.836466 -0.008976 0.999945 0.005426 -1.513998 0.606748 0.001133 0.794894 0.032116
0.797014 0.030823 -0.603173 19.950367 -0.006597 0.999082 0.042338 -1.590429 0.603924 -0.029765 0.796486 0.045067
0.792470 0.004511 -0.609894 20.075003 0.002123 0.999946 0.010155 -1.697028 0.609907 -0.009343 0.792418 0.026435
0.805399 -0.035153 -0.591690 20.163877 0.013943 0.999087 -0.040377 -1.793856 0.592569 0.024270 0.805154 0.020573
0.793917 0.017657 -0.607770 20.317867 -0.000951 0.999613 0.027799 -1.853593 0.608026 -0.021492 0.793626 0.022417
0.831431 -0.020024 -0.555268 20.403439 0.035710 0.999210 0.017437 -1.969743 0.554480 -0.034327 0.831489 0.035576
0.861613 0.012791 -0.507405 20.538256 -0.002421 0.999775 0.021092 -2.009154 0.507560 -0.016945 0.861450 0.029795
0.885276 -0.004630 -0.465042 20.667929 0.022433 0.999212 0.032755 -2.080646 0.464524 -0.039429 0.884682 0.062178
0.899738 0.036808 -0.434875 20.754564 0.009417 0.994568 0.103664 -2.116095 0.436329 -0.097366 0.894504 0.081461
0.896415 0.038896 -0.441506 20.921356 -0.009461 0.997594 0.068676 -2.187889 0.443115 -0.057385 0.894626 0.088259
0.886671 0.013433 -0.462205 21.090780 -0.006074 0.999830 0.017405 -2.277323 0.462360 -0.012625 0.886602 0.082362
0.862685 0.014970 -0.505520 21.230789 -0.018579 0.999825 -0.002098 -2.342635 0.505401 0.011202 0.862812 0.074020
0.834667 0.045611 -0.548863 21.330862 -0.024314 0.998645 0.046012 -2.404371 0.550218 -0.025059 0.834645 0.096346
0.816638 0.057197 -0.574310 21.469864 -0.034982 0.998153 0.049667 -2.502570 0.576090 -0.020469 0.817130 0.069948
0.798253 0.055726 -0.599739 21.601879 -0.045074 0.998446 0.032778 -2.575478 0.600633 0.000867 0.799524 0.058701
0.787612 0.043663 -0.614622 21.732447 -0.062838 0.997977 -0.009628 -2.681953 0.612959 0.046205 0.788763 0.067873
0.780743 0.102009 -0.616469 21.811392 -0.059845 0.994256 0.088730 -2.735785 0.621979 -0.032382 0.782364 0.108635
0.779999 0.070948 -0.621745 21.940344 -0.047244 0.997393 0.054544 -2.852091 0.623994 -0.013170 0.781318 0.048871
0.772958 0.079380 -0.629472 22.064730 -0.061223 0.996844 0.050530 -2.949848 0.631496 -0.000519 0.775379 0.096824
0.770741 0.040389 -0.635868 22.158583 -0.025502 0.999145 0.032553 -3.036338 0.636639 -0.008875 0.771111 0.056551
0.773460 0.081231 -0.628619 22.262970 -0.035738 0.995765 0.084702 -3.125131 0.632837 -0.043048 0.773087 0.097069
0.760097 0.066708 -0.646376 22.378893 -0.015984 0.996335 0.084029 -3.238419 0.649613 -0.053538 0.758378 0.084106
0.756542 0.046335 -0.652302 22.516235 -0.023784 0.998776 0.043362 -3.340412 0.653513 -0.017291 0.756718 0.099499
0.755309 0.031334 -0.654619 22.635904 -0.014761 0.999416 0.030807 -3.453498 0.655202 -0.013606 0.755331 0.100332
0.740704 0.044858 -0.670332 22.751841 -0.027102 0.998951 0.036901 -3.545028 0.671284 -0.009166 0.741143 0.068496
0.729072 0.025829 -0.683950 22.857668 -0.023415 0.999644 0.012791 -3.639907 0.684036 0.006689 0.729417 0.107798
0.729077 0.080505 -0.679681 22.956444 -0.040205 0.996381 0.074890 -3.735203 0.683250 -0.027274 0.729675 0.081331
0.730381 0.075838 -0.678816 23.051519 -0.037232 0.996760 0.071299 -3.819916 0.682024 -0.026802 0.730838 0.105824
0.734356 0.049819 -0.676933 23.174030 -0.027269 0.998663 0.043915 -3.952913 0.678216 -0.013790 0.734733 0.121022
0.735768 0.057261 -0.674808 23.286518 -0.039751 0.998353 0.041373 -4.042010 0.676066 -0.003617 0.736832 0.108045
0.737684 0.048270 -0.673418 23.412033 -0.033275 0.998828 0.035145 -4.151350 0.674325 -0.003517 0.738426 0.107134
0.737783 0.031634 -0.674296 23.525356 -0.030208 0.999448 0.013837 -4.259235 0.674361 0.010160 0.738332 0.108204
0.738691 0.025046 -0.673579 23.616371 -0.026927 0.999608 0.007639 -4.357673 0.673506 0.012495 0.739076 0.096849
0.742279 0.054059 -0.667907 23.725794 -0.030663 0.998437 0.046734 -4.446086 0.669389 -0.014209 0.742776 0.095547
0.745540 0.044341 -0.664985 23.822140 -0.017098 0.998728 0.047425 -4.541571 0.666242 -0.023988 0.745350 0.122738
0.743089 0.040361 -0.667975 23.936136 -0.011583 0.998806 0.047464 -4.642150 0.669093 -0.027533 0.742669 0.119835
0.745100 0.029081 -0.666319 24.064943 -0.021315 0.999577 0.019791 -4.764072 0.666612 -0.000544 0.745405 0.096534
0.743849 0.010755 -0.668261 24.182281 -0.015277 0.999883 -0.000913 -4.858526 0.668173 0.010888 0.743926 0.118259
0.748385 0.042868 -0.661878 24.277548 -0.016419 0.998801 0.046125 -4.949906 0.663061 -0.023651 0.748191 0.121621
0.747639 0.030623 -0.663399 24.393332 -0.015042 0.999461 0.029184 -5.058372 0.663935 -0.011840 0.747696 0.154791
0.740481 0.017282 -0.671855 24.532993 -0.029478 0.999542 -0.006778 -5.155402 0.671430 0.024824 0.740652 0.093189
0.739597 0.066084 -0.669798 24.618086 -0.035486 0.997613 0.059243 -5.242531 0.672114 -0.020047 0.740176 0.135528
0.741132 0.070970 -0.667598 24.715481 -0.029007 0.996853 0.073770 -5.334270 0.670732 -0.035308 0.740858 0.126616
0.739227 0.069161 -0.669896 24.838633 -0.036600 0.997369 0.062582 -5.438035 0.672461 -0.021744 0.739813 0.137747
0.740651 0.057950 -0.669386 24.950981 -0.028243 0.998078 0.055156 -5.541893 0.671296 -0.021946 0.740864 0.133422
0.736589 0.062301 -0.673465 25.061651 -0.028158 0.997710 0.061500 -5.638223 0.675754 -0.026337 0.736656 0.155842
0.724338 0.073987 -0.685463 25.165163 -0.031195 0.996724 0.074620 -5.731363 0.688738 -0.032667 0.724274 0.182778
0.709372 0.066257 -0.701714 25.270899 -0.028948 0.997471 0.064919 -5.844023 0.704240 -0.025738 0.709495 0.153354
0.690839 0.056122 -0.720827 25.399208 -0.038119 0.998423 0.041202 -5.956881 0.722003 -0.000986 0.691889 0.124227
0.684465 0.075036 -0.725174 25.483774 -0.039334 0.997041 0.066041 -6.066113 0.727983 -0.016679 0.685392 0.174101
0.681015 0.079118 -0.727983 25.595427 -0.041622 0.996721 0.069388 -6.184180 0.731085 -0.016954 0.682075 0.145038
0.679399 0.069477 -0.730472 25.693869 -0.041182 0.997549 0.056576 -6.294793 0.732612 -0.008355 0.680595 0.139766
0.679855 0.101480 -0.726292 25.788765 -0.046150 0.994337 0.095733 -6.377818 0.731893 -0.031566 0.680688 0.166720
0.689710 0.088048 -0.718713 25.880274 -0.027391 0.995041 0.095615 -6.483119 0.723568 -0.046260 0.688701 0.191234
0.686821 0.080527 -0.722352 25.989244 -0.036184 0.996399 0.076674 -6.596637 0.725926 -0.026523 0.687261 0.186351
0.688586 0.044620 -0.723781 26.079321 -0.012685 0.998694 0.049500 -6.712017 0.725044 -0.024904 0.688252 0.210234
0.691317 0.074786 -0.718671 26.188330 -0.026542 0.996586 0.078174 -6.817931 0.722064 -0.034967 0.690942 0.219053
0.691645 0.089168 -0.716712 26.277166 -0.025981 0.994779 0.098691 -6.916078 0.721771 -0.049638 0.690350 0.220184
0.689057 0.080006 -0.720277 26.373589 -0.020776 0.995660 0.090719 -7.032563 0.724409 -0.047546 0.687729 0.233367
0.686706 0.072261 -0.723335 26.492149 -0.025626 0.996835 0.075255 -7.139682 0.726484 -0.033141 0.686384 0.217260
0.683234 0.096219 -0.723832 26.570078 -0.019144 0.993300 0.113970 -7.224293 0.729948 -0.064011 0.680498 0.240744
0.665880 0.070916 -0.742681 26.680132 -0.017470 0.996681 0.079506 -7.359765 0.745854 -0.039967 0.664909 0.244584
0.621422 0.062088 -0.781012 26.758055 -0.009510 0.997379 0.071721 -7.476275 0.783418 -0.037141 0.620384 0.248240
0.580938 0.082072 -0.809799 26.844191 -0.009830 0.995538 0.093845 -7.597409 0.813888 -0.046558 0.579153 0.261588
0.564098 0.068136 -0.822892 26.926117 -0.006369 0.996919 0.078179 -7.731165 0.825683 -0.038860 0.562794 0.272080
0.551142 0.065796 -0.831813 27.008644 -0.006191 0.997181 0.074775 -7.849565 0.834388 -0.036062 0.549996 0.295527
0.535751 0.078336 -0.840734 27.091005 -0.005032 0.995966 0.089593 -7.984274 0.844361 -0.043769 0.533984 0.305444
0.522319 0.058489 -0.850742 27.181187 -0.010025 0.997997 0.062457 -8.122707 0.852691 -0.024094 0.521859 0.301331
0.510194 0.053845 -0.858372 27.214319 0.005827 0.997799 0.066055 -8.229980 0.860040 -0.038702 0.508757 0.309736
0.493896 0.089823 -0.864869 27.307472 -0.003694 0.994858 0.101214 -8.362439 0.869513 -0.046794 0.491688 0.306112
0.482050 0.016400 -0.875990 27.358166 0.010503 0.999645 0.024495 -8.523801 0.876081 -0.021008 0.481707 0.375431
0.467558 0.056039 -0.882184 27.445807 -0.004314 0.998121 0.061117 -8.637808 0.883952 -0.024770 0.466922 0.330520
0.445489 -0.017772 -0.895111 27.498566 0.015419 0.999807 -0.012176 -8.813733 0.895154 -0.008378 0.445677 0.329110
0.439786 0.024500 -0.897769 27.581413 0.003992 0.999565 0.029233 -8.923935 0.898094 -0.016440 0.439496 0.333441
0.410133 0.017360 -0.911861 27.602207 0.017676 0.999480 0.026979 -9.039387 0.911854 -0.027183 0.409613 0.392207
0.397440 0.080259 -0.914112 27.647860 0.014572 0.995490 0.093739 -9.153980 0.917513 -0.050576 0.394478 0.382036
0.369340 -0.021625 -0.929043 27.719559 0.019688 0.999687 -0.015442 -9.342006 0.929086 -0.012587 0.369651 0.341467
0.339111 0.045348 -0.939653 27.739285 0.015529 0.998432 0.053789 -9.424784 0.940618 -0.032833 0.337875 0.390655
0.313554 0.130206 -0.940601 27.771761 0.015251 0.989736 0.142091 -9.528407 0.949448 -0.058898 0.308350 0.444739
0.299369 -0.096784 -0.949216 27.886932 0.007109 0.995041 -0.099215 -9.826952 0.954111 0.022954 0.298572 0.371746
0.273065 0.024692 -0.961679 27.905416 -0.002975 0.999687 0.024823 -9.868577 0.961991 -0.003917 0.273054 0.443907
0.252397 0.047523 -0.966456 27.935427 0.007246 0.998672 0.051000 -10.021180 0.967597 -0.019875 0.251718 0.464032
0.241215 0.024166 -0.970171 27.969240 0.000256 0.999688 0.024965 -10.164638 0.970472 -0.006270 0.241134 0.429223
0.188117 0.036513 -0.981468 27.990078 0.003549 0.999277 0.037856 -10.288596 0.982140 -0.010604 0.187852 0.461987
0.075729 0.035476 -0.996497 27.977156 0.002681 0.999356 0.035782 -10.379784 0.997125 -0.005381 0.075585 0.462055
-0.042031 -0.002650 -0.999113 27.952391 -0.002282 0.999994 -0.002556 -10.495684 0.999114 0.002172 -0.042037 0.439070
-0.132090 0.041891 -0.990352 27.928823 -0.006332 0.999051 0.043103 -10.590944 0.991218 0.011964 -0.131699 0.479370
-0.207942 -0.022055 -0.977893 27.888924 -0.015691 0.999692 -0.019210 -10.737288 0.978015 0.011349 -0.208224 0.473235
-0.286362 -0.020678 -0.957898 27.834623 -0.020330 0.999673 -0.015502 -10.859550 0.957906 0.015035 -0.286688 0.489653
-0.356189 -0.030395 -0.933919 27.787281 -0.027702 0.999375 -0.021960 -10.985829 0.934003 0.018049 -0.356808 0.478262
-0.410074 -0.042860 -0.911045 27.701286 -0.034946 0.998900 -0.031264 -11.116205 0.911383 0.019016 -0.411121 0.496196
-0.463505 -0.058147 -0.884184 27.637234 -0.039704 0.998205 -0.044832 -11.246090 0.885204 0.014326 -0.464982 0.510140
-0.510099 -0.063756 -0.857750 27.544518 -0.043597 0.997884 -0.048245 -11.379868 0.859010 0.012785 -0.511799 0.491645
-0.552620 -0.062130 -0.831115 27.455257 -0.046937 0.997955 -0.043393 -11.498039 0.832111 0.015030 -0.554406 0.483180
-0.587487 -0.072602 -0.805970 27.362268 -0.050255 0.997318 -0.053206 -11.614754 0.807672 0.009246 -0.589560 0.501055
-0.615210 -0.063441 -0.785807 27.275415 -0.050067 0.997889 -0.041365 -11.727410 0.786772 0.013895 -0.617087 0.496800
-0.623488 -0.068657 -0.778812 27.188200 -0.052143 0.997570 -0.046198 -11.847775 0.780092 0.011805 -0.625554 0.508688
-0.616619 -0.041955 -0.786143 27.085470 -0.042665 0.998892 -0.019844 -11.948322 0.786105 0.021305 -0.617726 0.517058
-0.611397 -0.065484 -0.788610 26.990023 -0.047562 0.997809 -0.045981 -12.075730 0.789893 0.009395 -0.613173 0.530148
-0.567012 -0.054712 -0.821890 26.918375 -0.042280 0.998410 -0.037294 -12.187779 0.822623 0.013603 -0.568424 0.515030
-0.527249 -0.047602 -0.848377 26.846678 -0.032186 0.998832 -0.036041 -12.315845 0.849101 0.008303 -0.528165 0.518462
-0.479053 -0.031753 -0.877211 26.787209 -0.029883 0.999356 -0.019855 -12.438046 0.877277 0.016702 -0.479694 0.521891
-0.434979 -0.028745 -0.899982 26.725733 -0.024859 0.999493 -0.019908 -12.575126 0.900097 0.013713 -0.435473 0.536093
-0.411507 -0.027764 -0.910984 26.662403 -0.021951 0.999548 -0.020547 -12.706084 0.911142 0.011542 -0.411930 0.537072
-0.404889 -0.033501 -0.913752 26.598585 -0.024149 0.999372 -0.025940 -12.834194 0.914047 0.011563 -0.405443 0.542128
-0.394084 -0.037293 -0.918318 26.544226 -0.025300 0.999238 -0.029722 -12.979032 0.918726 0.011520 -0.394727 0.548012
-0.390556 -0.035177 -0.919907 26.472940 -0.025024 0.999306 -0.027589 -13.113390 0.920239 0.012245 -0.391166 0.574363
-0.388674 -0.044677 -0.920292 26.424528 -0.025448 0.998963 -0.037748 -13.247247 0.921024 0.008748 -0.389408 0.543802
-0.389434 -0.033107 -0.920459 26.363705 -0.024225 0.999376 -0.025697 -13.392445 0.920736 0.012291 -0.389993 0.562775
-0.397119 -0.026120 -0.917396 26.300255 -0.016605 0.999636 -0.021273 -13.511813 0.917617 0.006786 -0.397408 0.574222
-0.393785 -0.033796 -0.918581 26.260897 -0.022127 0.999383 -0.027284 -13.655668 0.918936 0.009581 -0.394290 0.530748
-0.396534 -0.021003 -0.917780 26.195583 -0.016048 0.999744 -0.015945 -13.805522 0.917880 0.008406 -0.396769 0.564599
-0.405964 -0.020743 -0.913654 26.129692 -0.012580 0.999775 -0.017108 -13.935352 0.913803 0.004548 -0.406133 0.589731
-0.407436 -0.004852 -0.913221 26.086361 -0.008755 0.999961 -0.001406 -14.066236 0.913192 0.007423 -0.407463 0.567299
-0.409735 0.002123 -0.912202 26.017792 -0.009243 0.999936 0.006479 -14.202153 0.912158 0.011086 -0.409689 0.561747
-0.410796 0.009338 -0.911680 25.957441 -0.004278 0.999917 0.012170 -14.345855 0.911717 0.008900 -0.410722 0.571270
-0.409913 0.007992 -0.912090 25.894281 -0.004796 0.999929 0.010917 -14.491968 0.912112 0.008849 -0.409845 0.598240
-0.410526 -0.000182 -0.911849 25.834959 -0.003693 0.999992 0.001463 -14.622066 0.911842 0.003968 -0.410523 0.574491
-0.409978 -0.030462 -0.911586 25.765104 -0.006888 0.999517 -0.030302 -14.758412 0.912069 -0.006144 -0.409990 0.567614
-0.410226 0.042707 -0.910983 25.710367 -0.004836 0.998787 0.049001 -14.856025 0.911971 0.024507 -0.409522 0.596874
-0.408990 0.061570 -0.910460 25.658813 -0.002832 0.997631 0.068737 -14.999577 0.912535 0.030691 -0.407846 0.618205
-0.408789 0.037595 -0.911854 25.588324 -0.002068 0.999110 0.042120 -15.143412 0.912626 0.019104 -0.408348 0.645370
-0.413288 0.033899 -0.909969 25.523937 -0.002838 0.999254 0.038514 -15.283067 0.910596 0.018500 -0.412884 0.604141
-0.419598 0.017294 -0.907545 25.461241 -0.001750 0.999801 0.019862 -15.419326 0.907708 0.009922 -0.419484 0.639656
-0.421573 0.017261 -0.906630 25.395992 -0.001594 0.999803 0.019776 -15.563694 0.906793 0.009783 -0.421462 0.614532
-0.420251 0.009427 -0.907359 25.322256 0.001290 0.999951 0.009792 -15.712745 0.907407 0.002944 -0.420242 0.645558
-0.422471 -0.003268 -0.906371 25.265427 0.002996 0.999983 -0.005002 -15.847116 0.906372 -0.004829 -0.422454 0.603532
-0.425180 0.004774 -0.905096 25.199659 0.003226 0.999988 0.003759 -15.977487 0.905103 -0.001322 -0.425191 0.616484
-0.424567 -0.001859 -0.905395 25.137636 0.008328 0.999948 -0.005958 -16.116291 0.905358 -0.010069 -0.424529 0.624458
-0.425094 0.014781 -0.905029 25.092316 0.009513 0.999884 0.011861 -16.256933 0.905099 -0.003568 -0.425185 0.602857
-0.428564 0.014171 -0.903400 25.020697 0.007140 0.999899 0.012297 -16.376070 0.903483 -0.001180 -0.428622 0.661698
-0.451157 0.028282 -0.891996 24.960508 0.000079 0.999499 0.031650 -16.476212 0.892444 0.014209 -0.450934 0.625040
-0.470348 0.048568 -0.881143 24.878313 -0.002624 0.998403 0.056432 -16.603264 0.882477 0.028854 -0.469470 0.651985
-0.490436 0.024694 -0.871127 24.815100 -0.003305 0.999539 0.030195 -16.730017 0.871471 0.017688 -0.490128 0.603817
-0.514413 0.032184 -0.856939 24.694088 0.000157 0.999299 0.037436 -16.909323 0.857543 0.019123 -0.514057 0.632747
-0.532577 0.033293 -0.845726 24.556103 -0.005141 0.999080 0.042567 -17.128813 0.846366 0.027018 -0.531916 0.652683
-0.555613 -0.001626 -0.831439 24.380913 -0.010416 0.999933 0.005005 -17.371237 0.831375 0.011441 -0.555593 0.680451
-0.572266 -0.009318 -0.820015 24.221069 -0.011963 0.999924 -0.003014 -17.610790 0.819981 0.008085 -0.572334 0.674869
-0.593935 -0.017841 -0.804315 24.046978 -0.008114 0.999836 -0.016187 -17.822359 0.804472 -0.003088 -0.593982 0.658478
-0.611138 0.002089 -0.791521 23.886166 -0.004670 0.999970 0.006245 -18.048290 0.791510 0.007513 -0.611110 0.685744
-0.620229 0.010629 -0.784349 23.714586 -0.001596 0.999889 0.014812 -18.268618 0.784419 0.010438 -0.620143 0.667421
-0.625435 0.004644 -0.780262 23.540197 0.000426 0.999984 0.005611 -18.495888 0.780276 0.003177 -0.625427 0.678572
-0.626998 0.008865 -0.778970 23.389605 0.005899 0.999961 0.006631 -18.675825 0.778998 -0.000437 -0.627026 0.694863
-0.628844 0.009930 -0.777468 23.292019 0.004740 0.999949 0.008938 -18.793116 0.777517 0.001935 -0.628859 0.667930
-0.625072 0.053567 -0.778727 23.192122 0.005019 0.997898 0.064615 -18.899042 0.780551 0.036481 -0.624027 0.714549
-0.625367 0.033682 -0.779603 23.046211 0.009269 0.999318 0.035740 -19.092392 0.780275 0.015124 -0.625253 0.703941
-0.629788 0.025426 -0.776351 22.872631 0.008470 0.999629 0.025867 -19.311413 0.776721 0.009716 -0.629770 0.710072
-0.630044 0.010363 -0.776490 22.692133 -0.000694 0.999903 0.013907 -19.529295 0.776559 0.009301 -0.629976 0.678362
-0.631939 0.007623 -0.774981 22.518433 0.001370 0.999961 0.008719 -19.752310 0.775017 0.004448 -0.631924 0.702097
-0.634489 0.026602 -0.772474 22.345245 0.002547 0.999474 0.032327 -19.946014 0.772928 0.018544 -0.634223 0.722609
-0.638022 0.014033 -0.769890 22.178707 0.001738 0.999858 0.016784 -20.163090 0.770016 0.009370 -0.637955 0.718486
-0.639450 0.023310 -0.768479 21.989079 0.000684 0.999557 0.029750 -20.364630 0.768833 0.018498 -0.639183 0.731750
-0.642801 0.016159 -0.765862 21.815603 -0.001683 0.999745 0.022506 -20.578817 0.766031 0.015756 -0.642610 0.736363
-0.642078 0.008598 -0.766591 21.633543 -0.003649 0.999892 0.014271 -20.802107 0.766630 0.011960 -0.641977 0.757299
-0.642941 0.002040 -0.765913 21.449955 -0.007639 0.999930 0.009076 -21.021694 0.765878 0.011686 -0.642880 0.747904
-0.642980 0.002116 -0.765880 21.264116 -0.008615 0.999913 0.009995 -21.221926 0.765834 0.013024 -0.642906 0.764077
-0.643103 -0.017030 -0.765590 21.083900 -0.008631 0.999850 -0.014991 -21.446627 0.765731 -0.003033 -0.643154 0.783191
-0.644278 -0.004403 -0.764779 20.909767 -0.010048 0.999946 0.002708 -21.640203 0.764725 0.009429 -0.644287 0.738850
-0.644869 -0.005587 -0.764273 20.722918 -0.010454 0.999944 0.001512 -21.853348 0.764222 0.008965 -0.644891 0.772194
-0.642579 -0.010217 -0.766151 20.551676 -0.011325 0.999929 -0.003836 -22.071106 0.766135 0.006211 -0.642649 0.756209
-0.644791 -0.009219 -0.764303 20.366961 -0.010936 0.999936 -0.002835 -22.280167 0.764280 0.006530 -0.644851 0.762580
-0.646321 -0.010511 -0.762993 20.184212 -0.012340 0.999918 -0.003321 -22.496624 0.762965 0.007268 -0.646398 0.758427
-0.647078 -0.007456 -0.762387 20.006672 -0.010417 0.999945 -0.000937 -22.699419 0.762353 0.007335 -0.647120 0.770921
-0.646699 -0.010031 -0.762679 19.824215 -0.011140 0.999931 -0.003706 -22.907614 0.762664 0.006099 -0.646766 0.773960
-0.650247 -0.010371 -0.759652 19.627073 -0.007990 0.999945 -0.006813 -23.119724 0.759681 0.001639 -0.650294 0.775919
-0.647003 -0.009255 -0.762431 19.455956 -0.011908 0.999927 -0.002033 -23.333187 0.762395 0.007764 -0.647066 0.785469
-0.650593 -0.012644 -0.759321 19.267561 -0.010842 0.999914 -0.007360 -23.537964 0.759349 0.003444 -0.650674 0.786790
