0.984108 0.080530 -0.158261 0.030715 0.088578 -0.995076 0.044461 0.032099 -0.153901 -0.057773 -0.986396 0.008338
0.981157 0.118191 -0.152849 0.140032 0.123276 -0.992077 0.024198 0.077641 -0.148778 -0.042585 -0.987953 0.009167
0.973270 0.166852 -0.157819 0.312367 0.168016 -0.985766 -0.006029 0.069836 -0.156579 -0.020648 -0.987450 -0.030475
0.965133 0.216445 -0.147206 0.183189 0.218823 -0.975765 -0.000044 0.106825 -0.143648 -0.032169 -0.989106 -0.019494
0.952156 0.274516 -0.134313 0.171502 0.277111 -0.960838 0.000648 0.101925 -0.128875 -0.037837 -0.990939 0.028344
0.945352 0.309796 -0.101665 0.156303 0.313149 -0.949525 0.018463 0.064541 -0.090814 -0.049290 -0.994647 -0.017889
0.939913 0.334891 -0.066423 0.157238 0.335669 -0.941980 0.000583 0.114183 -0.062374 -0.022844 -0.997791 -0.004478
0.940068 0.338524 -0.040916 0.208528 0.339647 -0.940236 0.024418 0.119314 -0.030205 -0.036852 -0.998864 -0.030181
0.931237 0.364284 -0.009727 0.247909 0.364181 -0.929355 0.060598 0.165686 0.013035 -0.059974 -0.998115 -0.011199
0.931260 0.364333 0.003928 0.304748 0.361468 -0.925184 0.115649 0.253024 0.045769 -0.106280 -0.993282 -0.028592
0.922339 0.385661 0.023583 0.366689 0.380585 -0.917340 0.116798 0.329046 0.066678 -0.098752 -0.992876 -0.051163
0.925822 0.373992 0.054632 0.451025 0.363674 -0.920836 0.140721 0.412895 0.102936 -0.110415 -0.988541 -0.024140
0.916451 0.388830 0.094496 0.585338 0.381812 -0.920390 0.084274 0.471098 0.119741 -0.041154 -0.991952 0.016908
0.913558 0.395659 0.094159 0.758753 0.396508 -0.917973 0.010312 0.491640 0.090516 0.027914 -0.995504 0.038140
0.920108 0.383881 0.077701 0.954377 0.383175 -0.923354 0.024390 0.541072 0.081108 0.007332 -0.996678 -0.001179
0.917556 0.389935 0.077726 1.181123 0.389124 -0.920820 0.025944 0.627136 0.081688 0.006440 -0.996637 -0.052320
0.934188 0.355714 0.027559 1.413263 0.354172 -0.933911 0.048704 0.718612 0.043062 -0.035738 -0.998433 -0.006149
0.946042 0.322905 0.027140 1.650317 0.323093 -0.946363 -0.002734 0.788091 0.024802 0.011356 -0.999628 -0.042364
0.959700 0.257724 0.112048 1.893723 0.266144 -0.961540 -0.067878 0.834933 0.090245 0.094964 -0.991382 0.000388
0.938728 0.297523 0.173981 2.196057 0.316435 -0.944051 -0.092937 0.872021 0.136596 0.142297 -0.980354 0.033084
0.939600 0.264536 0.217192 2.454754 0.271082 -0.962556 -0.000360 0.928768 0.208964 0.059215 -0.976129 0.008988
0.932240 0.296143 0.207914 2.709904 0.287584 -0.955122 0.070970 1.005495 0.219600 -0.006369 -0.975569 -0.014142
0.932292 0.321990 0.164783 2.970380 0.326126 -0.945324 0.002064 1.055869 0.156438 0.051815 -0.986328 0.007475
0.941966 0.289958 0.169188 3.199371 0.282152 -0.956884 0.069022 1.073333 0.181907 -0.017280 -0.983164 0.016972
0.945859 0.299973 0.123959 3.501687 0.292788 -0.953384 0.073033 1.139914 0.140089 -0.032785 -0.989596 0.029827
0.930416 0.351227 0.104715 3.761319 0.343051 -0.935139 0.088490 1.165372 0.129003 -0.046410 -0.990558 0.032790
0.901451 0.411539 0.134246 4.012731 0.400835 -0.910663 0.100118 1.218361 0.163456 -0.036441 -0.985877 0.026736
0.886803 0.454089 0.085924 4.274183 0.447435 -0.890141 0.086314 1.278609 0.115679 -0.038098 -0.992556 0.064907
0.877755 0.475653 0.057450 4.548242 0.472090 -0.879105 0.065610 1.323017 0.081712 -0.030468 -0.996190 0.049811
0.884144 0.459759 0.083133 4.823497 0.454902 -0.887687 0.071246 1.351608 0.106552 -0.025174 -0.993988 0.011198
0.871187 0.486606 0.065169 5.114510 0.483536 -0.873420 0.057711 1.374989 0.085002 -0.018766 -0.996204 0.044824
0.844889 0.516593 0.138907 5.372550 0.514506 -0.855825 0.053361 1.437194 0.146446 0.026384 -0.988867 0.002159
0.850463 0.515464 0.104931 5.634126 0.510182 -0.856858 0.074225 1.512247 0.128172 -0.009592 -0.991706 -0.014889
0.871287 0.486160 0.067140 5.888041 0.481747 -0.873338 0.072118 1.593395 0.093697 -0.030491 -0.995134 0.028893
0.878480 0.463522 0.115846 6.168582 0.448957 -0.883794 0.131706 1.627510 0.163432 -0.063691 -0.984496 -0.032852
0.875982 0.473968 0.089501 6.422640 0.460653 -0.877080 0.136125 1.696175 0.143018 -0.078014 -0.986641 0.005224
0.852580 0.503353 0.140511 6.715523 0.498675 -0.864011 0.069338 1.730932 0.156305 0.010953 -0.987648 0.002367
0.843289 0.512994 0.160317 6.953020 0.511328 -0.857643 0.054695 1.777405 0.165552 0.035851 -0.985549 -0.030904
0.861892 0.497108 0.100130 7.201785 0.494049 -0.867687 0.055097 1.846114 0.114271 0.001981 -0.993448 -0.006311
0.861839 0.488811 0.135264 7.433451 0.482157 -0.872380 0.080491 1.922186 0.157347 -0.004152 -0.987535 -0.013263
0.883429 0.448085 0.137019 7.692012 0.432890 -0.892408 0.127334 1.970459 0.179333 -0.053176 -0.982350 -0.032557
0.865635 0.486445 0.118517 7.906794 0.468139 -0.870320 0.152933 2.036472 0.177541 -0.076902 -0.981104 -0.009898
0.832586 0.531545 0.155756 8.128971 0.511052 -0.845631 0.154059 2.124065 0.213601 -0.048668 -0.975708 -0.023653
0.824503 0.549768 0.133975 8.299245 0.531396 -0.833638 0.150552 2.184462 0.194455 -0.052937 -0.979482 -0.031166
0.847180 0.523286 0.091963 8.542816 0.511163 -0.849967 0.127547 2.252785 0.144909 -0.061047 -0.987560 -0.006415
0.861995 0.485019 0.147381 8.767613 0.465822 -0.872570 0.147079 2.298705 0.199936 -0.058128 -0.978083 -0.012104
0.876184 0.460665 0.141739 8.998483 0.442630 -0.885452 0.141607 2.334527 0.190736 -0.061336 -0.979723 -0.030522
0.869394 0.483923 0.099858 9.241041 0.473046 -0.873533 0.114751 2.386081 0.142760 -0.052527 -0.988363 -0.027192
0.851799 0.504980 0.139405 9.435888 0.492218 -0.862573 0.117002 2.430808 0.179331 -0.031045 -0.983299 -0.059284
0.852016 0.508613 0.124020 9.637729 0.490829 -0.858478 0.148671 2.514288 0.182084 -0.065797 -0.981079 -0.031025
0.835408 0.529850 0.146120 9.843096 0.511921 -0.846867 0.144058 2.578368 0.200074 -0.045545 -0.978722 0.003840
0.828010 0.522144 0.204365 10.111544 0.484143 -0.849618 0.209175 2.634251 0.282852 -0.074257 -0.956285 -0.035677
0.843258 0.513934 0.157441 10.365786 0.462858 -0.843212 0.273416 2.717202 0.273274 -0.157687 -0.948923 -0.018019
0.836393 0.531206 0.135156 10.602034 0.485261 -0.832259 0.268077 2.781906 0.254890 -0.158632 -0.953870 -0.021540
0.818406 0.558323 0.135971 10.811098 0.527550 -0.823813 0.207422 2.839946 0.227823 -0.098024 -0.968756 -0.052555
0.836529 0.544183 0.063911 10.999053 0.530563 -0.833624 0.153536 2.872102 0.136829 -0.094528 -0.986074 -0.059175
0.833108 0.549338 0.064497 11.235604 0.538253 -0.832044 0.134115 2.902330 0.127339 -0.077016 -0.988865 -0.067630
0.844890 0.534479 0.022200 11.464306 0.528018 -0.839894 0.125598 3.004936 0.085775 -0.094394 -0.991833 -0.019098
0.814134 0.576871 -0.066380 11.680259 0.580558 -0.810949 0.072903 3.036945 -0.011775 -0.097890 -0.995128 -0.080295
0.794580 0.606720 -0.023103 11.927037 0.606279 -0.790803 0.084007 3.107641 0.032699 -0.080757 -0.996197 -0.092286
0.785501 0.614204 -0.075775 12.118889 0.618606 -0.782781 0.067678 3.164358 -0.017747 -0.100036 -0.994825 -0.052636
0.797444 0.598036 -0.080225 12.369584 0.599265 -0.800483 -0.010447 3.219160 -0.070466 -0.039745 -0.996722 -0.074534
0.819013 0.571481 -0.051262 12.600678 0.573031 -0.819229 0.022352 3.297225 -0.029221 -0.047682 -0.998435 -0.080676
0.827716 0.557056 -0.067636 12.839700 0.560218 -0.827254 0.042513 3.357145 -0.032270 -0.073080 -0.996804 -0.056599
0.813067 0.577488 -0.073680 13.083761 0.581420 -0.811913 0.052431 3.435980 -0.029543 -0.085469 -0.995903 -0.071683
0.789819 0.613304 -0.006583 13.330123 0.612041 -0.787403 0.073502 3.525604 0.039896 -0.062082 -0.997273 -0.086830
0.806321 0.586003 -0.080296 13.568034 0.591068 -0.803362 0.072443 3.623886 -0.022054 -0.105873 -0.994135 -0.075762
0.794104 0.603449 -0.072443 13.821723 0.603989 -0.796818 -0.016697 3.720470 -0.067800 -0.030496 -0.997233 -0.114681
0.847219 0.526374 -0.071769 14.077281 0.530149 -0.846393 0.050617 3.756809 -0.034102 -0.080932 -0.996136 -0.131648
0.864762 0.495465 -0.081859 14.365886 0.500277 -0.864142 0.054596 3.779574 -0.043687 -0.088165 -0.995147 -0.103792
0.886567 0.462233 -0.018437 14.580489 0.462557 -0.885234 0.048998 3.855066 0.006328 -0.051968 -0.998629 -0.140079
0.877374 0.476551 -0.055793 14.833028 0.479631 -0.874250 0.075115 3.901974 -0.012982 -0.092664 -0.995613 -0.144540
0.877385 0.471095 -0.090909 15.036229 0.477663 -0.875486 0.073227 3.969380 -0.045093 -0.107672 -0.993163 -0.135944
0.874115 0.482993 -0.051389 15.279048 0.485659 -0.870755 0.076946 4.018862 -0.007583 -0.092217 -0.995710 -0.153023
0.879354 0.471961 -0.063162 15.526827 0.475103 -0.878502 0.050121 4.049587 -0.031833 -0.074083 -0.996744 -0.147597
0.892318 0.440693 -0.097769 15.780638 0.449188 -0.888306 0.095619 4.069240 -0.044711 -0.129240 -0.990605 -0.184995
0.863938 0.501412 -0.046871 15.992897 0.503173 -0.863284 0.039461 4.135100 -0.020677 -0.057676 -0.998121 -0.164680
0.843497 0.532628 -0.069429 16.195935 0.536939 -0.839600 0.082275 4.237811 -0.014470 -0.106678 -0.994188 -0.155325
0.845020 0.531370 -0.059892 16.463350 0.534297 -0.834486 0.134763 4.322987 0.021630 -0.145877 -0.989066 -0.165707
0.875577 0.483066 -0.003531 16.671825 0.480285 -0.869705 0.113748 4.400338 0.051877 -0.101291 -0.993503 -0.195076
0.885271 0.463204 -0.041682 16.954404 0.465054 -0.882545 0.069569 4.473151 -0.004561 -0.080972 -0.996706 -0.179805
0.881862 0.470548 -0.030055 17.198794 0.471507 -0.880057 0.056393 4.558521 0.000085 -0.063902 -0.997956 -0.203546
0.873652 0.483958 -0.050166 17.475293 0.486552 -0.868997 0.090068 4.659155 -0.000005 -0.103096 -0.994671 -0.219129
0.867632 0.493296 -0.062245 17.740733 0.496336 -0.866705 0.049720 4.763574 -0.029421 -0.074033 -0.996822 -0.209578
0.876239 0.479865 -0.043992 18.011193 0.481869 -0.873094 0.074225 4.861468 -0.002791 -0.086237 -0.996271 -0.254823
0.899316 0.430907 -0.074498 18.291657 0.435217 -0.898556 0.056424 4.923781 -0.042627 -0.083166 -0.995624 -0.255319
0.910137 0.409907 -0.060222 18.580941 0.414006 -0.905357 0.094483 5.003000 -0.015793 -0.110925 -0.993703 -0.258486
0.915572 0.401448 -0.023813 18.856019 0.401246 -0.907924 0.121145 5.081580 0.027013 -0.120472 -0.992349 -0.301913
0.919758 0.386567 -0.067903 19.136088 0.391606 -0.915431 0.092899 5.180993 -0.026249 -0.112036 -0.993357 -0.296457
0.917389 0.393329 -0.060743 19.384434 0.396904 -0.915441 0.066604 5.290228 -0.029409 -0.085210 -0.995929 -0.314574
0.930057 0.366141 -0.030558 19.665812 0.367390 -0.927724 0.065980 5.365589 -0.004192 -0.072592 -0.997353 -0.354179
0.941501 0.333481 -0.048633 19.945000 0.335722 -0.940688 0.048960 5.422595 -0.029421 -0.062423 -0.997616 -0.367647
0.941627 0.333914 -0.042898 20.240933 0.335743 -0.940801 0.046579 5.491504 -0.024805 -0.058263 -0.997993 -0.419519
0.937086 0.346016 -0.046291 20.492766 0.348979 -0.931959 0.098319 5.560036 -0.009121 -0.108288 -0.994078 -0.400444
0.952367 0.303276 -0.031953 20.786518 0.304953 -0.947511 0.096057 5.655310 -0.001143 -0.101226 -0.994863 -0.412170
0.966267 0.257037 -0.016151 21.097465 0.257374 -0.961450 0.096809 5.687002 0.009355 -0.097700 -0.995172 -0.477523
0.982386 0.182393 -0.040620 21.384893 0.184612 -0.980978 0.060002 5.700697 -0.028903 -0.066444 -0.997371 -0.470581
0.991883 0.124102 -0.027701 21.666686 0.125717 -0.989788 0.067195 5.707959 -0.019079 -0.070132 -0.997355 -0.494968
0.992398 0.121998 0.016238 21.935956 0.119890 -0.988091 0.096454 5.736001 0.027812 -0.093774 -0.995205 -0.511787
0.993088 0.117292 0.004378 22.219001 0.116367 -0.988756 0.093913 5.765233 0.015344 -0.092755 -0.995571 -0.533506
0.997106 0.072301 -0.023481 22.472736 0.074435 -0.991312 0.108441 5.791656 -0.015437 -0.109875 -0.993826 -0.524108
0.999897 0.011608 -0.008459 22.752579 0.012300 -0.996139 0.086920 5.769794 -0.007417 -0.087016 -0.996179 -0.578029
0.998246 -0.052314 -0.027726 23.039083 -0.049735 -0.994991 0.086715 5.698275 -0.032123 -0.085184 -0.995847 -0.575868
0.998872 -0.041620 -0.022839 23.314322 -0.040815 -0.998566 0.034654 5.639977 -0.024249 -0.033683 -0.999138 -0.570958
0.999031 -0.043629 -0.005745 23.601087 -0.043374 -0.998306 0.038780 5.604258 -0.007427 -0.038493 -0.999231 -0.620984
0.997806 -0.065145 -0.011792 23.858070 -0.064112 -0.995244 0.073336 5.576146 -0.016513 -0.072419 -0.997238 -0.577607
0.995312 -0.095998 0.011791 24.092222 -0.096589 -0.992884 0.069654 5.519800 0.005020 -0.070467 -0.997501 -0.620351
0.985046 -0.172153 0.006915 24.320832 -0.172132 -0.981608 0.082566 5.422762 -0.007426 -0.082521 -0.996562 -0.618335
0.979794 -0.199125 -0.018788 24.559714 -0.197970 -0.978895 0.050717 5.310365 -0.028490 -0.045973 -0.998536 -0.653949
0.975163 -0.217802 -0.040240 24.788532 -0.213797 -0.973097 0.085868 5.196388 -0.057860 -0.075132 -0.995494 -0.695186
0.968538 -0.247161 -0.029067 25.004835 -0.242812 -0.964117 0.107337 5.136601 -0.054553 -0.096903 -0.993798 -0.710594
0.959997 -0.279149 0.021939 25.231444 -0.279425 -0.949979 0.139506 5.049441 -0.018101 -0.140056 -0.989978 -0.711873
0.953585 -0.298053 0.042890 25.459103 -0.300755 -0.949749 0.086735 4.934412 0.014883 -0.095609 -0.995308 -0.714542
0.926298 -0.375877 0.026234 25.655616 -0.376476 -0.920431 0.105226 4.795088 -0.015406 -0.107347 -0.994102 -0.726765
0.936252 -0.351323 0.002044 25.848575 -0.347401 -0.924901 0.154500 4.652297 -0.052389 -0.145361 -0.987991 -0.738759
0.941776 -0.321775 0.097565 26.049220 -0.333617 -0.930404 0.151814 4.530909 0.041925 -0.175524 -0.983582 -0.727197
0.930482 -0.348741 0.112174 26.249991 -0.361053 -0.924832 0.119693 4.417964 0.062000 -0.151873 -0.986454 -0.655984
0.905483 -0.413887 0.093798 26.447935 -0.420030 -0.905605 0.058766 4.285069 0.060621 -0.092610 -0.993855 -0.679913
0.880553 -0.468111 0.074158 26.665008 -0.470218 -0.882454 0.013027 4.085079 0.059343 -0.046342 -0.997161 -0.707267
0.881025 -0.470931 0.044944 26.861634 -0.472211 -0.881171 0.023565 3.940371 0.028506 -0.041984 -0.998712 -0.713528
0.887357 -0.456452 0.065192 27.080682 -0.457863 -0.888988 0.007791 3.770254 0.054399 -0.036763 -0.997842 -0.725243
0.886311 -0.449415 0.111704 27.286102 -0.457891 -0.886526 0.066384 3.631797 0.069195 -0.109986 -0.991522 -0.708989
0.871679 -0.476752 0.113507 27.502072 -0.486402 -0.869931 0.081445 3.505349 0.059915 -0.126204 -0.990193 -0.680366
0.880854 -0.466476 0.080605 27.697312 -0.463073 -0.884428 -0.057878 3.389649 0.098288 0.013656 -0.995064 -0.689803
0.868560 -0.486617 0.093848 27.897239 -0.477822 -0.872521 -0.101943 3.231845 0.131491 0.043701 -0.990354 -0.676027
0.891717 -0.451917 0.024721 28.114330 -0.448409 -0.889565 -0.087200 3.043767 0.061398 0.066672 -0.995884 -0.664731
0.870092 -0.483964 0.093370 28.326203 -0.478450 -0.874826 -0.075925 2.873799 0.118427 0.021389 -0.992732 -0.691993
0.876390 -0.472255 0.094424 28.538822 -0.470561 -0.881420 -0.040880 2.746499 0.102533 -0.008606 -0.994692 -0.678834
0.850240 -0.514225 0.112535 28.757214 -0.515560 -0.856639 -0.019154 2.624048 0.106251 -0.041733 -0.993463 -0.682425
0.843209 -0.518769 0.140990 28.990908 -0.513971 -0.854827 -0.071442 2.479411 0.157584 -0.012224 -0.987430 -0.707928
0.803771 -0.572664 0.161274 29.178399 -0.575701 -0.817035 -0.031965 2.348264 0.150071 -0.067153 -0.986392 -0.690423
0.823333 -0.553878 0.123866 29.433435 -0.556792 -0.830552 -0.012911 2.176892 0.110029 -0.058337 -0.992215 -0.683108
0.833404 -0.527644 0.164409 29.653374 -0.527079 -0.848304 -0.050684 2.068935 0.166212 -0.044416 -0.985089 -0.697670
0.802639 -0.580534 0.136932 29.885219 -0.580785 -0.812958 -0.042277 1.931102 0.135864 -0.045595 -0.989678 -0.693663
0.740137 -0.667649 0.080266 30.100433 -0.663031 -0.744460 -0.078542 1.815561 0.112193 0.004913 -0.993674 -0.712878
0.689162 -0.711562 0.136879 30.265876 -0.711736 -0.700179 -0.056397 1.718635 0.135969 -0.058555 -0.988981 -0.741950
0.694493 -0.709178 0.121434 30.452815 -0.708447 -0.703484 -0.056687 1.602583 0.125629 -0.046661 -0.990979 -0.737556
0.698549 -0.708760 0.098433 30.630268 -0.703745 -0.705378 -0.084760 1.502420 0.129507 -0.010063 -0.991527 -0.740283
0.700579 -0.704627 0.112652 30.850243 -0.701371 -0.709034 -0.073137 1.378995 0.131408 -0.027773 -0.990939 -0.756492
0.697072 -0.713142 0.074290 31.024791 -0.710121 -0.700986 -0.065924 1.295348 0.099089 -0.006801 -0.995055 -0.747200
0.622113 -0.781631 0.045030 31.173233 -0.778143 -0.623637 -0.074638 1.233314 0.086422 0.011394 -0.996193 -0.763877
0.619823 -0.782603 0.057890 31.360098 -0.776700 -0.622334 -0.097145 1.131652 0.112053 0.015250 -0.993585 -0.790172
0.602555 -0.793448 0.085839 31.521126 -0.792045 -0.607730 -0.057687 1.024904 0.097938 -0.033229 -0.994638 -0.764624
0.577990 -0.812252 0.078578 31.672925 -0.811136 -0.582389 -0.053676 0.907226 0.089362 -0.032713 -0.995462 -0.771497
0.589205 -0.793870 0.150358 31.844086 -0.795871 -0.602336 -0.061493 0.786729 0.139383 -0.083434 -0.986717 -0.798478
0.641985 -0.746655 0.174244 32.032380 -0.742521 -0.662099 -0.101424 0.667184 0.191096 -0.064267 -0.979465 -0.784349
0.663626 -0.737246 0.126764 32.196267 -0.737118 -0.673341 -0.057178 0.581531 0.127509 -0.055495 -0.990284 -0.764262
0.692554 -0.710853 0.122707 32.350571 -0.711104 -0.701342 -0.049502 0.470255 0.121248 -0.052975 -0.991208 -0.811930
0.750766 -0.653791 0.094384 32.515051 -0.654598 -0.755513 -0.026468 0.340354 0.088613 -0.041912 -0.995184 -0.840292
0.789650 -0.605851 0.096937 32.693601 -0.612788 -0.786663 0.075184 0.178509 0.030706 -0.118771 -0.992447 -0.836094
0.803468 -0.577705 0.143863 32.833175 -0.592679 -0.799017 0.101506 0.075222 0.056308 -0.166821 -0.984378 -0.855153
0.810675 -0.569079 0.137679 33.014355 -0.585336 -0.793240 0.167789 -0.064103 0.013727 -0.216611 -0.976161 -0.848445
0.793059 -0.596317 0.124352 33.213936 -0.608733 -0.783336 0.125808 -0.203969 0.022388 -0.175471 -0.984230 -0.841636
0.756167 -0.633413 0.164312 33.392033 -0.646729 -0.761666 0.040082 -0.319712 0.099762 -0.136574 -0.985594 -0.857753
0.739030 -0.661650 0.126708 33.571531 -0.665961 -0.745909 -0.010778 -0.454316 0.101644 -0.076417 -0.991882 -0.830527
0.746806 -0.661561 0.067952 33.820620 -0.660660 -0.749713 -0.038200 -0.643544 0.076216 -0.016365 -0.996957 -0.841308
0.739163 -0.649638 0.177787 34.027344 -0.657115 -0.753490 -0.021265 -0.761132 0.147775 -0.101108 -0.983839 -0.865437
0.785136 -0.607616 0.119854 34.264454 -0.610169 -0.792058 -0.018369 -0.916300 0.106093 -0.058709 -0.992622 -0.861370
0.768139 -0.635114 0.081204 34.468891 -0.634335 -0.772105 -0.038381 -1.048661 0.087074 -0.022029 -0.995958 -0.891156
0.728746 -0.667742 0.151824 34.673678 -0.669808 -0.741183 -0.044781 -1.213671 0.142431 -0.069059 -0.987393 -0.887056
0.728907 -0.674821 0.115375 34.866727 -0.678229 -0.734742 -0.012597 -1.385121 0.093272 -0.069069 -0.993242 -0.866543
0.748464 -0.659180 0.072683 35.096439 -0.659366 -0.751412 -0.024826 -1.592630 0.070980 -0.029344 -0.997046 -0.935398
0.786151 -0.612838 0.079983 35.290755 -0.609755 -0.790209 -0.061389 -1.777690 0.100824 -0.000509 -0.994904 -0.920236
0.777577 -0.626392 0.054840 35.491672 -0.623544 -0.779394 -0.061135 -1.942840 0.081037 0.013342 -0.996622 -0.899502
0.749283 -0.655779 0.092352 35.694804 -0.649062 -0.754878 -0.094221 -2.149358 0.131503 0.010656 -0.991259 -0.964589
0.716683 -0.687983 0.114216 35.866173 -0.687762 -0.724368 -0.047679 -2.341972 0.115537 -0.044382 -0.992311 -0.949249
0.729966 -0.676125 0.100025 36.053641 -0.676122 -0.735751 -0.039123 -2.534493 0.100045 -0.039071 -0.994216 -0.967336
0.733234 -0.653070 0.189388 36.232883 -0.654098 -0.753526 -0.065993 -2.760213 0.185806 -0.075490 -0.979682 -0.996001
0.749239 -0.641201 0.165836 36.399515 -0.643377 -0.764073 -0.047526 -2.930582 0.157185 -0.071086 -0.985007 -0.957510
0.700407 -0.699074 0.143963 36.579716 -0.705813 -0.708373 -0.005894 -3.121227 0.106100 -0.097482 -0.989566 -0.997853
0.701494 -0.693500 0.164207 36.754578 -0.692869 -0.717591 -0.070683 -3.320812 0.166852 -0.064190 -0.983890 -0.987598
0.705747 -0.698475 0.118553 36.939580 -0.696889 -0.714553 -0.061317 -3.519389 0.127541 -0.039344 -0.991053 -0.964662
0.723381 -0.688254 0.055012 37.146428 -0.684602 -0.725322 -0.072306 -3.758626 0.089666 0.014644 -0.995864 -1.002510
0.746556 -0.662146 0.064939 37.349889 -0.659578 -0.749375 -0.058265 -3.957407 0.087244 0.000666 -0.996187 -0.974223
0.713359 -0.698803 0.052858 37.525910 -0.695801 -0.715245 -0.065465 -4.141661 0.083553 0.009922 -0.996454 -1.000473
0.679371 -0.724686 0.115259 37.708097 -0.718571 -0.688848 -0.095630 -4.334307 0.148698 -0.017853 -0.988721 -1.025465
0.669939 -0.732383 0.121644 37.892024 -0.733599 -0.678213 -0.043123 -4.526442 0.114083 -0.060348 -0.991637 -0.977906
0.692435 -0.711505 0.119560 38.084958 -0.714924 -0.698945 -0.018937 -4.708066 0.097040 -0.072364 -0.992646 -1.024543
0.720159 -0.670068 0.179943 38.272368 -0.672344 -0.738012 -0.057368 -4.867110 0.171240 -0.079670 -0.982003 -1.023374
0.718925 -0.680087 0.143627 38.481687 -0.680276 -0.730850 -0.055524 -5.076951 0.142731 -0.057788 -0.988073 -0.962818
0.722223 -0.679450 0.129391 38.662171 -0.672141 -0.733580 -0.100430 -5.271256 0.163156 -0.014436 -0.986495 -0.982394
0.688493 -0.715058 0.121117 38.841703 -0.705944 -0.699030 -0.114022 -5.499306 0.166197 -0.006998 -0.986068 -0.974213
0.701005 -0.704303 0.112027 38.997581 -0.696833 -0.709873 -0.102491 -5.743114 0.151710 -0.006217 -0.988405 -0.991222
0.718609 -0.680395 0.143748 39.163036 -0.675842 -0.731997 -0.086127 -5.947772 0.163824 -0.035259 -0.985859 -1.024603
0.760876 -0.633904 0.138685 39.349489 -0.630184 -0.772816 -0.074989 -6.200116 0.154714 -0.030339 -0.987493 -1.022242
0.736475 -0.672263 0.075280 39.507543 -0.665207 -0.739938 -0.099956 -6.461354 0.122899 0.023539 -0.992140 -0.997989
0.711311 -0.695226 0.103426 39.643233 -0.679474 -0.717797 -0.151928 -6.708070 0.179864 0.037793 -0.982965 -1.018235
0.700343 -0.704269 0.116297 39.764642 -0.691077 -0.709769 -0.136532 -6.980749 0.178699 0.015249 -0.983786 -1.002422
0.726763 -0.679290 0.101886 39.902152 -0.661613 -0.732144 -0.161971 -7.220539 0.184620 0.050305 -0.981522 -1.033834
0.707406 -0.681699 0.186718 40.040432 -0.668221 -0.731120 -0.137640 -7.468131 0.230343 -0.027401 -0.972724 -1.065472
0.717257 -0.667634 0.199518 40.199872 -0.657271 -0.743311 -0.124436 -7.714689 0.231381 -0.041884 -0.971961 -1.037472
0.698203 -0.684723 0.208966 40.356449 -0.671693 -0.727543 -0.139674 -7.942755 0.247670 -0.042840 -0.967897 -1.068929
0.667306 -0.706419 0.235955 40.512118 -0.703581 -0.701831 -0.111388 -8.189328 0.244288 -0.091684 -0.965359 -1.074781
0.660506 -0.705101 0.258002 40.667015 -0.709233 -0.698704 -0.093816 -8.410853 0.246417 -0.121018 -0.961579 -1.087695
0.703645 -0.670847 0.234197 40.807661 -0.666828 -0.737281 -0.108429 -8.607584 0.245408 -0.079873 -0.966124 -1.142966
0.748356 -0.637444 0.183379 40.970126 -0.639236 -0.766888 -0.057102 -8.816691 0.177031 -0.074490 -0.981382 -1.116815
0.772290 -0.628595 0.091851 41.129571 -0.625306 -0.777697 -0.064652 -9.008161 0.112072 -0.007505 -0.993672 -1.131866
0.799724 -0.600341 0.005689 41.278654 -0.597190 -0.796428 -0.095220 -9.230211 0.061695 0.072752 -0.995440 -1.209037
0.862560 -0.495423 -0.102701 41.439491 -0.497572 -0.867406 0.005326 -9.448415 -0.091722 0.046508 -0.994698 -1.249281
0.852736 -0.515620 -0.083536 41.605269 -0.515581 -0.856513 0.023705 -9.646707 -0.083772 0.022856 -0.996223 -1.285731
0.849970 -0.526172 0.026360 41.750501 -0.526050 -0.850370 -0.011904 -9.825017 0.028679 -0.003749 -0.999582 -1.268271
0.858886 -0.510684 0.038936 41.935429 -0.512017 -0.857986 0.041218 -9.960654 0.012357 -0.055337 -0.998391 -1.224143
0.858539 -0.510951 0.042890 42.133875 -0.512473 -0.857809 0.039183 -10.120258 0.016771 -0.055620 -0.998311 -1.250228
0.855040 -0.507620 0.105962 42.366348 -0.508142 -0.860938 -0.024038 -10.275780 0.103429 -0.033290 -0.994080 -1.236281
0.895014 -0.440688 0.068874 42.579179 -0.438135 -0.897551 -0.049399 -10.434546 0.083587 0.014037 -0.996402 -1.218242
0.860408 -0.495957 0.117153 42.809673 -0.498767 -0.866715 -0.006060 -10.611133 0.104544 -0.053218 -0.993095 -1.294059
0.899144 -0.416270 0.135127 43.031518 -0.413481 -0.909169 -0.049447 -10.767516 0.143437 -0.011413 -0.989594 -1.268332
0.905129 -0.413462 0.098951 43.252117 -0.407082 -0.909995 -0.078692 -10.899104 0.122581 0.030945 -0.991976 -1.254750
0.902964 -0.409973 0.128754 43.460899 -0.403374 -0.911962 -0.074932 -11.047969 0.148139 0.015725 -0.988842 -1.296553
0.894484 -0.433836 0.108093 43.667161 -0.430759 -0.900992 -0.051576 -11.209475 0.119767 -0.000428 -0.992802 -1.287996
0.920108 -0.380754 0.091802 43.893064 -0.378490 -0.924669 -0.041612 -11.399643 0.100730 0.003542 -0.994907 -1.350717
0.914525 -0.365964 0.172380 44.085782 -0.361548 -0.930578 -0.057512 -11.582679 0.181460 -0.009727 -0.983350 -1.374629
0.916273 -0.369386 0.154909 44.284892 -0.373760 -0.927525 -0.000957 -11.735409 0.144035 -0.057021 -0.987928 -1.343838
0.926231 -0.358479 0.116571 44.488491 -0.355761 -0.933537 -0.044070 -11.898328 0.124622 -0.000652 -0.992204 -1.379807
0.921848 -0.365654 0.128425 44.700594 -0.365395 -0.930477 -0.026429 -12.046762 0.129161 -0.022562 -0.991367 -1.376365
0.946157 -0.306079 0.105371 44.932578 -0.303131 -0.951963 -0.043335 -12.228894 0.113573 0.009060 -0.993488 -1.376571
0.966908 -0.237734 0.092577 45.170433 -0.231547 -0.970095 -0.072806 -12.377392 0.107117 0.048961 -0.993040 -1.422907
0.971143 -0.206233 0.119787 45.392696 -0.201629 -0.978211 -0.049490 -12.495493 0.127383 0.023909 -0.991565 -1.424740
0.969725 -0.229623 0.083102 45.598211 -0.222447 -0.971025 -0.087332 -12.617783 0.100748 0.066202 -0.992707 -1.441246
0.950820 -0.286807 0.116979 45.817283 -0.279057 -0.957075 -0.078327 -12.770854 0.134423 0.041830 -0.990041 -1.438244
0.944188 -0.314412 0.098259 46.061309 -0.310128 -0.949009 -0.056588 -12.920640 0.111040 0.022957 -0.993551 -1.439349
0.940140 -0.308700 0.144368 46.310510 -0.306073 -0.951141 -0.040632 -13.072484 0.149857 -0.005987 -0.988690 -1.436130
0.949512 -0.237385 0.205122 46.550176 -0.232502 -0.971413 -0.047948 -13.187367 0.210640 -0.002164 -0.977561 -1.463557
0.962648 -0.194115 0.188754 46.773783 -0.197512 -0.980300 -0.000832 -13.291767 0.185197 -0.036481 -0.982024 -1.446430
0.964658 -0.180466 0.192006 46.978384 -0.179545 -0.983496 -0.022333 -13.402376 0.192867 -0.012930 -0.981140 -1.464898
0.958290 -0.198571 0.205549 47.229338 -0.201092 -0.979533 -0.008769 -13.523595 0.203083 -0.032931 -0.978608 -1.480223
0.968384 -0.178521 0.174249 47.451123 -0.183600 -0.982911 0.013340 -13.670566 0.168890 -0.044910 -0.984611 -1.456914
0.993210 -0.091899 0.071335 47.686801 -0.091064 -0.995734 -0.014880 -13.817782 0.072398 0.008282 -0.997341 -1.493316
0.988267 -0.126726 0.085259 47.896782 -0.128808 -0.991481 0.019350 -13.949619 0.082081 -0.030105 -0.996171 -1.520968
0.985712 -0.160235 0.051932 48.143881 -0.161770 -0.986464 0.026819 -14.068873 0.046931 -0.034837 -0.998290 -1.464893
0.986891 -0.153791 0.048943 48.389722 -0.152539 -0.987890 -0.028386 -14.195502 0.052715 0.020548 -0.998398 -1.401238
0.986997 -0.159499 0.019933 48.655528 -0.158036 -0.985554 -0.060899 -14.340282 0.029358 0.056957 -0.997945 -1.370673
0.987378 -0.119318 0.104154 48.901713 -0.113504 -0.991719 -0.060084 -14.456102 0.110461 0.047504 -0.992745 -1.460478
0.984322 -0.103465 0.142846 49.171701 -0.107873 -0.993888 0.023443 -14.537043 0.139547 -0.038485 -0.989467 -1.473066
0.986034 -0.096049 0.136060 49.424340 -0.098774 -0.995019 0.013410 -14.611203 0.134095 -0.026662 -0.990610 -1.461989
0.984158 -0.105501 0.142487 49.682946 -0.117040 -0.990279 0.075167 -14.708101 0.133172 -0.090653 -0.986938 -1.569763
0.987677 -0.082620 0.132919 49.937382 -0.103276 -0.982201 0.156894 -14.805702 0.117591 -0.168688 -0.978630 -1.583759
0.986855 0.031989 0.158410 50.193453 0.013236 -0.992919 0.118054 -14.903899 0.161065 -0.114406 -0.980290 -1.576590
0.977598 0.042189 0.206210 50.451369 0.014357 -0.990790 0.134645 -14.964496 0.209992 -0.128668 -0.969200 -1.627371
0.984808 0.066118 0.160567 50.711014 0.034561 -0.980805 0.191903 -15.024788 0.170173 -0.183438 -0.968190 -1.624254
0.974548 0.032461 0.221816 50.970545 -0.002278 -0.987976 0.154593 -15.085114 0.224167 -0.151163 -0.962756 -1.630050
0.930068 0.055264 0.363207 51.261296 0.024960 -0.995842 0.087606 -15.142311 0.366539 -0.072414 -0.927581 -1.649002
0.866641 0.233260 0.441048 51.573975 0.190483 -0.971711 0.139622 -15.160722 0.461139 -0.036990 -0.886556 -1.641821
0.739455 0.318079 0.593323 51.872993 0.234412 -0.947840 0.215988 -15.180800 0.631076 -0.020631 -0.775447 -1.702233
0.740675 0.288932 0.606563 52.195331 0.236155 -0.957159 0.167566 -15.168965 0.628992 0.019131 -0.777176 -1.706274
0.786196 0.283461 0.549132 52.423868 0.271020 -0.956737 0.105846 -15.212656 0.555378 0.065610 -0.829006 -1.687802
0.808846 0.278425 0.517926 52.694952 0.285316 -0.955994 0.068341 -15.178748 0.514162 0.092495 -0.852691 -1.699398
0.877204 0.242778 0.414212 52.943840 0.256085 -0.966354 0.024072 -15.170509 0.406120 0.084957 -0.909862 -1.732363
0.907417 0.222236 0.356660 53.206077 0.246912 -0.968726 -0.024577 -15.167153 0.340044 0.110365 -0.933911 -1.755629
0.936261 0.240972 0.255631 53.443569 0.261789 -0.963815 -0.050269 -15.142300 0.234268 0.113986 -0.965467 -1.817232
0.961144 0.273646 0.036347 53.658847 0.274799 -0.960977 -0.031755 -15.093370 0.026239 0.040509 -0.998835 -1.823445
0.930887 0.363947 -0.031485 53.906051 0.362794 -0.931136 -0.036977 -15.049414 -0.042775 0.022999 -0.998820 -1.828910
0.915741 0.399583 0.041847 54.158151 0.401414 -0.914333 -0.053501 -15.022181 0.016884 0.065791 -0.997691 -1.832247
0.976248 0.216407 -0.010402 54.405097 0.216598 -0.975973 0.023698 -14.999062 -0.005023 -0.025388 -0.999665 -1.798543
0.983379 0.181286 0.010089 54.668299 0.180705 -0.982607 0.042760 -14.950749 0.017666 -0.040226 -0.999034 -1.814161
0.971319 0.234481 0.039485 54.951769 0.229205 -0.967480 0.106989 -14.885484 0.063288 -0.094870 -0.993476 -1.826530
0.908114 0.416268 -0.045277 55.224308 0.418440 -0.906155 0.061567 -14.834383 -0.015400 -0.074855 -0.997075 -1.788369
0.918405 0.393204 0.043846 55.513841 0.386028 -0.914852 0.118439 -14.802236 0.086683 -0.091849 -0.991993 -1.760941
0.887319 0.400235 0.229079 55.802260 0.368878 -0.914118 0.168278 -14.755078 0.276756 -0.064814 -0.958752 -1.742628
0.902894 0.372783 0.214045 56.071950 0.339821 -0.923935 0.175687 -14.714690 0.263256 -0.085890 -0.960895 -1.738460
0.913227 0.366345 0.178349 56.326018 0.345014 -0.928124 0.139823 -14.672419 0.216754 -0.066158 -0.973982 -1.757602
0.924253 0.371369 0.088547 56.567277 0.362330 -0.926333 0.103071 -14.588138 0.120302 -0.063181 -0.990725 -1.767569
0.940000 0.340901 0.013631 56.803528 0.337599 -0.935178 0.107098 -14.501955 0.049257 -0.096070 -0.994155 -1.785057
0.907530 0.412893 0.076866 57.061633 0.405507 -0.909084 0.095555 -14.370176 0.109332 -0.055549 -0.992452 -1.804318
0.889836 0.439741 0.121735 57.320487 0.436651 -0.898101 0.052442 -14.301460 0.132391 0.006491 -0.991176 -1.775073
0.858844 0.504133 0.090759 57.590179 0.510120 -0.857855 -0.062148 -14.219005 0.046527 0.099673 -0.993932 -1.792866
0.882281 0.461802 0.091211 57.867640 0.463732 -0.885975 0.000034 -14.171161 0.080827 0.042268 -0.995832 -1.836945
0.860363 0.506716 0.054899 58.113185 0.499749 -0.859850 0.104444 -14.088734 0.100129 -0.062424 -0.993014 -1.853728
0.838088 0.527701 0.138347 58.406641 0.520121 -0.849425 0.089167 -13.997928 0.164569 -0.002773 -0.986362 -1.860844
0.819545 0.523517 0.232972 58.670292 0.503367 -0.852015 0.143848 -13.889481 0.273802 -0.000620 -0.961786 -1.871970
0.835972 0.507794 0.208077 58.939302 0.484634 -0.861021 0.154182 -13.845624 0.257452 -0.028051 -0.965884 -1.839709
0.832420 0.543533 0.107926 59.194177 0.536032 -0.839180 0.091904 -13.800979 0.140522 -0.018651 -0.989902 -1.904750
0.847798 0.524832 0.076097 59.468865 0.513770 -0.848409 0.127449 -13.761461 0.131451 -0.068954 -0.988922 -1.899706
0.861691 0.506297 0.033936 59.729557 0.502644 -0.860814 0.079675 -13.683882 0.069552 -0.051597 -0.996243 -1.918750
0.898826 0.437892 0.019023 60.025594 0.436486 -0.898202 0.052089 -13.649086 0.039896 -0.038516 -0.998461 -1.919040
0.923251 0.383712 0.019318 60.306206 0.382775 -0.922991 0.039621 -13.643143 0.033033 -0.029185 -0.999028 -1.945981
0.914030 0.404040 0.036067 60.605104 0.400996 -0.913397 0.070063 -13.587104 0.061252 -0.049577 -0.996890 -1.953990
0.926380 0.375043 0.034101 60.847210 0.367401 -0.919943 0.136823 -13.525091 0.082686 -0.114222 -0.990008 -1.942762
0.915585 0.401943 -0.012111 61.055014 0.396070 -0.896180 0.199975 -13.373460 0.069524 -0.187891 -0.979726 -1.929339
0.898538 0.438842 0.006866 61.336711 0.437352 -0.896579 0.069780 -13.298404 0.036778 -0.059697 -0.997539 -1.957048
0.915658 0.391300 0.091947 61.598348 0.373939 -0.913154 0.162232 -13.245712 0.147443 -0.114167 -0.982459 -1.952064
0.910221 0.403721 0.092240 61.874963 0.382579 -0.905028 0.185898 -13.176915 0.158531 -0.133919 -0.978230 -1.919084
0.944627 0.327516 0.020307 62.112029 0.311150 -0.913645 0.261608 -13.084566 0.104235 -0.240804 -0.964960 -2.029692
0.913741 0.402038 0.058678 62.363924 0.377820 -0.893905 0.241218 -13.010236 0.149431 -0.198241 -0.968695 -1.946836
0.917042 0.398679 -0.009424 62.621590 0.387599 -0.885501 0.256231 -12.956189 0.093809 -0.238627 -0.966570 -1.998861
0.896537 0.440164 0.049775 62.864694 0.425127 -0.886546 0.182492 -12.861835 0.124454 -0.142450 -0.981947 -1.982227
0.894906 0.432838 0.108605 63.143801 0.417311 -0.897922 0.139958 -12.787214 0.158098 -0.079927 -0.984183 -1.983334
0.896226 0.438003 0.070229 63.436445 0.431691 -0.897605 0.089150 -12.734278 0.102085 -0.049581 -0.993539 -2.022204
0.864047 0.476389 0.162714 63.702628 0.466774 -0.879210 0.095452 -12.678084 0.188533 -0.006524 -0.982045 -2.025717
0.850585 0.486572 0.199380 63.968410 0.464675 -0.873004 0.148126 -12.565359 0.246133 -0.033347 -0.968662 -1.999198
0.825493 0.517291 0.225770 64.249386 0.509711 -0.855039 0.095411 -12.471994 0.242397 0.036317 -0.969497 -2.026675
0.836940 0.475304 0.271327 64.521510 0.471168 -0.877973 0.084639 -12.418964 0.278447 0.057003 -0.958759 -1.962319
0.825030 0.530027 0.195951 64.768062 0.533360 -0.844949 0.039847 -12.357492 0.186689 0.071638 -0.979804 -2.128840
0.805889 0.564034 0.180026 65.026456 0.559349 -0.824985 0.080803 -12.295170 0.194094 0.035579 -0.980337 -2.101810
0.784636 0.605710 0.132144 65.281828 0.597769 -0.795682 0.097786 -12.210704 0.164375 0.002265 -0.986395 -2.091567
0.775615 0.614623 0.143733 65.586310 0.604059 -0.788820 0.113472 -12.163778 0.183122 -0.001187 -0.983089 -2.045767
0.787002 0.597530 0.153576 65.855037 0.584013 -0.801783 0.126779 -12.132142 0.198889 -0.010085 -0.979970 -2.103056
0.773011 0.620469 0.132181 66.152541 0.620876 -0.782719 0.043188 -12.100216 0.130257 0.048683 -0.990284 -2.090549
0.776099 0.624032 0.090849 66.434650 0.621428 -0.781316 0.058076 -12.068783 0.107223 0.011383 -0.994170 -2.148568
0.754376 0.647557 0.107638 66.725835 0.640335 -0.762007 0.096524 -12.023758 0.144526 -0.003891 -0.989493 -2.119033
0.758787 0.645966 0.083483 66.982453 0.639780 -0.763214 0.090479 -11.947980 0.122162 -0.015243 -0.992393 -2.099811
0.755254 0.636544 0.156215 67.249776 0.636438 -0.769195 0.057319 -11.892377 0.156646 0.056131 -0.986059 -2.162991
0.782391 0.609840 0.126332 67.498164 0.607870 -0.791906 0.058129 -11.829784 0.135492 0.031314 -0.990283 -2.158124
0.766779 0.636488 0.083266 67.766216 0.634677 -0.771152 0.050103 -11.750399 0.096100 0.014429 -0.995267 -2.187867
0.747262 0.651357 0.131654 68.022558 0.651430 -0.757155 0.048529 -11.671757 0.131292 0.049500 -0.990107 -2.218228
0.753604 0.645121 0.126095 68.282617 0.642302 -0.763483 0.067391 -11.611296 0.139747 0.030205 -0.989726 -2.176688
0.783140 0.603353 0.150523 68.561978 0.602513 -0.796115 0.056379 -11.540882 0.153850 0.046540 -0.986998 -2.197807
0.785796 0.586679 0.195786 68.817215 0.590626 -0.805748 0.043948 -11.489344 0.183538 0.081102 -0.979661 -2.228774
0.802804 0.573892 0.161723 69.084784 0.571708 -0.817919 0.064480 -11.440695 0.169281 0.040693 -0.984727 -2.198567
0.833613 0.532372 0.147203 69.372058 0.523196 -0.846495 0.098551 -11.409850 0.177072 -0.005137 -0.984184 -2.242120
0.855824 0.491108 0.162413 69.616845 0.471528 -0.869784 0.145386 -11.359644 0.212665 -0.047843 -0.975953 -2.262992
0.871662 0.471070 0.135271 69.899496 0.456589 -0.880822 0.125212 -11.294517 0.178134 -0.047379 -0.982865 -2.242951
0.894574 0.417451 0.159599 70.175440 0.398140 -0.906619 0.139739 -11.237947 0.203030 -0.061464 -0.977242 -2.284840
0.929354 0.338103 0.148280 70.444646 0.324038 -0.939481 0.111247 -11.200549 0.176919 -0.055339 -0.982668 -2.293907
0.928187 0.345999 0.136945 70.753044 0.343741 -0.938188 0.040569 -11.163324 0.142517 0.009418 -0.989748 -2.296628
0.917556 0.348037 0.192253 71.020173 0.348608 -0.936723 0.031972 -11.133376 0.191215 0.037685 -0.980824 -2.321890
0.937451 0.318808 0.139814 71.277857 0.307965 -0.946752 0.093912 -11.063318 0.162309 -0.044980 -0.985714 -2.340992
0.922488 0.361071 0.136544 71.562347 0.363952 -0.931408 0.004125 -11.001139 0.128668 0.045891 -0.990625 -2.357114
0.945514 0.295164 0.137413 71.823746 0.293907 -0.955369 0.029817 -10.976732 0.140081 0.012195 -0.990065 -2.399149
0.952365 0.284403 0.110074 72.113267 0.278791 -0.958235 0.063724 -10.958676 0.123600 -0.030001 -0.991878 -2.414152
0.939974 0.321850 0.113404 72.383539 0.314641 -0.946076 0.077075 -10.917435 0.132095 -0.036767 -0.990555 -2.449054
0.933053 0.350210 0.082245 72.624593 0.346002 -0.936231 0.061275 -10.871307 0.098460 -0.028716 -0.994727 -2.484875
0.935480 0.348202 0.060276 72.887440 0.347132 -0.937406 0.027733 -10.812403 0.066160 -0.005020 -0.997796 -2.454010
0.950897 0.297811 0.084277 73.153978 0.293098 -0.953943 0.063929 -10.734791 0.099435 -0.036089 -0.994389 -2.495789
0.960924 0.244153 0.130439 73.419427 0.233019 -0.967826 0.094946 -10.666947 0.149424 -0.060841 -0.986900 -2.492068
0.965239 0.238813 0.106217 73.703281 0.226737 -0.967234 0.114228 -10.607929 0.130016 -0.086174 -0.987760 -2.494678
0.958822 0.267799 0.094570 73.992651 0.254181 -0.957702 0.134904 -10.517727 0.126697 -0.105311 -0.986335 -2.523098
0.959650 0.271757 0.072253 74.233990 0.259421 -0.954753 0.145425 -10.425116 0.108504 -0.120814 -0.986727 -2.509819
0.953359 0.273815 0.127010 74.518420 0.266794 -0.961232 0.069672 -10.329186 0.141164 -0.032537 -0.989451 -2.509732
0.960753 0.225237 0.161935 74.774850 0.206840 -0.970627 0.122880 -10.270897 0.184856 -0.084563 -0.979121 -2.534595
0.976398 0.187665 0.106902 75.048867 0.174950 -0.977477 0.118027 -10.208301 0.126644 -0.096539 -0.987239 -2.514723
0.966967 0.214921 0.137057 75.345050 0.200841 -0.973479 0.109548 -10.148785 0.156967 -0.078403 -0.984487 -2.578057
0.967373 0.212759 0.137558 75.596419 0.192496 -0.970236 0.146929 -10.083273 0.164724 -0.115656 -0.979535 -2.597345
0.963689 0.209192 0.165961 75.858819 0.188823 -0.973313 0.130412 -9.994435 0.188813 -0.094339 -0.977471 -2.554447
0.973112 0.142973 0.180587 76.122337 0.110391 -0.977612 0.179134 -9.922838 0.202155 -0.154383 -0.967109 -2.594237
0.969819 0.120489 0.211974 76.404497 0.087120 -0.983218 0.160286 -9.836601 0.227730 -0.136981 -0.964041 -2.555658
0.968079 0.163386 0.190075 76.693452 0.137155 -0.980044 0.143883 -9.744216 0.209791 -0.113220 -0.971169 -2.538431
0.962231 0.188872 0.196059 76.960585 0.142208 -0.962838 0.229608 -9.663713 0.232140 -0.193055 -0.953332 -2.614875
0.978158 0.172536 0.115926 77.250257 0.141381 -0.961061 0.237430 -9.554897 0.152377 -0.215854 -0.964463 -2.624633
0.975517 0.147597 0.163038 77.525113 0.121516 -0.979643 0.159790 -9.478368 0.183304 -0.136067 -0.973594 -2.634544
0.984313 0.077315 0.158589 77.780243 0.047140 -0.981439 0.185890 -9.431702 0.170017 -0.175498 -0.969688 -2.675492
0.991666 0.024148 0.126551 78.070465 0.004614 -0.988304 0.152424 -9.441636 0.128751 -0.150570 -0.980179 -2.631145
0.993351 0.043126 0.106744 78.349770 0.020893 -0.979321 0.201232 -9.420957 0.113215 -0.197664 -0.973710 -2.669874
0.991777 0.067196 0.108915 78.603912 0.038695 -0.968680 0.245278 -9.449283 0.121986 -0.239047 -0.963315 -2.728383
0.988922 0.060038 0.135751 78.897991 0.029203 -0.975371 0.218631 -9.436591 0.145534 -0.212244 -0.966319 -2.679946
0.970774 0.068005 0.230158 79.185343 0.016042 -0.975255 0.220499 -9.446244 0.239458 -0.210363 -0.947844 -2.707731
0.973066 -0.003627 0.230499 79.488099 -0.055942 -0.973704 0.220842 -9.545882 0.223636 -0.227788 -0.947681 -2.692043
