0.838102 -0.545107 0.021061 -0.005206 -0.545319 -0.838210 0.005598 -0.017848 0.014602 -0.016177 -0.999763 0.001058
0.837951 -0.545232 0.023676 -0.018229 -0.545491 -0.838096 0.005810 -0.031930 0.016674 -0.017784 -0.999703 0.000864
0.837967 -0.545259 0.022435 -0.017971 -0.545482 -0.838108 0.004919 -0.031902 0.016121 -0.016359 -0.999736 0.000678
0.837993 -0.545240 0.021940 -0.017661 -0.545448 -0.838133 0.004472 -0.032041 0.015950 -0.015715 -0.999749 0.000434
0.837987 -0.545260 0.021651 -0.018043 -0.545459 -0.838127 0.004167 -0.032014 0.015874 -0.015301 -0.999757 0.000682
0.838052 -0.545183 0.021068 -0.017281 -0.545371 -0.838185 0.004019 -0.032170 0.015468 -0.014858 -0.999770 0.000142
0.837982 -0.545307 0.020654 -0.017066 -0.545484 -0.838113 0.003731 -0.032480 0.015276 -0.014393 -0.999780 0.000088
0.837967 -0.545333 0.020552 -0.016225 -0.545506 -0.838100 0.003523 -0.032616 0.015304 -0.014163 -0.999783 -0.000406
0.837989 -0.545307 0.020378 -0.015099 -0.545476 -0.838119 0.003501 -0.032963 0.015170 -0.014050 -0.999786 -0.001095
0.838003 -0.545298 0.020054 -0.013105 -0.545459 -0.838131 0.003281 -0.033644 0.015019 -0.013688 -0.999794 -0.002020
0.838009 -0.545279 0.020283 -0.012138 -0.545446 -0.838139 0.003402 -0.033872 0.015145 -0.013914 -0.999788 -0.002977
0.838002 -0.545282 0.020500 -0.012163 -0.545453 -0.838134 0.003474 -0.033751 0.015288 -0.014093 -0.999784 -0.002919
0.837977 -0.545319 0.020523 -0.011463 -0.545488 -0.838112 0.003296 -0.033988 0.015403 -0.013956 -0.999784 -0.003254
0.837958 -0.545345 0.020596 -0.011266 -0.545515 -0.838095 0.003301 -0.034361 0.015462 -0.014002 -0.999782 -0.003459
0.837441 -0.546131 0.020816 -0.014965 -0.546305 -0.837580 0.003317 -0.038478 0.015624 -0.014150 -0.999778 -0.001586
0.834563 -0.550167 0.028664 -0.074720 -0.550644 -0.834652 0.012171 0.009350 0.017228 -0.025941 -0.999515 0.004197
0.823606 -0.561820 0.077658 -0.356087 -0.563148 -0.826337 -0.005679 0.208667 0.067363 -0.039056 -0.996964 -0.023233
0.826755 -0.557979 0.071662 -0.643366 -0.556520 -0.829832 -0.040787 0.426939 0.082225 -0.006160 -0.996595 -0.069459
0.837395 -0.542182 0.069341 -0.936371 -0.543905 -0.839115 0.007362 0.617719 0.054193 -0.043880 -0.997566 -0.091428
0.872190 -0.478024 0.103818 -1.253885 -0.477970 -0.877960 -0.027016 0.801229 0.104062 -0.026059 -0.994229 -0.133762
0.917965 -0.391195 0.065626 -1.539346 -0.390563 -0.920296 -0.022730 0.943922 0.069287 -0.004766 -0.997585 -0.156018
0.967619 -0.250801 0.028494 -1.871279 -0.251265 -0.967817 0.014025 1.040232 0.024059 -0.020730 -0.999496 -0.168534
0.977327 -0.202818 0.060799 -2.252662 -0.204655 -0.978499 0.025626 1.118259 0.054294 -0.037488 -0.997821 -0.193262
0.972914 -0.213503 0.088623 -2.647774 -0.213229 -0.976920 -0.012661 1.236885 0.089280 -0.006579 -0.995985 -0.216927
0.975716 -0.217987 0.021469 -2.959883 -0.218154 -0.975898 0.005740 1.317448 0.019700 -0.010284 -0.999753 -0.218897
0.984467 -0.175113 0.012687 -3.295754 -0.175239 -0.984480 0.009533 1.390546 0.010820 -0.011608 -0.999874 -0.221206
0.997365 -0.066900 0.028073 -3.657092 -0.067843 -0.997113 0.034115 1.417858 0.025710 -0.035929 -0.999024 -0.229757
0.998259 0.058897 -0.003212 -4.026479 0.058930 -0.998194 0.011663 1.419289 -0.002520 -0.011832 -0.999927 -0.230880
0.994065 0.107629 0.015860 -4.383012 0.107679 -0.994183 -0.002358 1.399966 0.015514 0.004052 -0.999871 -0.235091
0.993635 0.112484 0.006048 -4.724468 0.112443 -0.993636 0.006677 1.371010 0.006760 -0.005954 -0.999959 -0.235812
0.996265 0.072710 0.046577 -5.094911 0.071716 -0.997167 0.022672 1.339597 0.048094 -0.019247 -0.998657 -0.247506
0.999192 -0.032600 0.023520 -5.438547 -0.033627 -0.998435 0.044675 1.349308 0.022026 -0.045430 -0.998725 -0.261118
0.998983 -0.044940 0.003592 -5.784722 -0.045031 -0.998488 0.031534 1.382842 0.002169 -0.031664 -0.999496 -0.259616
0.999138 -0.041445 0.002398 -6.167636 -0.041493 -0.998804 0.025847 1.411636 0.001324 -0.025924 -0.999663 -0.261624
0.999321 -0.036464 -0.005229 -6.567128 -0.036403 -0.999273 0.011371 1.444749 -0.005640 -0.011173 -0.999922 -0.262862
0.999976 -0.001297 0.006845 -6.922271 -0.001372 -0.999938 0.011026 1.460594 0.006830 -0.011035 -0.999916 -0.267197
0.995062 0.088641 0.044654 -7.305713 0.087391 -0.995746 0.029206 1.430566 0.047053 -0.025160 -0.998576 -0.283910
0.992839 0.116835 0.024905 -7.646605 0.115824 -0.992513 0.038773 1.395962 0.029249 -0.035610 -0.998938 -0.293011
0.992555 0.121774 0.002438 -8.030383 0.121685 -0.992299 0.023158 1.367944 0.005239 -0.022689 -0.999729 -0.300843
0.993012 0.117756 0.007794 -8.386576 0.117600 -0.992896 0.018124 1.340604 0.009873 -0.017081 -0.999805 -0.304812
0.991473 0.129711 -0.012493 -8.723515 0.129967 -0.991261 0.022574 1.300624 -0.009455 -0.024005 -0.999667 -0.302153
0.991292 0.131664 -0.001997 -9.096282 0.131676 -0.991070 0.020997 1.264775 0.000786 -0.021077 -0.999778 -0.302166
0.989465 0.142747 0.024122 -9.499650 0.142465 -0.989714 0.013042 1.226298 0.025736 -0.009468 -0.999624 -0.310580
0.984752 0.173549 0.011974 -9.851385 0.172942 -0.984099 0.040493 1.162994 0.018811 -0.037805 -0.999108 -0.315971
0.980538 0.196295 -0.003528 -10.179663 0.196113 -0.978469 0.064327 1.095844 0.009176 -0.063767 -0.997923 -0.317176
0.975497 0.218984 -0.021250 -10.558037 0.219771 -0.974393 0.047525 1.029021 -0.010298 -0.051030 -0.998644 -0.322672
0.968373 0.247209 0.033772 -10.919122 0.244610 -0.967318 0.066802 0.944073 0.049182 -0.056429 -0.997195 -0.342805
0.965066 0.261793 -0.010571 -11.234463 0.262002 -0.964488 0.033439 0.874824 -0.001441 -0.035040 -0.999385 -0.336460
0.969861 0.241797 0.030053 -11.592486 0.241172 -0.970210 0.023002 0.806475 0.034720 -0.015061 -0.999284 -0.347369
0.968482 0.249039 0.004647 -11.916706 0.248827 -0.968164 0.027283 0.728765 0.011294 -0.025267 -0.999617 -0.353663
0.971670 0.235957 0.013483 -12.252770 0.235020 -0.970687 0.050327 0.644440 0.024963 -0.045733 -0.998642 -0.359594
0.973044 0.230528 0.006578 -12.606880 0.230455 -0.973029 0.010269 0.590844 0.008767 -0.008476 -0.999926 -0.365421
0.973594 0.228246 0.004306 -12.948167 0.228119 -0.973430 0.019909 0.518078 0.008736 -0.018401 -0.999793 -0.370015
0.974907 0.221699 -0.020155 -13.273589 0.222097 -0.974813 0.020321 0.454827 -0.015142 -0.024287 -0.999590 -0.368264
0.971425 0.236501 0.020025 -13.667673 0.235830 -0.971298 0.031069 0.366285 0.026798 -0.025459 -0.999317 -0.379053
0.970865 0.239586 -0.004432 -13.987855 0.239612 -0.970434 0.029040 0.293516 0.002656 -0.029256 -0.999568 -0.381916
0.970735 0.240152 0.000162 -14.322884 0.239947 -0.969932 0.040709 0.215395 0.009934 -0.039478 -0.999171 -0.385727
0.969300 0.245714 -0.009006 -14.649153 0.245857 -0.969058 0.021927 0.148954 -0.003340 -0.023468 -0.999719 -0.387081
0.980205 0.197801 -0.008496 -14.982917 0.197894 -0.980150 0.011957 0.096572 -0.005962 -0.013402 -0.999892 -0.387241
0.984642 0.174550 0.003427 -15.329301 0.174492 -0.984571 0.013161 0.049468 0.005672 -0.012361 -0.999908 -0.393607
0.995972 0.088860 -0.011975 -15.665749 0.089128 -0.995728 0.024141 0.019119 -0.009779 -0.025111 -0.999637 -0.389900
0.993475 -0.114037 -0.001745 -16.005252 -0.113921 -0.992961 0.032415 0.048417 -0.005429 -0.032005 -0.999473 -0.392196
0.943463 -0.331461 -0.003470 -16.268437 -0.331328 -0.943296 0.020338 0.163086 -0.010015 -0.018039 -0.999787 -0.383958
0.829581 -0.557981 -0.021291 -16.543303 -0.557567 -0.829826 0.022552 0.359070 -0.030251 -0.006838 -0.999519 -0.371908
0.726058 -0.687576 -0.008901 -16.769071 -0.687335 -0.726063 0.020071 0.592615 -0.020263 -0.008455 -0.999759 -0.370131
0.734056 -0.677797 -0.041875 -16.988880 -0.677349 -0.735193 0.026256 0.820207 -0.048582 0.009091 -0.998778 -0.355969
0.748207 -0.663078 -0.022679 -17.241468 -0.661729 -0.748283 0.046764 1.043590 -0.047978 -0.019982 -0.998648 -0.346518
0.763089 -0.646283 -0.003554 -17.518196 -0.646116 -0.762997 0.019225 1.274171 -0.015136 -0.012374 -0.999809 -0.326484
0.747041 -0.664557 -0.017138 -17.759181 -0.664414 -0.747237 0.013825 1.518121 -0.021993 0.001059 -0.999758 -0.329217
0.751150 -0.660128 -0.002034 -18.014494 -0.659954 -0.751016 0.020877 1.751889 -0.015309 -0.014340 -0.999780 -0.330611
0.791661 -0.610867 0.010718 -18.299670 -0.610869 -0.791724 -0.003468 1.992061 0.010604 -0.003802 -0.999937 -0.326626
0.795707 -0.603811 0.047578 -18.578644 -0.603098 -0.797112 -0.029757 2.218759 0.055893 -0.005016 -0.998424 -0.333752
0.838859 -0.544238 0.010972 -18.866633 -0.543977 -0.838861 -0.020030 2.444764 0.020105 0.010834 -0.999739 -0.322524
0.890973 -0.442126 -0.103401 -19.121180 -0.440768 -0.896863 0.036879 2.566563 -0.109041 0.012718 -0.993956 -0.293657
0.876232 -0.480529 0.036191 -19.494061 -0.481031 -0.876682 0.006158 2.757757 0.028769 -0.022804 -0.999326 -0.302960
0.814039 -0.580741 0.008973 -19.760633 -0.580541 -0.813094 0.043001 2.957777 -0.017677 -0.040214 -0.999035 -0.302000
0.779716 -0.624379 0.046842 -20.066569 -0.625962 -0.779066 0.035022 3.199686 0.014625 -0.056629 -0.998288 -0.310635
0.772671 -0.632066 0.058926 -20.340492 -0.634632 -0.771299 0.048376 3.421474 0.014872 -0.074775 -0.997090 -0.313049
0.760668 -0.646843 -0.054581 -20.546622 -0.643246 -0.762397 0.070610 3.645005 -0.087286 -0.018602 -0.996010 -0.293219
0.751156 -0.660104 0.005221 -20.831150 -0.660031 -0.750892 0.022804 3.909085 -0.011132 -0.020575 -0.999726 -0.296979
0.728785 -0.684567 0.015475 -21.083486 -0.684608 -0.728010 0.036241 4.151344 -0.013543 -0.037006 -0.999223 -0.300679
0.730231 -0.682956 0.018278 -21.330596 -0.683110 -0.729436 0.035833 4.390798 -0.011140 -0.038652 -0.999191 -0.298881
0.733380 -0.678313 0.045219 -21.589871 -0.679584 -0.733251 0.022537 4.633327 0.017870 -0.047259 -0.998723 -0.307969
0.738020 -0.674545 0.017780 -21.816214 -0.674681 -0.737209 0.036438 4.863268 -0.011472 -0.038888 -0.999178 -0.306136
0.737634 -0.674837 0.022145 -22.096730 -0.675200 -0.737267 0.023281 5.138878 0.000616 -0.032125 -0.999484 -0.299677
0.744487 -0.667635 -0.001792 -22.332277 -0.667330 -0.744222 0.028360 5.371414 -0.020268 -0.019918 -0.999596 -0.298668
0.732860 -0.679734 0.029629 -22.589843 -0.680379 -0.732223 0.030569 5.607972 0.000916 -0.042562 -0.999093 -0.301871
0.735418 -0.677416 0.016371 -22.832359 -0.677211 -0.733934 0.052216 5.834924 -0.023356 -0.049487 -0.998502 -0.293284
0.722853 -0.690958 0.007828 -23.068411 -0.690579 -0.721966 0.043197 6.078527 -0.024196 -0.036631 -0.999036 -0.287539
0.686916 -0.725315 0.045424 -23.311099 -0.726599 -0.686658 0.023549 6.336594 0.014110 -0.049181 -0.998690 -0.291688
0.677570 -0.734049 0.045498 -23.547551 -0.735458 -0.676285 0.041707 6.602567 0.000155 -0.061721 -0.998093 -0.286583
0.683606 -0.729774 -0.010639 -23.744581 -0.727578 -0.682553 0.068932 6.839873 -0.057566 -0.039382 -0.997565 -0.264748
0.683367 -0.730009 0.009840 -23.976386 -0.729471 -0.682193 0.049846 7.097511 -0.029676 -0.041241 -0.998708 -0.261728
0.681824 -0.731470 -0.008253 -24.188656 -0.729519 -0.680752 0.066174 7.340576 -0.054022 -0.039098 -0.997774 -0.242503
0.658551 -0.752450 -0.011376 -24.433634 -0.750817 -0.657993 0.057606 7.634621 -0.050831 -0.029396 -0.998275 -0.223034
0.564227 -0.825177 -0.027025 -24.604744 -0.822340 -0.564599 0.070596 7.916487 -0.073512 -0.017609 -0.997139 -0.202382
0.529485 -0.847984 -0.023859 -24.776881 -0.845583 -0.529826 0.065383 8.211610 -0.068085 -0.014444 -0.997575 -0.188236
0.491172 -0.870148 -0.039903 -24.935374 -0.866390 -0.492762 0.080955 8.527359 -0.090105 -0.005191 -0.995919 -0.167361
0.462223 -0.886694 -0.011106 -25.100522 -0.885954 -0.462300 0.036937 8.862709 -0.037886 -0.007234 -0.999256 -0.157870
0.417924 -0.906544 -0.059309 -25.209683 -0.907609 -0.419494 0.016482 9.193872 -0.039821 0.046942 -0.998104 -0.149746
0.362434 -0.931122 -0.040671 -25.325698 -0.932009 -0.362145 -0.014512 9.535319 -0.001216 0.043165 -0.999067 -0.136542
0.301397 -0.953002 -0.030771 -25.419948 -0.953145 -0.302007 0.017490 9.853447 -0.025961 0.024058 -0.999373 -0.112637
0.245481 -0.969053 -0.025996 -25.495984 -0.968292 -0.246395 0.041244 10.189589 -0.046373 0.015047 -0.998811 -0.105280
0.082984 -0.995988 -0.033499 -25.540699 -0.995528 -0.084375 0.042489 10.564547 -0.045145 0.029823 -0.998535 -0.086154
-0.180597 -0.982305 -0.049605 -25.434653 -0.983104 0.178753 0.039428 10.853222 -0.029864 0.055888 -0.997990 -0.074858
-0.384198 -0.921896 -0.050006 -25.270635 -0.922662 0.381455 0.056451 11.213799 -0.032967 0.067827 -0.997152 -0.060100
-0.508610 -0.859351 -0.053220 -25.062513 -0.860828 0.506313 0.051209 11.519706 -0.017061 0.071858 -0.997269 -0.054559
-0.609012 -0.791921 -0.044337 -24.814366 -0.793095 0.607293 0.046847 11.824421 -0.010174 0.063694 -0.997918 -0.052044
-0.621797 -0.782716 -0.026895 -24.585150 -0.782924 0.620354 0.046803 12.095253 -0.019950 0.050159 -0.998542 -0.046217
-0.542837 -0.838806 -0.041628 -24.343086 -0.839833 0.541989 0.030481 12.419681 -0.003006 0.051507 -0.998668 -0.049559
-0.429685 -0.902320 -0.034493 -24.186773 -0.902850 0.428666 0.033272 12.716226 -0.015236 0.045439 -0.998851 -0.040286
-0.402458 -0.914738 -0.035807 -24.033812 -0.915296 0.401396 0.033387 13.037192 -0.016168 0.046211 -0.998801 -0.040304
-0.392240 -0.918733 -0.045584 -23.865204 -0.919858 0.391915 0.016239 13.391893 0.002946 0.048300 -0.998829 -0.038554
-0.403627 -0.914514 -0.027373 -23.690055 -0.914840 0.403006 0.025559 13.760244 -0.012343 0.035358 -0.999298 -0.035624
-0.410323 -0.911861 -0.011993 -23.540537 -0.911940 0.410294 0.004903 14.091603 0.000450 0.012949 -0.999916 -0.035454
-0.415378 -0.909638 0.004334 -23.378437 -0.909611 0.415400 0.007073 14.435011 -0.008234 -0.001004 -0.999966 -0.031716
-0.414451 -0.909959 -0.014312 -23.218074 -0.909659 0.414685 -0.023588 14.770939 0.027400 0.003243 -0.999619 -0.039728
-0.418112 -0.908259 0.015748 -23.043002 -0.907853 0.418399 0.027294 15.114812 -0.031379 -0.002885 -0.999503 -0.019922
-0.425441 -0.904906 0.012065 -22.872964 -0.904882 0.425556 0.009505 15.456956 -0.013736 -0.006874 -0.999882 -0.016176
-0.428000 -0.903777 0.002043 -22.696567 -0.903507 0.427815 -0.025483 15.801969 0.022157 -0.012753 -0.999673 -0.024182
-0.431662 -0.901959 0.011791 -22.530118 -0.901203 0.430665 -0.048585 16.144226 0.038744 -0.031598 -0.998749 -0.038961
-0.446461 -0.894601 0.019014 -22.359549 -0.894684 0.446648 0.006833 16.445235 -0.014606 -0.013961 -0.999796 -0.033991
-0.501055 -0.865122 0.022520 -22.160174 -0.864957 0.501467 0.019483 16.759432 -0.028149 -0.009717 -0.999557 -0.019501
-0.560644 -0.828040 0.005294 -21.763223 -0.827997 0.560669 0.008514 17.337871 -0.010018 0.000390 -0.999950 -0.014680
-0.611261 -0.791402 -0.006454 -21.324019 -0.791359 0.611295 -0.008289 17.887886 0.010505 0.000040 -0.999945 -0.026233
-0.632588 -0.774429 0.009551 -20.880496 -0.774426 0.632333 -0.020484 18.411400 0.009824 -0.020354 -0.999745 -0.032632
-0.634025 -0.773068 0.019441 -20.549890 -0.773277 0.633552 -0.025598 18.795492 0.007472 -0.031264 -0.999483 -0.031976
-0.636344 -0.771077 0.022501 -20.166570 -0.771405 0.636060 -0.019028 19.240331 0.000361 -0.029466 -0.999566 -0.022605
-0.635583 -0.771967 0.010019 -19.712983 -0.772030 0.635499 -0.010483 19.750203 0.001726 -0.014397 -0.999895 -0.024959
-0.645465 -0.763480 0.021768 -19.257066 -0.763665 0.645612 -0.000311 20.251871 -0.013816 -0.016824 -0.999763 -0.019227
-0.648680 -0.761014 0.008460 -18.731214 -0.761044 0.648701 -0.000405 20.824311 -0.005180 -0.006701 -0.999964 -0.011572
-0.652817 -0.757512 -0.002507 -18.262140 -0.757441 0.652796 -0.011863 21.335102 0.010622 -0.005845 -0.999926 -0.013160
-0.649019 -0.760755 -0.005094 -17.773297 -0.760758 0.649033 -0.001600 21.864876 0.004523 0.002837 -0.999986 -0.015857
-0.654033 -0.756462 -0.002396 -17.307090 -0.756441 0.654034 -0.005970 22.365894 0.006083 -0.002092 -0.999979 -0.017952
-0.657694 -0.753244 -0.007826 -16.780328 -0.753205 0.657740 -0.007735 22.930238 0.010974 0.000807 -0.999939 -0.022249
-0.659387 -0.751802 -0.001823 -16.316693 -0.751777 0.659382 -0.006807 23.425001 0.006319 -0.003118 -0.999975 -0.024892
-0.631694 -0.775146 -0.010562 -15.857833 -0.775089 0.631779 -0.009583 23.926796 0.014101 0.002133 -0.999898 -0.023580
-0.581159 -0.813790 -0.000862 -15.414044 -0.813765 0.581149 -0.007197 24.483666 0.006358 -0.003481 -0.999974 -0.024042
-0.584818 -0.811164 -0.000758 -14.950296 -0.811126 0.584799 -0.009206 25.087428 0.007911 -0.004769 -0.999957 -0.025522
-0.583030 -0.812451 0.000257 -14.546260 -0.812449 0.583028 -0.002215 25.612836 0.001650 -0.001500 -0.999998 -0.032993
-0.586616 -0.809853 0.004384 -14.134346 -0.809852 0.586629 0.002403 26.136789 -0.004517 -0.002141 -0.999988 -0.031755
-0.586690 -0.809759 0.009237 -13.726803 -0.809766 0.586740 0.003954 26.663798 -0.008621 -0.005160 -0.999950 -0.028113
-0.588894 -0.808210 0.000888 -13.280281 -0.808184 0.588866 -0.008740 27.234494 0.006540 -0.005864 -0.999961 -0.029559
-0.591583 -0.806213 0.007065 -12.868142 -0.806240 0.591530 -0.008374 27.762413 0.002572 -0.010650 -0.999940 -0.029293
-0.590012 -0.807394 0.000097 -12.453621 -0.807390 0.590009 -0.003345 28.286456 0.002644 -0.002052 -0.999994 -0.034220
-0.593274 -0.804981 0.005604 -12.040943 -0.804999 0.593272 -0.002204 28.811591 -0.001551 -0.005819 -0.999982 -0.039008
-0.592163 -0.805803 0.004920 -11.626044 -0.805816 0.592164 -0.001485 29.336583 -0.001717 -0.004844 -0.999987 -0.037469
-0.588215 -0.808702 0.002008 -11.212447 -0.808700 0.588201 -0.004922 29.864432 0.002799 -0.004519 -0.999986 -0.039073
-0.595179 -0.803584 0.003712 -10.741673 -0.803590 0.595183 -0.000260 30.460503 -0.002000 -0.003137 -0.999993 -0.038386
-0.551764 -0.833949 0.009280 -10.342777 -0.833944 0.551822 0.005496 30.986986 -0.009705 -0.004706 -0.999942 -0.033366
-0.518499 -0.855056 0.006143 -9.986791 -0.855078 0.518493 -0.002531 31.535154 -0.001021 -0.006565 -0.999978 -0.034681
-0.499218 -0.866473 0.002298 -9.634596 -0.866462 0.499192 -0.007131 32.100393 0.005032 -0.005551 -0.999972 -0.036141
-0.490402 -0.871411 0.012176 -9.288440 -0.871472 0.490445 0.000677 32.662894 -0.006562 -0.010279 -0.999926 -0.033336
-0.490005 -0.871671 0.009207 -8.915177 -0.871705 0.489910 -0.010845 33.275511 0.004943 -0.013340 -0.999899 -0.029465
-0.476481 -0.879073 0.014014 -8.537826 -0.879151 0.476541 0.001136 33.921048 -0.007677 -0.011779 -0.999901 -0.030198
-0.481549 -0.876387 0.007465 -8.194287 -0.876401 0.481467 -0.010494 34.500423 0.005603 -0.011596 -0.999917 -0.026419
-0.472779 -0.881166 0.005103 -7.838056 -0.881178 0.472753 -0.005523 35.106550 0.002454 -0.007108 -0.999972 -0.023302
-0.478348 -0.878090 0.011847 -7.502565 -0.878116 0.478425 0.004678 35.675080 -0.009776 -0.008165 -0.999919 -0.022758
-0.477680 -0.878488 0.009008 -7.163162 -0.878533 0.477638 -0.006541 36.253214 0.001444 -0.011038 -0.999938 -0.019302
-0.480746 -0.876809 0.009461 -6.782636 -0.876860 0.480727 -0.004366 36.897824 -0.000720 -0.010395 -0.999946 -0.022372
-0.479013 -0.877800 0.003640 -6.430024 -0.877800 0.478987 -0.006209 37.498123 0.003707 -0.006170 -0.999974 -0.023137
-0.505011 -0.863035 0.011616 -6.025441 -0.863102 0.505026 -0.001870 38.144115 -0.004252 -0.010970 -0.999931 -0.026616
-0.516712 -0.856156 0.002356 -5.627609 -0.856117 0.516657 -0.011412 38.755369 0.008553 -0.007914 -0.999932 -0.026909
-0.514608 -0.857399 0.006798 -5.263565 -0.857423 0.514608 -0.001836 39.317645 -0.001924 -0.006773 -0.999975 -0.024197
-0.518207 -0.855159 0.012784 -4.851223 -0.855107 0.518338 0.010873 39.948182 -0.015924 -0.005297 -0.999859 -0.020282
-0.524085 -0.851666 -0.000242 -4.473498 -0.851635 0.524064 0.008600 40.515428 -0.007198 0.004713 -0.999963 -0.015006
-0.538201 -0.842816 -0.000408 -4.090047 -0.842810 0.538195 0.004115 41.074792 -0.003249 0.002558 -0.999991 -0.008330
-0.536382 -0.843972 -0.002449 -3.706099 -0.843952 0.536344 0.008949 41.627671 -0.006239 0.006867 -0.999957 -0.007671
-0.541235 -0.840790 -0.011727 -3.317963 -0.840847 0.541060 0.015163 42.176416 -0.006404 0.018068 -0.999816 -0.005260
-0.545453 -0.838087 -0.009550 -2.932676 -0.838134 0.545364 0.010477 42.720003 -0.003572 0.013719 -0.999900 -0.006889
-0.549673 -0.835249 -0.014752 -2.519090 -0.835369 0.549493 0.014662 43.300781 -0.004140 0.020382 -0.999784 -0.002903
-0.550736 -0.834571 -0.013442 -2.085622 -0.834679 0.550666 0.008831 43.914287 0.000031 0.016083 -0.999871 -0.003842
-0.561387 -0.827454 -0.012819 -1.694303 -0.827545 0.561246 0.013131 44.447199 -0.003670 0.017980 -0.999832 -0.005227
-0.565350 -0.824830 -0.005859 -1.312656 -0.824833 0.565275 0.010721 44.969166 -0.005531 0.010894 -0.999925 -0.006939
-0.570891 -0.820941 -0.011823 -0.914104 -0.821026 0.570827 0.008561 45.496177 -0.000279 0.014594 -0.999893 -0.007051
-0.576133 -0.817350 -0.003054 -0.532999 -0.817353 0.576116 0.005039 46.010973 -0.002359 0.005399 -0.999983 -0.009637
-0.577641 -0.816258 -0.007325 -0.112683 -0.816270 0.577539 0.012346 46.551556 -0.005847 0.013110 -0.999897 -0.009759
-0.579878 -0.814702 -0.001650 0.274515 -0.814680 0.579844 0.008867 47.060952 -0.006267 0.006486 -0.999959 -0.005677
-0.585471 -0.810693 -0.001072 0.716982 -0.810685 0.585459 0.005245 47.633027 -0.003624 0.003940 -0.999986 -0.001185
-0.584299 -0.811528 0.004020 1.135510 -0.811526 0.584311 0.002696 48.178047 -0.004537 -0.001687 -0.999988 -0.000533
-0.591863 -0.805977 0.009964 1.530752 -0.805982 0.591923 0.004569 48.683659 -0.009580 -0.005326 -0.999940 0.003946
-0.592057 -0.805824 0.010730 1.987862 -0.805893 0.592038 -0.005238 49.271639 -0.002131 -0.011749 -0.999929 0.004620
-0.595840 -0.803053 0.008961 2.403010 -0.803103 0.595805 -0.006426 49.788707 -0.000179 -0.011026 -0.999939 0.011614
-0.589265 -0.807899 0.008097 2.805123 -0.807938 0.589256 -0.003708 50.304913 -0.001775 -0.008727 -0.999960 0.015423
-0.566876 -0.823606 0.018013 3.224012 -0.823765 0.566924 -0.002823 50.865532 -0.007887 -0.016439 -0.999834 0.015784
-0.518785 -0.854881 0.006304 3.595679 -0.854904 0.518767 -0.004366 51.413189 0.000462 -0.007655 -0.999971 0.018964
-0.469848 -0.882598 0.016215 3.982364 -0.882613 0.470017 0.008791 52.046963 -0.015380 -0.010181 -0.999830 0.025901
-0.466833 -0.884346 -0.000045 4.304548 -0.884337 0.466828 0.004456 52.606600 -0.003919 0.002120 -0.999990 0.032677
-0.472365 -0.881403 -0.000133 4.660975 -0.881338 0.472328 0.012239 53.208404 -0.010725 0.005898 -0.999925 0.034735
-0.474252 -0.880356 -0.007688 4.987579 -0.880354 0.474137 0.013039 53.765771 -0.007833 0.012952 -0.999885 0.038487
-0.480009 -0.877190 -0.011411 5.314761 -0.877250 0.480034 0.000603 54.324005 0.004948 0.010300 -0.999935 0.038307
-0.478942 -0.877784 -0.010474 5.688545 -0.877803 0.478765 0.015674 54.940387 -0.008744 0.016701 -0.999822 0.047461
-0.484806 -0.874594 -0.006980 6.017574 -0.874574 0.484681 0.014326 55.494734 -0.009146 0.013050 -0.999873 0.043142
-0.487065 -0.873328 -0.008108 6.347210 -0.873352 0.486985 0.010083 56.044524 -0.004858 0.011992 -0.999916 0.041114
-0.496814 -0.867811 -0.008913 6.704482 -0.867857 0.496794 0.004509 56.632083 0.000515 0.009975 -0.999950 0.037166
-0.496576 -0.867867 -0.014787 7.045168 -0.867993 0.496516 0.007743 57.168232 0.000622 0.016680 -0.999861 0.031737
-0.506301 -0.861955 -0.026310 7.382208 -0.862030 0.506713 -0.012052 57.694734 0.023720 0.016578 -0.999581 0.031712
-0.508852 -0.860698 -0.016405 7.662789 -0.860821 0.508906 0.001011 58.134753 0.007479 0.014636 -0.999865 0.034730
-0.514261 -0.857608 -0.006637 8.011345 -0.857627 0.514210 0.008052 58.684991 -0.003493 0.009833 -0.999946 0.036586
-0.536454 -0.843891 -0.008072 8.428371 -0.843925 0.536459 0.001675 59.307007 0.002917 0.007711 -0.999966 0.038813
-0.593212 -0.805031 -0.004834 8.831582 -0.805045 0.593210 0.002160 59.836453 0.001129 0.005173 -0.999986 0.038293
-0.608084 -0.793802 -0.010546 9.266113 -0.793872 0.608023 0.008658 60.341532 -0.000461 0.013637 -0.999907 0.043250
-0.610279 -0.792183 -0.002309 9.680420 -0.792162 0.610235 0.009643 60.855832 -0.006230 0.007714 -0.999951 0.044563
-0.613727 -0.789460 -0.009597 10.105181 -0.789518 0.613671 0.008348 61.365957 -0.000701 0.012701 -0.999919 0.045718
-0.605606 -0.795626 -0.014898 10.526671 -0.795762 0.605551 0.008452 61.870321 0.002297 0.016974 -0.999853 0.049114
-0.599939 -0.799957 -0.011894 10.965629 -0.800046 0.599882 0.008259 62.414238 0.000528 0.014471 -0.999895 0.049915
-0.607246 -0.794488 -0.006452 11.384682 -0.794508 0.607189 0.008890 62.919416 -0.003145 0.010524 -0.999940 0.055038
-0.604832 -0.796322 -0.006955 11.803341 -0.796348 0.604777 0.008605 63.429618 -0.002646 0.010743 -0.999939 0.056769
-0.580459 -0.814235 -0.009440 12.213769 -0.814289 0.580406 0.007891 63.951275 -0.000946 0.012267 -0.999924 0.057651
-0.553995 -0.832520 -0.000847 12.601893 -0.832513 0.553986 0.004583 64.493584 -0.003346 0.003244 -0.999989 0.058826
-0.537590 -0.843139 -0.010679 12.984359 -0.843205 0.537571 0.004842 65.039830 0.001659 0.011608 -0.999931 0.058753
-0.527894 -0.849278 -0.007386 13.412893 -0.849302 0.527831 0.008935 65.664075 -0.003690 0.010989 -0.999933 0.068668
-0.531426 -0.847087 -0.005488 13.797734 -0.847105 0.531420 0.002637 66.228385 0.000683 0.006051 -0.999981 0.070271
-0.538271 -0.842762 0.003919 14.165170 -0.842769 0.538254 -0.004719 66.786584 0.001868 -0.005843 -0.999981 0.069003
-0.549668 -0.835378 -0.003059 14.551391 -0.835362 0.549676 -0.005080 67.325985 0.005925 -0.000237 -0.999982 0.065817
-0.555462 -0.831397 0.015483 14.935973 -0.831492 0.555536 0.000562 67.869821 -0.009069 -0.012562 -0.999880 0.059385
-0.555530 -0.831422 0.011187 15.360694 -0.831432 0.555604 0.005009 68.455221 -0.010380 -0.006518 -0.999925 0.066067
-0.562259 -0.826950 0.004283 15.753746 -0.826960 0.562242 -0.004524 69.001012 0.001333 -0.006086 -0.999981 0.067212
-0.559542 -0.828617 -0.017517 16.151056 -0.828724 0.559654 -0.001868 69.540481 0.011351 0.013472 -0.999845 0.061810
-0.578852 -0.815402 -0.007023 16.563037 -0.815313 0.578598 0.022134 70.067207 -0.013984 0.018538 -0.999730 0.051938
-0.598082 -0.801406 -0.006773 17.071612 -0.801359 0.597887 0.018850 70.687846 -0.011057 0.016701 -0.999799 0.036130
-0.608838 -0.793199 -0.012297 17.516695 -0.793294 0.608783 0.008242 71.237260 0.000949 0.014773 -0.999890 0.031817
-0.623548 -0.781677 -0.012988 17.968740 -0.781770 0.623349 0.016455 71.767064 -0.004766 0.020414 -0.999780 0.032730
-0.632024 -0.774820 -0.014131 18.420849 -0.774933 0.631786 0.018047 72.280556 -0.005055 0.022357 -0.999737 0.036941
-0.657699 -0.753162 -0.013374 18.926487 -0.753279 0.657563 0.013489 72.838094 -0.001365 0.018946 -0.999820 0.038854
-0.667743 -0.744339 -0.008896 19.417065 -0.744386 0.667642 0.011959 73.341491 -0.002962 0.014608 -0.999889 0.044448
-0.671484 -0.740978 0.007802 19.899763 -0.741018 0.671463 -0.005434 73.852776 -0.001213 -0.009430 -0.999955 0.050472
-0.673108 -0.739542 0.001655 20.390071 -0.739507 0.673095 0.008560 74.346889 -0.007444 0.004538 -0.999962 0.057611
-0.676680 -0.736268 -0.003671 20.882125 -0.736276 0.676679 0.001772 74.848472 0.001180 0.003902 -0.999992 0.062982
-0.680946 -0.732312 -0.005644 21.426833 -0.732331 0.680945 0.002277 75.403312 0.002176 0.005684 -0.999981 0.059625
-0.668637 -0.743589 0.000635 21.946487 -0.743579 0.668633 0.004504 75.932229 -0.003774 0.002539 -0.999990 0.060456
-0.672832 -0.739728 -0.009951 22.492038 -0.739793 0.672802 0.006568 76.488951 0.001837 0.011781 -0.999929 0.064269
-0.674304 -0.738372 -0.010986 22.975682 -0.738452 0.674200 0.011928 76.975688 -0.001401 0.016156 -0.999868 0.060609
-0.648393 -0.761024 -0.020694 23.448811 -0.761258 0.648417 0.006420 77.476178 0.008533 0.019916 -0.999765 0.052952
-0.618484 -0.785652 -0.015104 23.923183 -0.785797 0.618357 0.012551 78.030752 -0.000521 0.019631 -0.999807 0.047907
-0.625467 -0.780053 -0.017574 24.384589 -0.780248 0.625365 0.011493 78.551562 0.002025 0.020900 -0.999780 0.042470
-0.628202 -0.777953 -0.012289 24.841393 -0.778034 0.628011 0.016287 79.071914 -0.004952 0.019793 -0.999792 0.040332
-0.634391 -0.772726 -0.021041 25.304026 -0.773007 0.634251 0.013607 79.582640 0.002831 0.024897 -0.999686 0.039220
-0.635646 -0.771800 -0.016711 25.810438 -0.771977 0.635420 0.017137 80.141294 -0.002608 0.023794 -0.999713 0.042003
-0.657174 -0.753461 -0.020464 26.264197 -0.753738 0.656970 0.016444 80.627278 0.001054 0.026231 -0.999655 0.044363
-0.673829 -0.738658 -0.018409 26.719747 -0.738887 0.673632 0.016310 81.104749 0.000353 0.024592 -0.999698 0.041700
-0.688270 -0.725178 -0.020015 27.214671 -0.725452 0.687939 0.021434 81.606071 -0.001775 0.029272 -0.999570 0.037904
-0.691072 -0.722531 -0.019185 27.769823 -0.722765 0.690607 0.025921 82.167787 -0.005479 0.031780 -0.999480 0.036805
-0.698388 -0.715450 -0.019652 28.260485 -0.715718 0.698069 0.021157 82.654160 -0.001418 0.028842 -0.999583 0.037267
-0.703698 -0.710109 -0.023547 28.727821 -0.710499 0.703357 0.021907 83.103063 0.001005 0.032146 -0.999483 0.034287
-0.711406 -0.702194 -0.028739 29.280338 -0.702728 0.711261 0.016762 83.626364 0.008671 0.032120 -0.999446 0.029469
-0.715791 -0.697784 -0.027207 29.779275 -0.698311 0.715363 0.024852 84.081322 0.002122 0.036788 -0.999321 0.027761
-0.721758 -0.691743 -0.023610 30.267443 -0.692121 0.721602 0.016123 84.519706 0.005884 0.027977 -0.999591 0.025286
-0.713105 -0.700443 -0.029326 30.782289 -0.700984 0.713011 0.015407 84.978927 0.010118 0.031543 -0.999451 0.019535
-0.698324 -0.715368 -0.024348 31.253405 -0.715747 0.698221 0.013927 85.419695 0.007037 0.027152 -0.999607 0.013865
-0.698952 -0.714633 -0.027690 31.791962 -0.715121 0.698828 0.015519 85.911315 0.008261 0.030649 -0.999496 0.007018
-0.700051 -0.713720 -0.023055 32.246828 -0.714080 0.699867 0.016623 86.326343 0.004272 0.028100 -0.999596 0.002967
-0.701827 -0.710967 -0.044318 32.703204 -0.711272 0.702827 -0.011207 86.746040 0.039116 0.023656 -0.998955 -0.004214
-0.704835 -0.708994 -0.023159 32.999869 -0.709260 0.704927 0.005266 87.024027 0.012592 0.020138 -0.999718 -0.006719
-0.704140 -0.709724 -0.021864 33.273958 -0.710053 0.703946 0.016904 87.281413 0.003394 0.027427 -0.999618 -0.009609
-0.707657 -0.706082 -0.025886 33.539375 -0.706486 0.707628 0.011846 87.528001 0.009953 0.026671 -0.999595 -0.013846
-0.715818 -0.697953 -0.021584 33.831182 -0.698259 0.715723 0.013209 87.793712 0.006229 0.024527 -0.999680 -0.018620
-0.746370 -0.665023 -0.026001 34.120483 -0.665471 0.746260 0.015628 88.026860 0.009011 0.028967 -0.999540 -0.020563
-0.777044 -0.628982 -0.024177 34.441969 -0.629287 0.777138 0.007365 88.272467 0.014156 0.020937 -0.999681 -0.026603
-0.799783 -0.599880 -0.022160 34.738765 -0.600173 0.799809 0.009918 88.478208 0.011775 0.021232 -0.999705 -0.030272
-0.846649 -0.531575 -0.024747 35.042530 -0.531883 0.846784 0.007628 88.658940 0.016901 0.019621 -0.999665 -0.035895
-0.920952 -0.388922 -0.024234 35.368973 -0.389214 0.921107 0.008609 88.783180 0.018974 0.017360 -0.999669 -0.044327
-0.956758 -0.289119 -0.031989 35.696707 -0.289434 0.957182 0.005578 88.862874 0.029006 0.014595 -0.999473 -0.052415
-0.958256 -0.284896 -0.024070 36.023524 -0.285110 0.958477 0.005908 88.953751 0.021387 0.012524 -0.999693 -0.058272
-0.950326 -0.310382 -0.023317 36.356919 -0.310704 0.950435 0.011651 89.039536 0.018545 0.018317 -0.999660 -0.065037
-0.909494 -0.415020 -0.024054 36.655562 -0.415379 0.909564 0.012396 89.165448 0.016734 0.021265 -0.999634 -0.069696
-0.880659 -0.473259 -0.021573 36.964453 -0.473596 0.880623 0.014508 89.318201 0.012132 0.022994 -0.999662 -0.074578
-0.845591 -0.533501 -0.018782 37.306117 -0.533770 0.845503 0.014625 89.510774 0.008078 0.022392 -0.999717 -0.080214
-0.817584 -0.575377 -0.022322 37.790767 -0.575688 0.817593 0.011150 89.827198 0.011835 0.021966 -0.999689 -0.082205
-0.810615 -0.585343 -0.016648 38.417312 -0.585576 0.810382 0.019532 90.242572 0.002058 0.025581 -0.999671 -0.087579
-0.803616 -0.594350 -0.030811 38.879714 -0.594857 0.803765 0.010339 90.543380 0.018620 0.026636 -0.999472 -0.097350
-0.776593 -0.629817 -0.015290 39.314477 -0.630002 0.776403 0.017216 90.876848 0.001028 0.023002 -0.999735 -0.103611
-0.774635 -0.632315 -0.010849 39.833778 -0.632386 0.774348 0.021764 91.267218 -0.005361 0.023719 -0.999704 -0.110728
-0.777382 -0.628314 -0.029981 40.261940 -0.628733 0.777595 0.006420 91.584359 0.019279 0.023841 -0.999530 -0.116863
-0.775229 -0.630683 -0.035491 40.577593 -0.630884 0.775849 -0.006628 91.829231 0.031716 0.017252 -0.999348 -0.119174
-0.765981 -0.642645 -0.016713 40.891074 -0.642851 0.765864 0.013927 92.070349 0.003850 0.021412 -0.999763 -0.115430
-0.757978 -0.652119 -0.014501 41.234203 -0.652265 0.757923 0.010142 92.346756 0.004377 0.017146 -0.999843 -0.120163
-0.762849 -0.646295 -0.019075 41.650632 -0.646490 0.762898 0.006116 92.676456 0.010599 0.016998 -0.999799 -0.124730
-0.765465 -0.643067 -0.022989 42.076878 -0.643359 0.765521 0.008190 93.005905 0.012332 0.021059 -0.999702 -0.127701
-0.768010 -0.639933 -0.025410 42.629934 -0.640180 0.768222 0.002121 93.437672 0.018164 0.017896 -0.999675 -0.133147
-0.769774 -0.638050 -0.018441 43.157711 -0.638286 0.769698 0.012469 93.842120 0.006238 0.021369 -0.999752 -0.133814
-0.759664 -0.650079 -0.017544 43.725836 -0.650294 0.759583 0.012315 94.287577 0.005320 0.020764 -0.999770 -0.139302
-0.748868 -0.662392 -0.020835 44.336136 -0.662645 0.748885 0.008557 94.765597 0.009935 0.020214 -0.999746 -0.145802
-0.752360 -0.658532 -0.017020 44.906973 -0.658742 0.752242 0.013838 95.209519 0.003691 0.021623 -0.999759 -0.142825
-0.752939 -0.658008 -0.010383 45.429244 -0.658089 0.752877 0.009730 95.629549 0.001414 0.014159 -0.999899 -0.141733
-0.757383 -0.652599 -0.022033 46.012606 -0.652851 0.757459 0.006434 96.099324 0.012490 0.019257 -0.999737 -0.140090
-0.761233 -0.648042 -0.023769 46.513655 -0.648351 0.761298 0.008110 96.507240 0.012840 0.021584 -0.999685 -0.143769
-0.764703 -0.643833 -0.026603 47.007320 -0.644227 0.764773 0.009647 96.907736 0.014134 0.024515 -0.999600 -0.149229
-0.768762 -0.638873 -0.029097 47.505518 -0.639219 0.769017 0.003550 97.311496 0.020108 0.021329 -0.999570 -0.157740
-0.770474 -0.637160 -0.019901 47.988872 -0.637460 0.770269 0.018159 97.683255 0.003759 0.026677 -0.999637 -0.163166
-0.826804 -0.561677 -0.030229 48.529131 -0.562112 0.827024 0.007819 98.049711 0.020608 0.023457 -0.999512 -0.172901
-0.868625 -0.495006 -0.021453 49.069240 -0.495231 0.868737 0.006534 98.358215 0.015403 0.016300 -0.999749 -0.187627
-0.909453 -0.415070 -0.024755 49.679835 -0.415330 0.909649 0.006261 98.641197 0.019919 0.015975 -0.999674 -0.207996
-0.940943 -0.337730 -0.023770 50.279965 -0.338062 0.941052 0.011601 98.865237 0.018450 0.018952 -0.999650 -0.222771
-0.974562 -0.223707 -0.013533 50.891126 -0.223824 0.974598 0.007825 99.016134 0.011439 0.010655 -0.999878 -0.240148
-0.995808 -0.089387 -0.019384 51.516465 -0.089574 0.995940 0.008978 99.077259 0.018503 0.010677 -0.999772 -0.256655
-0.998497 -0.049036 -0.024473 52.152120 -0.049024 0.998797 -0.001115 99.098208 0.024498 0.000086 -0.999700 -0.275210
-0.999617 0.027662 0.000706 52.792017 0.027665 0.999608 0.004203 99.097891 -0.000589 0.004221 -0.999991 -0.287464
-0.998507 0.054231 -0.006502 53.420807 0.054210 0.998524 0.003273 99.056848 0.006670 0.002915 -0.999974 -0.295996
-0.997965 0.063217 -0.008283 54.061144 0.063248 0.997991 -0.003602 99.005799 0.008039 -0.004119 -0.999959 -0.306307
-0.994735 0.100408 -0.020501 54.683313 0.100208 0.994911 0.010541 98.918997 0.021455 0.008431 -0.999734 -0.325029
-0.992886 0.117228 -0.020866 55.318570 0.117128 0.993099 0.005949 98.821705 0.021420 0.003462 -0.999765 -0.327366
-0.984020 0.176910 -0.020209 56.048185 0.176824 0.984224 0.005989 98.682879 0.020950 0.002320 -0.999778 -0.344792
-0.967385 0.252542 -0.019732 56.688206 0.252519 0.967585 0.003703 98.506205 0.020028 -0.001401 -0.999798 -0.360909
-0.958809 0.283513 -0.017482 57.291162 0.283287 0.958928 0.014301 98.298723 0.020818 0.008759 -0.999745 -0.373701
-0.942736 0.333338 -0.011636 57.955985 0.333004 0.942624 0.023817 98.040874 0.018908 0.018578 -0.999649 -0.380606
-0.918023 0.396294 -0.013577 58.542868 0.396262 0.918124 0.005077 97.785778 0.014478 -0.000720 -0.999895 -0.393973
-0.886160 0.463025 -0.018127 59.143463 0.463025 0.886334 0.004451 97.458292 0.018128 -0.004449 -0.999826 -0.408869
-0.885823 0.463799 -0.014430 59.706954 0.463525 0.885885 0.018786 97.131449 0.021496 0.009952 -0.999719 -0.426540
-0.882729 0.469618 -0.015775 60.335735 0.469378 0.882839 0.016753 96.769435 0.021794 0.007384 -0.999735 -0.446503
-0.876666 0.480991 -0.010163 60.925029 0.480714 0.876614 0.021492 96.417251 0.019247 0.013956 -0.999717 -0.458159
-0.834570 0.550808 -0.010212 61.525018 0.550457 0.834497 0.024748 96.009558 0.022153 0.015033 -0.999642 -0.472098
-0.824674 0.565360 -0.016798 62.064030 0.564918 0.824770 0.024917 95.614936 0.027941 0.011059 -0.999548 -0.485203
-0.822498 0.568760 0.003079 62.560923 0.568747 0.822406 0.013239 95.240376 0.004997 0.012640 -0.999908 -0.492091
-0.793996 0.607898 0.005453 63.123768 0.607903 0.793868 0.015073 94.798633 0.004833 0.015283 -0.999872 -0.494187
-0.749416 0.661873 -0.017312 63.595374 0.661248 0.749522 0.031121 94.363081 0.033574 0.011875 -0.999366 -0.503322
-0.733770 0.679370 -0.006225 63.890033 0.679072 0.733671 0.024248 94.071686 0.021040 0.013566 -0.999687 -0.506994
-0.707184 0.706966 -0.009494 64.302834 0.706513 0.707117 0.028720 93.635869 0.027017 0.013603 -0.999542 -0.518588
-0.676916 0.736060 -0.000789 64.740213 0.735947 0.676831 0.016797 93.135448 0.012898 0.010789 -0.999859 -0.527807
-0.662000 0.749428 -0.010622 65.227856 0.749068 0.662032 0.024719 92.549256 0.025558 0.008407 -0.999638 -0.539697
-0.663564 0.748113 -0.003090 65.643608 0.747990 0.663521 0.015820 92.045146 0.013885 0.008186 -0.999870 -0.546870
-0.657861 0.752916 -0.018351 66.050298 0.751871 0.657971 0.042001 91.541478 0.043697 0.013833 -0.998949 -0.559321
-0.656462 0.754353 0.003007 66.318843 0.754358 0.656448 0.004449 91.210992 0.001382 0.005189 -0.999986 -0.563367
-0.625756 0.779547 -0.027128 66.685541 0.778641 0.626339 0.037651 90.733335 0.046342 0.002437 -0.998923 -0.571853
-0.614079 0.788790 0.026792 67.000313 0.788655 0.614578 -0.017786 90.287725 -0.030495 0.010207 -0.999483 -0.568915
-0.578563 0.815629 0.003681 67.376322 0.815536 0.578414 0.018383 89.728473 0.012865 0.013638 -0.999824 -0.581275
-0.565255 0.824908 -0.003674 67.733652 0.824733 0.565218 0.018559 89.166283 0.017386 0.007461 -0.999821 -0.587874
-0.564936 0.825125 0.003973 67.926326 0.825058 0.564812 0.016326 88.858751 0.011227 0.012502 -0.999859 -0.590664
-0.563501 0.826107 0.003651 68.209048 0.826108 0.563471 0.006836 88.415261 0.003590 0.006868 -0.999970 -0.595426
-0.563980 0.825740 0.008912 68.497225 0.825788 0.563963 0.004548 87.944235 -0.001271 0.009925 -0.999950 -0.601317
-0.586819 0.809661 0.009653 68.894899 0.809701 0.586685 0.013616 87.335693 0.005361 0.015806 -0.999861 -0.607081
-0.586840 0.809700 0.002287 69.281819 0.809603 0.586721 0.017365 86.767519 0.012719 0.012043 -0.999847 -0.613388
-0.561290 0.827617 -0.001730 69.675773 0.827335 0.561151 0.025028 86.147192 0.021685 0.012616 -0.999685 -0.621109
-0.552992 0.833185 -0.001779 70.033567 0.833084 0.552956 0.014527 85.565139 0.013087 0.006552 -0.999893 -0.628476
-0.627533 0.778587 0.002265 70.409486 0.778519 0.627434 0.015305 85.025743 0.010495 0.011368 -0.999880 -0.633224
-0.644643 0.764306 0.016460 70.817508 0.764347 0.644785 -0.004999 84.511715 -0.014434 0.009358 -0.999852 -0.635140
-0.647982 0.761654 0.001381 71.295580 0.761611 0.647923 0.012071 83.911781 0.008299 0.008874 -0.999926 -0.640426
-0.646578 0.762845 0.002015 71.741682 0.762816 0.646525 0.010835 83.350979 0.006963 0.008542 -0.999939 -0.646449
-0.643190 0.765692 0.004771 72.203044 0.765682 0.643108 0.011981 82.753330 0.006106 0.011359 -0.999917 -0.649961
-0.642508 0.766279 0.000441 72.620408 0.766173 0.642410 0.016988 82.219886 0.012734 0.011253 -0.999856 -0.658357
-0.602788 0.797897 -0.002747 73.042231 0.797810 0.602767 0.013064 81.659800 0.012079 0.005683 -0.999911 -0.665681
-0.582941 0.812502 -0.004464 73.327023 0.812427 0.582950 0.011473 81.220550 0.011924 0.003061 -0.999924 -0.670464
-0.586341 0.810064 0.000133 73.528490 0.810007 0.586298 0.011994 80.919489 0.009638 0.007140 -0.999928 -0.675840
-0.584322 0.811519 0.002356 73.725346 0.811438 0.584216 0.016137 80.618054 0.011719 0.011341 -0.999867 -0.679590
-0.583047 0.812438 -0.000071 74.031029 0.812353 0.582987 0.014433 80.164679 0.011767 0.008358 -0.999896 -0.684142
