1.000000 0.000000 0.000000 0.001405 0.000000 1.000000 0.000000 -0.001799 0.000000 0.000000 1.000000 0.015007
1.000000 0.000000 0.000000 0.001424 0.000000 1.000000 0.000000 -0.004324 0.000000 0.000000 1.000000 0.023015
1.000000 0.000000 0.000000 -0.000991 0.000000 1.000000 0.000000 -0.007578 0.000000 0.000000 1.000000 0.020023
1.000000 0.000000 0.000000 0.001248 0.000000 1.000000 0.000000 -0.006724 0.000000 0.000000 1.000000 0.031023
1.000000 0.000000 0.000000 0.005321 0.000000 1.000000 0.000000 -0.010911 0.000000 0.000000 1.000000 0.043040
1.000000 0.000000 0.000000 0.005008 0.000000 1.000000 0.000000 -0.014172 0.000000 0.000000 1.000000 0.044050
1.000000 0.000000 0.000000 0.003300 0.000000 1.000000 0.000000 -0.018543 0.000000 0.000000 1.000000 0.042062
1.000000 0.000000 0.000000 0.003027 0.000000 1.000000 0.000000 -0.027682 0.000000 0.000000 1.000000 0.048090
0.984239 0.078235 -0.158597 0.003143 0.086304 -0.995269 0.044635 -0.041187 -0.154355 -0.057619 -0.986334 0.060132
0.979148 0.142119 -0.145161 0.001539 0.145939 -0.989165 0.015957 -0.050789 -0.141321 -0.036809 -0.989279 0.072161
0.970108 0.201285 -0.135553 -0.004105 0.200783 -0.979479 -0.017507 -0.076077 -0.136295 -0.010233 -0.990615 0.074233
0.956539 0.253253 -0.144556 0.004651 0.251077 -0.967390 -0.033407 -0.107551 -0.148303 -0.004339 -0.988933 0.075341
0.948162 0.295731 -0.116326 0.014308 0.296418 -0.954986 -0.011756 -0.127903 -0.114566 -0.023334 -0.993142 0.065415
0.941912 0.332434 -0.047846 0.043745 0.331689 -0.943109 -0.022981 -0.133375 -0.052764 0.005776 -0.998590 0.055466
0.942070 0.335050 -0.015663 0.106258 0.335111 -0.942178 0.001350 -0.109816 -0.014305 -0.006520 -0.999876 0.060463
0.938448 0.345419 -0.001167 0.164841 0.345369 -0.938241 0.020584 -0.076694 0.006015 -0.019720 -0.999787 0.055427
0.932442 0.360264 0.027612 0.233962 0.357934 -0.931440 0.065592 -0.021433 0.049349 -0.051278 -0.997464 0.046333
0.925577 0.376640 0.038062 0.339738 0.370925 -0.922407 0.107610 0.037778 0.075639 -0.085483 -0.993464 0.055268
0.924481 0.375395 0.066428 0.464635 0.367286 -0.923739 0.108660 0.098023 0.102153 -0.076056 -0.991857 0.059222
0.924688 0.370622 0.087135 0.661997 0.359128 -0.925068 0.123597 0.143771 0.126413 -0.082997 -0.988499 0.090304
0.913004 0.393818 0.106445 0.849946 0.393533 -0.918982 0.024560 0.196426 0.107493 0.019466 -0.994015 0.091353
0.912910 0.397231 0.093823 1.035410 0.399046 -0.916931 -0.000643 0.263739 0.085774 0.038026 -0.995589 0.093353
0.916458 0.387709 0.098924 1.242666 0.388956 -0.921229 0.007139 0.383666 0.093900 0.031935 -0.995069 0.143215
0.928968 0.363881 0.067888 1.462537 0.363881 -0.931357 0.012805 0.497365 0.067888 0.012807 -0.997611 0.141110
0.941433 0.334621 0.041622 1.705237 0.333288 -0.942143 0.035861 0.556586 0.051214 -0.019889 -0.998490 0.151201
0.956588 0.275869 0.094001 1.988742 0.281344 -0.958261 -0.050805 0.586102 0.076062 0.075046 -0.994275 0.204431
0.961859 0.241067 0.129279 2.238067 0.253147 -0.963530 -0.086759 0.626297 0.103649 0.116177 -0.987805 0.167588
0.942542 0.258775 0.211306 2.473069 0.279929 -0.956951 -0.076714 0.696363 0.182358 0.131457 -0.974405 0.193637
0.931131 0.286940 0.225080 2.735706 0.281881 -0.957871 0.055018 0.777858 0.231385 0.012217 -0.972786 0.217681
0.927801 0.319950 0.191877 2.992659 0.322458 -0.946396 0.018879 0.832531 0.187632 0.044356 -0.981237 0.203802
0.934400 0.309052 0.177154 3.281918 0.311365 -0.950167 0.015312 0.836764 0.173058 0.040852 -0.984064 0.257118
0.949602 0.267277 0.163764 3.570007 0.262520 -0.963607 0.050443 0.849566 0.171287 -0.004909 -0.985209 0.236405
0.943781 0.300092 0.138641 3.826176 0.294875 -0.953820 0.057241 0.869718 0.149416 -0.013142 -0.988687 0.232633
0.915850 0.369638 0.156803 4.100320 0.363515 -0.929165 0.067151 0.938141 0.170517 -0.004500 -0.985344 0.276731
0.899022 0.412521 0.146924 4.365563 0.404156 -0.910801 0.084255 1.004648 0.168575 -0.016367 -0.985553 0.249825
0.889172 0.446524 0.099947 4.647609 0.441514 -0.894608 0.068861 1.026637 0.120161 -0.017102 -0.992607 0.274077
0.885923 0.447933 0.120404 4.944019 0.443882 -0.894067 0.060107 1.047895 0.134574 0.000195 -0.990904 0.284347
0.886838 0.451133 0.099989 5.194529 0.448134 -0.892456 0.051946 1.074530 0.112670 -0.001259 -0.993632 0.245548
0.872225 0.482257 0.081556 5.449791 0.480555 -0.876022 0.040650 1.156922 0.091049 0.003736 -0.995839 0.279582
0.858673 0.499916 0.112983 5.715320 0.499622 -0.865616 0.032960 1.258902 0.114277 0.028146 -0.993050 0.284565
0.870165 0.485073 0.086707 5.966017 0.481677 -0.874431 0.057946 1.317576 0.103928 -0.008658 -0.994547 0.263667
0.874846 0.476522 0.087018 6.240642 0.473443 -0.879139 0.054468 1.337292 0.102456 -0.006453 -0.994717 0.297918
0.879416 0.457099 0.132995 6.508358 0.444228 -0.888382 0.115922 1.369810 0.171138 -0.042863 -0.984314 0.263120
0.877148 0.468932 0.103506 6.753432 0.458635 -0.881926 0.108907 1.410143 0.142355 -0.048056 -0.988648 0.257273
0.852489 0.498148 0.158463 6.989363 0.496695 -0.866394 0.051528 1.497438 0.162960 0.034780 -0.986019 0.270269
0.854127 0.500794 0.140257 7.210730 0.501657 -0.864485 0.031728 1.572002 0.137139 0.043261 -0.989607 0.242287
0.866511 0.483821 0.122782 7.446238 0.482903 -0.874799 0.039133 1.618019 0.126343 0.025383 -0.991662 0.266412
0.868328 0.470231 0.157763 7.696022 0.466755 -0.882296 0.060768 1.653239 0.167769 0.020870 -0.985605 0.279586
0.872974 0.452507 0.182083 7.906593 0.446735 -0.891603 0.073970 1.692363 0.195817 0.016769 -0.980497 0.252703
0.888154 0.438623 0.137086 8.119293 0.421918 -0.896525 0.135014 1.754069 0.182122 -0.062074 -0.981315 0.265752
0.845376 0.512581 0.150332 8.340225 0.499097 -0.858241 0.119687 1.847136 0.190370 -0.026150 -0.981364 0.279713
0.831182 0.532662 0.159401 8.532164 0.513087 -0.845276 0.149167 1.917259 0.214194 -0.042198 -0.975879 0.242712
0.836641 0.532966 0.126406 8.754226 0.520296 -0.845400 0.120792 1.957777 0.171242 -0.035291 -0.984597 0.262838
0.853578 0.508394 0.113754 8.997607 0.497650 -0.860293 0.110636 1.987516 0.154108 -0.037827 -0.987330 0.276022
0.880144 0.451670 0.146081 9.208094 0.436506 -0.890990 0.124899 2.019455 0.186570 -0.046163 -0.981356 0.231162
0.870917 0.475152 0.125439 9.437395 0.465624 -0.879476 0.098573 2.085406 0.157158 -0.027442 -0.987192 0.293217
0.857452 0.489494 0.158655 9.686662 0.477257 -0.871801 0.110404 2.164902 0.192358 -0.018947 -0.981142 0.292252
0.854330 0.499038 0.145194 9.920923 0.483014 -0.865501 0.132683 2.230825 0.191879 -0.043225 -0.980466 0.281313
0.846031 0.514656 0.139146 10.175407 0.500293 -0.856585 0.126367 2.268382 0.184226 -0.037297 -0.982176 0.304485
0.833645 0.521700 0.181287 10.412852 0.500696 -0.852420 0.150612 2.303307 0.233107 -0.034787 -0.971829 0.278646
0.843854 0.503716 0.184879 10.629427 0.463050 -0.857719 0.223390 2.345299 0.271100 -0.102901 -0.957035 0.277761
0.844812 0.512558 0.153551 10.851009 0.473497 -0.849807 0.231579 2.434519 0.249186 -0.122935 -0.960621 0.306735
0.834499 0.529249 0.153319 11.084459 0.489829 -0.839976 0.233469 2.517092 0.252347 -0.119730 -0.960201 0.297743
0.824216 0.545433 0.152219 11.306403 0.516698 -0.834369 0.191967 2.578947 0.231712 -0.079571 -0.969525 0.292802
0.851113 0.521846 0.057299 11.559986 0.512365 -0.849480 0.125960 2.603733 0.114406 -0.077849 -0.990379 0.306014
0.840177 0.537749 0.070206 11.781580 0.529290 -0.841301 0.109836 2.639353 0.118129 -0.055123 -0.991467 0.270154
0.856882 0.515175 0.018671 11.987219 0.511838 -0.854532 0.088300 2.700268 0.061444 -0.066106 -0.995919 0.285198
0.825443 0.562800 -0.043588 12.234519 0.564481 -0.823282 0.059734 2.783110 -0.002267 -0.073911 -0.997262 0.319221
0.796734 0.604052 -0.018336 12.451033 0.603968 -0.794838 0.058778 2.858235 0.020931 -0.057905 -0.998103 0.281233
0.792496 0.607697 -0.051526 12.695720 0.609689 -0.791519 0.042163 2.914053 -0.015162 -0.064829 -0.997781 0.294337
0.802253 0.592325 -0.074441 12.967265 0.592078 -0.805404 -0.027730 2.986734 -0.076381 -0.021828 -0.996840 0.306419
0.826044 0.562440 -0.036224 13.173784 0.562615 -0.826696 -0.006118 3.058829 -0.033387 -0.015326 -0.999325 0.273429
0.833242 0.550281 -0.053839 13.396822 0.551519 -0.834098 0.010401 3.162177 -0.039183 -0.038360 -0.998495 0.304361
0.820210 0.570243 -0.045583 13.624881 0.571786 -0.819685 0.034327 3.308185 -0.017789 -0.054220 -0.998371 0.297165
0.791778 0.610751 0.008377 13.840659 0.609285 -0.790697 0.059749 3.429834 0.043115 -0.042204 -0.998178 0.291031
0.813027 0.578330 -0.067239 14.089689 0.581777 -0.811498 0.054826 3.500091 -0.022856 -0.083693 -0.996229 0.320095
0.807058 0.586941 -0.064481 14.334282 0.585926 -0.809580 -0.035653 3.531860 -0.073129 -0.009007 -0.997282 0.281274
0.856400 0.513342 -0.055307 14.575258 0.514872 -0.857094 0.017249 3.563674 -0.038549 -0.043249 -0.998320 0.293449
0.871147 0.488076 -0.053709 14.813516 0.489919 -0.871302 0.028481 3.633039 -0.032896 -0.051124 -0.998150 0.287504
0.883376 0.468366 -0.016744 15.058160 0.468576 -0.881945 0.051091 3.693097 0.009162 -0.052978 -0.998554 0.278595
0.883376 0.468366 -0.016744 15.305383 0.468576 -0.881945 0.051091 3.762961 0.009162 -0.052978 -0.998554 0.326658
0.878752 0.472271 -0.068956 15.573527 0.476374 -0.876776 0.065812 3.782766 -0.029378 -0.090681 -0.995447 0.384902
0.878726 0.470971 -0.077634 15.778544 0.474869 -0.879045 0.042183 3.793471 -0.048376 -0.073934 -0.996089 0.245101
0.892616 0.448910 -0.041422 15.992466 0.450248 -0.892334 0.031892 3.822563 -0.022645 -0.047117 -0.998633 0.211253
0.886384 0.455035 -0.085242 16.269315 0.460905 -0.884670 0.070184 3.916930 -0.043474 -0.101499 -0.993885 0.184274
0.868199 0.495148 -0.032531 16.552780 0.495890 -0.868138 0.020731 3.984467 -0.017976 -0.034131 -0.999256 0.244386
0.868199 0.495148 -0.032531 16.818440 0.495890 -0.868138 0.020731 4.041585 -0.017976 -0.034131 -0.999256 0.248510
0.848640 0.526353 -0.052556 17.084807 0.528833 -0.846485 0.061637 4.116129 -0.012045 -0.080101 -0.996714 0.206581
0.861719 0.507357 -0.005382 17.341058 0.505258 -0.857087 0.100577 4.192507 0.046415 -0.089389 -0.994915 0.220634
0.905681 0.423612 -0.017183 17.605787 0.423473 -0.901953 0.084565 4.320585 0.020324 -0.083865 -0.996270 0.280536
0.879846 0.474532 -0.026281 17.861121 0.475193 -0.879301 0.031968 4.442337 -0.007939 -0.040615 -0.999143 0.242447
0.879846 0.474532 -0.026281 18.110384 0.475193 -0.879301 0.031968 4.529262 -0.007939 -0.040615 -0.999143 0.226459
0.877651 0.477706 -0.039059 18.407747 0.479300 -0.874706 0.071843 4.587458 0.000155 -0.081774 -0.996651 0.224616
0.873210 0.485073 -0.046995 18.670297 0.486678 -0.872994 0.032047 4.652710 -0.025482 -0.050855 -0.998381 0.175711
0.895078 0.444118 -0.039925 18.932125 0.445630 -0.894094 0.044835 4.747142 -0.015785 -0.057923 -0.998196 0.209715
0.908162 0.414379 -0.059433 19.210331 0.417089 -0.907805 0.043893 4.875689 -0.035765 -0.064651 -0.997267 0.184631
0.920806 0.389845 -0.011689 19.456184 0.388984 -0.915764 0.100337 4.972806 0.028412 -0.096938 -0.994885 0.115607
0.920806 0.389845 -0.011689 19.728909 0.388984 -0.915764 0.100337 5.042656 0.028412 -0.096938 -0.994885 0.152700
0.925671 0.374079 -0.056548 20.022057 0.377463 -0.923284 0.071194 5.097597 -0.025578 -0.087247 -0.995858 0.109862
0.932048 0.362326 -0.002427 20.275227 0.361740 -0.930115 0.063489 5.158954 0.020746 -0.060053 -0.997980 0.091959
0.942968 0.331047 -0.034918 20.548321 0.331982 -0.942941 0.025504 5.247156 -0.024483 -0.035641 -0.999065 0.100995
0.942968 0.331047 -0.034918 20.807839 0.331982 -0.942941 0.025504 5.338045 -0.024483 -0.035641 -0.999065 0.039007
0.944655 0.327164 -0.024316 21.067321 0.327840 -0.944158 0.032963 5.404309 -0.012174 -0.039111 -0.999161 0.035096
0.941334 0.335747 -0.034113 21.369543 0.337426 -0.938118 0.077964 5.417838 -0.005826 -0.084901 -0.996372 0.046397
0.963300 0.266261 -0.034044 21.605324 0.268140 -0.960374 0.076045 5.444147 -0.012448 -0.082382 -0.996523 -0.016417
0.963300 0.266261 -0.034044 21.869802 0.268140 -0.960374 0.076045 5.488033 -0.012448 -0.082382 -0.996523 0.043748
0.984918 0.171092 -0.025764 22.165643 0.172059 -0.984204 0.041685 5.543406 -0.018225 -0.045489 -0.998799 0.012912
0.993192 0.115680 -0.013675 22.417297 0.116242 -0.991848 0.052212 5.561952 -0.007523 -0.053447 -0.998542 -0.035860
0.995139 0.098480 0.000078 22.670342 0.098168 -0.992044 0.078816 5.538358 0.007839 -0.078425 -0.996889 -0.002498
0.995139 0.098480 0.000078 22.973076 0.098168 -0.992044 0.078816 5.476722 0.007839 -0.078425 -0.996889 0.033039
0.997381 0.072281 0.002611 23.218569 0.071870 -0.994475 0.076515 5.433907 0.008127 -0.076127 -0.997065 -0.024548
0.999238 -0.037105 -0.012072 23.476282 -0.036254 -0.997270 0.064327 5.426330 -0.014426 -0.063840 -0.997856 -0.008231
0.997938 -0.049958 -0.040298 23.741858 -0.048594 -0.998234 0.034158 5.407450 -0.041933 -0.032129 -0.998604 -0.042870
0.997938 -0.049958 -0.040298 23.967548 -0.048594 -0.998234 0.034158 5.359707 -0.041933 -0.032129 -0.998604 -0.068464
0.998780 -0.047443 0.013727 24.189010 -0.047847 -0.998381 0.030760 5.265069 0.012245 -0.031380 -0.999433 -0.053917
0.997048 -0.076782 -0.000538 24.426343 -0.076649 -0.995695 0.052119 5.151963 -0.004537 -0.051924 -0.998641 -0.100294
0.987667 -0.150528 0.043082 24.645754 -0.152381 -0.987362 0.043547 5.076559 0.035982 -0.049575 -0.998122 -0.116809
0.987667 -0.150528 0.043082 24.864753 -0.152381 -0.987362 0.043547 5.022477 0.035982 -0.049575 -0.998122 -0.132392
0.977074 -0.212547 -0.012225 25.111134 -0.212033 -0.976669 0.034054 4.947140 -0.019178 -0.030681 -0.999345 -0.120876
0.972148 -0.233450 -0.020725 25.338753 -0.230947 -0.969258 0.084868 4.846713 -0.039900 -0.077718 -0.996177 -0.093304
0.972148 -0.233450 -0.020725 25.511463 -0.230947 -0.969258 0.084868 4.694414 -0.039900 -0.077718 -0.996177 -0.004632
0.955559 -0.294136 0.019801 25.659042 -0.294491 -0.949314 0.109904 4.555954 -0.013529 -0.110851 -0.993745 -0.155033
0.955559 -0.294136 0.019801 25.852806 -0.294491 -0.949314 0.109904 4.451295 -0.013529 -0.110851 -0.993745 -0.123486
0.955559 -0.294136 0.019801 26.073905 -0.294491 -0.949314 0.109904 4.351063 -0.013529 -0.110851 -0.993745 -0.093921
0.948178 -0.315076 0.041049 26.260782 -0.317175 -0.946255 0.063255 4.238132 0.018913 -0.072997 -0.997153 -0.133356
0.948178 -0.315076 0.041049 26.428409 -0.317175 -0.946255 0.063255 4.113813 0.018913 -0.072997 -0.997153 -0.130778
0.948178 -0.315076 0.041049 26.678046 -0.317175 -0.946255 0.063255 3.933520 0.018913 -0.072997 -0.997153 -0.001931
0.935647 -0.352933 0.001971 26.889570 -0.350883 -0.929582 0.112955 3.783776 -0.038034 -0.106377 -0.993598 0.100778
0.935647 -0.352933 0.001971 27.092729 -0.350883 -0.929582 0.112955 3.672260 -0.038034 -0.106377 -0.993598 0.122357
0.938256 -0.331264 0.099697 27.383020 -0.342418 -0.930324 0.131330 3.541797 0.049246 -0.157359 -0.986313 0.244095
0.938256 -0.331264 0.099697 27.546834 -0.342418 -0.930324 0.131330 3.434548 0.049246 -0.157359 -0.986313 0.063615
0.938256 -0.331264 0.099697 27.750851 -0.342418 -0.930324 0.131330 3.299248 0.049246 -0.157359 -0.986313 0.066269
0.902397 -0.409487 0.134168 27.982647 -0.421111 -0.904058 0.073113 3.120177 0.091356 -0.122476 -0.988258 0.093092
0.902397 -0.409487 0.134168 28.161708 -0.421111 -0.904058 0.073113 3.004823 0.091356 -0.122476 -0.988258 0.061655
0.872083 -0.482649 0.080759 28.366454 -0.483721 -0.875194 -0.007009 2.886062 0.074063 -0.032953 -0.996709 0.099259
0.872083 -0.482649 0.080759 28.641064 -0.483721 -0.875194 -0.007009 2.727400 0.074063 -0.032953 -0.996709 0.154067
0.872083 -0.482649 0.080759 28.807476 -0.483721 -0.875194 -0.007009 2.647622 0.074063 -0.032953 -0.996709 -0.044496
0.876550 -0.480059 0.034674 28.940465 -0.480049 -0.877194 -0.009176 2.513810 0.034820 -0.008602 -0.999357 -0.163928
0.876550 -0.480059 0.034674 29.260818 -0.480049 -0.877194 -0.009176 2.320526 0.034820 -0.008602 -0.999357 0.208042
0.876550 -0.480059 0.034674 29.522179 -0.480049 -0.877194 -0.009176 2.232051 0.034820 -0.008602 -0.999357 0.309616
0.869690 -0.475517 0.132370 29.824431 -0.486293 -0.871401 0.064652 2.166379 0.084604 -0.120598 -0.989090 0.590167
0.869690 -0.475517 0.132370 30.022463 -0.486293 -0.871401 0.064652 2.121695 0.084604 -0.120598 -0.989090 0.377531
0.874133 -0.477503 0.088782 30.132987 -0.472928 -0.878452 -0.068275 2.050844 0.110592 0.017694 -0.993708 0.044876
0.874133 -0.477503 0.088782 30.283627 -0.472928 -0.878452 -0.068275 1.926219 0.110592 0.017694 -0.993708 0.094436
0.873967 -0.482348 0.059338 30.460669 -0.471390 -0.871076 -0.137905 1.826302 0.118207 0.092553 -0.988666 0.068950
0.873967 -0.482348 0.059338 30.725965 -0.471390 -0.871076 -0.137905 1.697347 0.118207 0.092553 -0.988666 0.237655
0.869054 -0.483318 0.105593 30.879271 -0.477873 -0.875341 -0.073588 1.684072 0.127996 0.013492 -0.991683 0.142871
0.869054 -0.483318 0.105593 31.109177 -0.477873 -0.875341 -0.073588 1.635460 0.127996 0.013492 -0.991683 0.050284
0.869054 -0.483318 0.105593 31.285740 -0.477873 -0.875341 -0.073588 1.575179 0.127996 0.013492 -0.991683 -0.135328
0.844613 -0.522214 0.117991 31.366625 -0.521880 -0.852251 -0.036195 1.389206 0.119460 -0.031006 -0.992355 0.049345
0.844613 -0.522214 0.117991 31.531749 -0.521880 -0.852251 -0.036195 1.235502 0.119460 -0.031006 -0.992355 0.076013
0.794121 -0.585831 0.161786 31.640616 -0.586600 -0.808447 -0.048097 1.066599 0.158972 -0.056708 -0.985653 -0.020337
0.794121 -0.585831 0.161786 31.796955 -0.586600 -0.808447 -0.048097 0.881814 0.158972 -0.056708 -0.985653 0.030418
0.813842 -0.556920 0.165838 31.979188 -0.554283 -0.829694 -0.066175 0.735906 0.174449 -0.038065 -0.983930 0.055080
0.813842 -0.556920 0.165838 32.112515 -0.554283 -0.829694 -0.066175 0.614758 0.174449 -0.038065 -0.983930 0.140611
0.772214 -0.629867 0.083388 32.261225 -0.625971 -0.776701 -0.069974 0.467829 0.108842 0.001836 -0.994057 0.152238
0.772214 -0.629867 0.083388 32.407580 -0.625971 -0.776701 -0.069974 0.265562 0.108842 0.001836 -0.994057 0.130036
0.772214 -0.629867 0.083388 32.542183 -0.625971 -0.776701 -0.069974 0.137617 0.108842 0.001836 -0.994057 0.055588
0.680996 -0.719748 0.134935 32.656688 -0.717529 -0.692653 -0.073376 0.057884 0.146275 -0.046851 -0.988134 -0.079034
0.680996 -0.719748 0.134935 32.827896 -0.717529 -0.692653 -0.073376 -0.049078 0.146275 -0.046851 -0.988134 -0.215506
0.692903 -0.712992 0.107369 32.894648 -0.707643 -0.701018 -0.088403 -0.144706 0.138298 -0.014724 -0.990281 -0.710134
0.692903 -0.712992 0.107369 33.330382 -0.707643 -0.701018 -0.088403 -0.345963 0.138298 -0.014724 -0.990281 -0.098007
0.686770 -0.722985 0.075096 33.542287 -0.717957 -0.690848 -0.085250 -0.469559 0.113515 0.004631 -0.993526 -0.159380
0.686770 -0.722985 0.075096 33.748062 -0.717957 -0.690848 -0.085250 -0.604744 0.113515 0.004631 -0.993526 -0.193724
0.607033 -0.792247 0.062093 33.938562 -0.784155 -0.609838 -0.114884 -0.814986 0.128883 0.021048 -0.991436 0.003150
0.607033 -0.792247 0.062093 34.283856 -0.784155 -0.609838 -0.114884 -0.903729 0.128883 0.021048 -0.991436 -0.088180
0.562281 -0.823104 0.079627 34.389850 -0.820289 -0.567356 -0.072342 -1.045374 0.104721 -0.024640 -0.994196 -0.089617
0.622079 -0.768982 0.147255 34.566290 -0.762931 -0.637615 -0.106695 -1.226874 0.175938 -0.045973 -0.983327 -0.120850
0.622079 -0.768982 0.147255 34.772407 -0.762931 -0.637615 -0.106695 -1.340746 0.175938 -0.045973 -0.983327 -0.234261
0.684024 -0.721112 0.110042 34.937636 -0.718195 -0.692162 -0.071463 -1.481141 0.127699 -0.030150 -0.991355 -0.353635
0.684024 -0.721112 0.110042 35.186019 -0.718195 -0.692162 -0.071463 -1.648923 0.127699 -0.030150 -0.991355 -0.233828
0.684024 -0.721112 0.110042 35.444683 -0.718195 -0.692162 -0.071463 -1.799623 0.127699 -0.030150 -0.991355 -0.185063
0.745699 -0.658469 0.101748 35.629050 -0.657902 -0.751828 -0.043818 -2.017326 0.105349 -0.034265 -0.993845 -0.074173
0.797212 -0.585792 0.145951 35.807943 -0.599608 -0.796420 0.078649 -2.248830 0.070166 -0.150213 -0.986161 -0.128247
0.797212 -0.585792 0.145951 35.996188 -0.599608 -0.796420 0.078649 -2.400133 0.070166 -0.150213 -0.986161 -0.075561
0.791238 -0.599075 0.122683 36.229865 -0.610570 -0.785071 0.104249 -2.562123 0.033862 -0.157392 -0.986955 -0.034789
0.791238 -0.599075 0.122683 36.403557 -0.610570 -0.785071 0.104249 -2.806950 0.033862 -0.157392 -0.986955 0.188174
0.732012 -0.660966 0.165175 36.639637 -0.669667 -0.742650 -0.004011 -2.977188 0.125318 -0.107677 -0.986256 0.210975
0.732012 -0.660966 0.165175 36.796547 -0.669667 -0.742650 -0.004011 -3.179613 0.125318 -0.107677 -0.986256 0.338786
0.739222 -0.669842 0.069738 36.898319 -0.668222 -0.742419 -0.047878 -3.395772 0.083846 -0.011208 -0.996416 0.085574
0.739222 -0.669842 0.069738 37.058347 -0.668222 -0.742419 -0.047878 -3.570911 0.083846 -0.011208 -0.996416 -0.077698
0.776550 -0.616473 0.130120 37.307565 -0.618655 -0.785170 -0.027815 -3.722445 0.119313 -0.058899 -0.991108 0.039060
0.776550 -0.616473 0.130120 37.494983 -0.618655 -0.785170 -0.027815 -3.894551 0.119313 -0.058899 -0.991108 0.030810
0.720127 -0.680464 0.135595 37.587056 -0.680094 -0.730959 -0.056320 -4.034621 0.137438 -0.051659 -0.989162 0.125353
0.728408 -0.679242 0.089730 37.795676 -0.681839 -0.731498 -0.002309 -4.295061 0.067206 -0.059500 -0.995963 0.191404
0.728408 -0.679242 0.089730 38.005288 -0.681839 -0.731498 -0.002309 -4.488587 0.067206 -0.059500 -0.995963 0.196246
0.787342 -0.614691 0.047409 38.230501 -0.611509 -0.788416 -0.066767 -4.644627 0.078419 0.023577 -0.996642 0.172990
0.787342 -0.614691 0.047409 38.474630 -0.611509 -0.788416 -0.066767 -4.868711 0.078419 0.023577 -0.996642 0.292968
0.735679 -0.669423 0.103197 38.665271 -0.661360 -0.742836 -0.103908 -5.058737 0.146217 0.008193 -0.989219 0.343778
0.706479 -0.695391 0.131601 38.862946 -0.693169 -0.717402 -0.069649 -5.280863 0.142844 -0.042016 -0.988853 0.451697
0.706479 -0.695391 0.131601 39.015574 -0.693169 -0.717402 -0.069649 -5.518907 0.142844 -0.042016 -0.988853 0.360614
0.743310 -0.646590 0.171499 39.183619 -0.646306 -0.760285 -0.065232 -5.724315 0.172567 -0.062353 -0.983022 0.392446
0.743310 -0.646590 0.171499 39.370327 -0.646306 -0.760285 -0.065232 -5.954221 0.172567 -0.062353 -0.983022 0.487377
0.688715 -0.708641 0.153295 39.542564 -0.714355 -0.699384 -0.023644 -6.169911 0.123967 -0.093223 -0.987898 0.466246
0.686106 -0.717037 0.122949 39.630409 -0.713416 -0.696239 -0.079300 -6.389428 0.142462 -0.033306 -0.989240 0.474031
0.686106 -0.717037 0.122949 39.704511 -0.713416 -0.696239 -0.079300 -6.670074 0.142462 -0.033306 -0.989240 0.260990
0.714412 -0.696051 0.071614 39.739165 -0.690222 -0.717819 -0.091265 -6.878185 0.114931 0.015772 -0.993248 -0.054323
0.714412 -0.696051 0.071614 39.871607 -0.690222 -0.717819 -0.091265 -7.091259 0.114931 0.015772 -0.993248 -0.029507
0.722974 -0.684945 0.090328 40.070419 -0.676865 -0.728429 -0.106040 -7.321454 0.138429 0.015525 -0.990251 0.074438
0.722974 -0.684945 0.090328 40.251462 -0.676865 -0.728429 -0.106040 -7.550628 0.138429 0.015525 -0.990251 0.068360
0.668940 -0.731196 0.133685 40.360953 -0.720606 -0.682045 -0.124670 -7.783056 0.182337 -0.012938 -0.983151 0.101210
0.672245 -0.730499 0.120239 40.430220 -0.732753 -0.679707 -0.032732 -8.026520 0.105638 -0.066102 -0.992205 -0.127953
0.672245 -0.730499 0.120239 40.530306 -0.732753 -0.679707 -0.032732 -8.217857 0.105638 -0.066102 -0.992205 -0.206242
0.710479 -0.687236 0.151411 40.715103 -0.686534 -0.724154 -0.065362 -8.430150 0.154564 -0.057510 -0.986308 -0.169369
0.710479 -0.687236 0.151411 40.934251 -0.686534 -0.724154 -0.065362 -8.653998 0.154564 -0.057510 -0.986308 -0.029420
0.701196 -0.701124 0.129417 41.109701 -0.685180 -0.712856 -0.149551 -8.855856 0.197109 0.016190 -0.980248 0.021411
0.703493 -0.704848 0.091038 41.249796 -0.699696 -0.709348 -0.085147 -9.078420 0.124593 -0.003798 -0.992201 -0.027735
0.703493 -0.704848 0.091038 41.368776 -0.699696 -0.709348 -0.085147 -9.258214 0.124593 -0.003798 -0.992201 -0.179039
0.745946 -0.651011 0.140533 41.559938 -0.643575 -0.758894 -0.099455 -9.426185 0.171396 -0.016256 -0.985068 -0.127297
0.719569 -0.690877 0.070068 41.780916 -0.680567 -0.721668 -0.126585 -9.598196 0.138021 0.043400 -0.989478 -0.109508
0.719569 -0.690877 0.070068 41.987189 -0.680567 -0.721668 -0.126585 -9.755352 0.138021 0.043400 -0.989478 -0.169783
0.704356 -0.703021 0.098207 42.181447 -0.679927 -0.707923 -0.191164 -9.939659 0.203915 0.067874 -0.976633 -0.154986
0.704356 -0.703021 0.098207 42.421553 -0.679927 -0.707923 -0.191164 -10.132908 0.203915 0.067874 -0.976633 -0.147109
0.701595 -0.685808 0.193471 42.584793 -0.671337 -0.727188 -0.143195 -10.282263 0.238894 -0.029419 -0.970600 -0.200457
0.647256 -0.718011 0.255968 42.799303 -0.698461 -0.693129 -0.178112 -10.446394 0.305306 -0.063500 -0.950135 -0.184700
0.647256 -0.718011 0.255968 43.026985 -0.698461 -0.693129 -0.178112 -10.594796 0.305306 -0.063500 -0.950135 -0.195977
0.688242 -0.683827 0.242287 43.250260 -0.679526 -0.724606 -0.114849 -10.751280 0.254100 -0.085597 -0.963383 -0.201234
0.735673 -0.651170 0.186449 43.452373 -0.651366 -0.755627 -0.068920 -10.946867 0.185764 -0.070744 -0.980044 -0.174392
0.735673 -0.651170 0.186449 43.648134 -0.651366 -0.755627 -0.068920 -11.114699 0.185764 -0.070744 -0.980044 -0.222646
0.791917 -0.610564 0.008847 43.826652 -0.606314 -0.787959 -0.107257 -11.270594 0.072459 0.079575 -0.994192 -0.188955
0.791917 -0.610564 0.008847 44.056782 -0.606314 -0.787959 -0.107257 -11.447972 0.072459 0.079575 -0.994192 -0.180139
0.845501 -0.528086 -0.079073 44.253722 -0.528995 -0.848558 0.010692 -11.621517 -0.072745 0.032789 -0.996811 -0.238373
0.847969 -0.528061 0.045831 44.438576 -0.529244 -0.848270 0.018428 -11.796877 0.029146 -0.039882 -0.998779 -0.234615
0.847969 -0.528061 0.045831 44.671239 -0.529244 -0.848270 0.018428 -12.004293 0.029146 -0.039882 -0.998779 -0.180701
0.847162 -0.520093 0.108717 44.918646 -0.518073 -0.853971 -0.048311 -12.219664 0.117967 -0.015396 -0.992898 -0.217747
0.865027 -0.494445 0.085163 45.138934 -0.494283 -0.868957 -0.024461 -12.304896 0.086097 -0.020935 -0.996067 -0.207230
0.865027 -0.494445 0.085163 45.338185 -0.494283 -0.868957 -0.024461 -12.415976 0.086097 -0.020935 -0.996067 -0.272656
0.898934 -0.416932 0.134480 45.609952 -0.411115 -0.908907 -0.069807 -12.532632 0.151335 0.007465 -0.988454 -0.243981
0.871653 -0.468629 0.143556 45.856942 -0.463845 -0.883359 -0.067267 -12.697000 0.158335 -0.007955 -0.987353 -0.185186
0.871653 -0.468629 0.143556 46.038377 -0.463845 -0.883359 -0.067267 -12.849782 0.158335 -0.007955 -0.987353 -0.239502
0.915426 -0.379407 0.134335 46.266003 -0.372736 -0.925082 -0.072736 -12.973309 0.151867 0.016513 -0.988263 -0.228857
0.915426 -0.379407 0.134335 46.508007 -0.372736 -0.925082 -0.072736 -13.086480 0.151867 0.016513 -0.988263 -0.217227
0.909341 -0.385458 0.156592 46.737188 -0.386741 -0.921891 -0.023440 -13.217984 0.153395 -0.039245 -0.987385 -0.282556
0.912942 -0.385752 0.133160 46.978816 -0.382162 -0.922598 -0.052587 -13.360615 0.143139 -0.002879 -0.989698 -0.208834
0.912942 -0.385752 0.133160 47.179586 -0.382162 -0.922598 -0.052587 -13.560754 0.143139 -0.002879 -0.989698 -0.216980
0.962459 -0.253046 0.098190 47.356115 -0.244595 -0.965400 -0.090424 -13.701706 0.117674 0.063012 -0.991051 -0.264339
0.960042 -0.261518 0.099634 47.632555 -0.251918 -0.962638 -0.099321 -13.774750 0.121886 0.070253 -0.990055 -0.191795
0.960042 -0.261518 0.099634 47.954929 -0.251918 -0.962638 -0.099321 -13.884582 0.121886 0.070253 -0.990055 -0.156084
0.935551 -0.334755 0.112621 48.204121 -0.328364 -0.941824 -0.071732 -14.045109 0.130081 0.030129 -0.991045 -0.184298
0.946402 -0.248505 0.206321 48.471032 -0.240902 -0.968592 -0.061604 -14.223828 0.215149 0.008599 -0.976543 -0.107435
0.959064 -0.211406 0.188426 48.703022 -0.208748 -0.977376 -0.034078 -14.324731 0.191367 -0.006651 -0.981496 -0.218856
0.959064 -0.211406 0.188426 48.943880 -0.208748 -0.977376 -0.034078 -14.423214 0.191367 -0.006651 -0.981496 -0.280274
0.957691 -0.207547 0.199382 49.239053 -0.207478 -0.978004 -0.021477 -14.515173 0.199454 -0.020799 -0.979687 -0.299650
0.989026 -0.115183 0.092526 49.449252 -0.112062 -0.992964 -0.038259 -14.605240 0.096282 0.027470 -0.994975 -0.395129
0.989026 -0.115183 0.092526 49.673840 -0.112062 -0.992964 -0.038259 -14.765333 0.096282 0.027470 -0.994975 -0.386373
0.979110 -0.165310 0.118388 49.942902 -0.170253 -0.984852 0.032858 -14.874555 0.111163 -0.052328 -0.992424 -0.427724
0.981045 -0.181944 0.066690 50.189745 -0.175169 -0.979815 -0.096321 -14.954459 0.082869 0.082813 -0.993114 -0.474193
0.981045 -0.181944 0.066690 50.481726 -0.175169 -0.979815 -0.096321 -14.994797 0.082869 0.082813 -0.993114 -0.382733
0.981373 -0.144172 0.126974 50.715224 -0.138123 -0.988872 -0.055261 -15.054929 0.133528 0.036694 -0.990365 -0.426279
0.978510 -0.107268 0.176102 50.969920 -0.111269 -0.993706 0.012976 -15.111083 0.173601 -0.032292 -0.984286 -0.468813
0.978510 -0.107268 0.176102 51.279438 -0.111269 -0.993706 0.012976 -15.143565 0.173601 -0.032292 -0.984286 -0.406357
0.977410 -0.123827 0.171281 51.525876 -0.144294 -0.983099 0.112677 -15.194334 0.154434 -0.134846 -0.978758 -0.470918
0.986588 0.008542 0.163004 51.787463 -0.011040 -0.992850 0.118853 -15.194840 0.162854 -0.119059 -0.979440 -0.468617
0.983350 0.049608 0.174820 52.070928 0.020763 -0.986389 0.163111 -15.163158 0.180532 -0.156765 -0.970996 -0.466392
0.983350 0.049608 0.174820 52.336015 0.020763 -0.986389 0.163111 -15.135371 0.180532 -0.156765 -0.970996 -0.454175
0.956372 0.044736 0.288707 52.592492 0.010881 -0.992975 0.117819 -15.142028 0.291950 -0.109537 -0.950141 -0.439861
0.777543 0.317030 0.543064 52.889647 0.266352 -0.948355 0.172276 -15.128181 0.569634 0.010694 -0.821829 -0.429565
0.709015 0.294428 0.640788 53.154393 0.226521 -0.955604 0.188439 -15.115113 0.667822 0.011546 -0.744232 -0.478303
0.709015 0.294428 0.640788 53.381574 0.226521 -0.955604 0.188439 -15.077541 0.667822 0.011546 -0.744232 -0.481161
0.769147 0.273117 0.577772 53.658451 0.260196 -0.959584 0.107223 -15.007978 0.583705 0.067864 -0.809125 -0.451061
0.835568 0.248471 0.489988 53.917199 0.264058 -0.963741 0.038415 -14.969779 0.481767 0.097287 -0.870882 -0.517885
0.911253 0.203274 0.358185 54.203222 0.232026 -0.971939 -0.038707 -15.001162 0.340266 0.118380 -0.932848 -0.511460
0.911253 0.203274 0.358185 54.400289 0.232026 -0.971939 -0.038707 -14.937299 0.340266 0.118380 -0.932848 -0.562434
0.965554 0.255494 0.049288 54.699522 0.257736 -0.965109 -0.046229 -14.921332 0.035757 0.057340 -0.997714 -0.556142
0.924746 0.377528 0.048136 54.991101 0.380154 -0.922296 -0.069666 -14.863321 0.018094 0.082722 -0.996408 -0.515989
0.924746 0.377528 0.048136 55.273267 0.380154 -0.922296 -0.069666 -14.829302 0.018094 0.082722 -0.996408 -0.554773
0.982979 0.183564 0.007533 55.558568 0.183336 -0.982752 0.024200 -14.822029 0.011845 -0.022407 -0.999679 -0.570469
0.947984 0.318166 -0.009800 55.857883 0.318239 -0.946621 0.051309 -14.770026 0.007048 -0.051759 -0.998635 -0.519289
0.947984 0.318166 -0.009800 56.105189 0.318239 -0.946621 0.051309 -14.728409 0.007048 -0.051759 -0.998635 -0.614136
0.919806 0.335662 0.203197 56.330944 0.314456 -0.940340 0.129914 -14.644476 0.234681 -0.055599 -0.970481 -0.560140
0.904457 0.361498 0.226446 56.617646 0.333729 -0.930305 0.152176 -14.548755 0.265675 -0.062065 -0.962063 -0.549111
0.918498 0.346077 0.191292 56.874879 0.327071 -0.936784 0.124341 -14.459419 0.222231 -0.051641 -0.973626 -0.592095
0.918498 0.346077 0.191292 57.133452 0.327071 -0.936784 0.124341 -14.386952 0.222231 -0.051641 -0.973626 -0.586026
0.947236 0.317403 0.044714 57.431324 0.309261 -0.941652 0.132849 -14.338811 0.084272 -0.112011 -0.990127 -0.586835
0.914029 0.394287 0.095339 57.661926 0.388255 -0.918415 0.075973 -14.276849 0.117516 -0.032426 -0.992542 -0.616765
0.914029 0.394287 0.095339 57.922759 0.388255 -0.918415 0.075973 -14.191224 0.117516 -0.032426 -0.992542 -0.575734
0.879398 0.458433 0.128443 58.203343 0.463799 -0.885833 -0.013772 -14.121956 0.107466 0.071683 -0.991621 -0.620629
0.892649 0.437901 0.106867 58.436282 0.441578 -0.897139 -0.012311 -14.043752 0.090484 0.058180 -0.994197 -0.642607
0.892649 0.437901 0.106867 58.725848 0.441578 -0.897139 -0.012311 -14.010700 0.090484 0.058180 -0.994197 -0.602378
0.853537 0.508873 0.111904 58.976857 0.501486 -0.860621 0.088560 -13.960303 0.141373 -0.019471 -0.989765 -0.656249
0.830010 0.501394 0.244309 59.241006 0.484973 -0.865131 0.127865 -13.898212 0.275470 0.012354 -0.961230 -0.649140
0.830010 0.501394 0.244309 59.526209 0.484973 -0.865131 0.127865 -13.809908 0.275470 0.012354 -0.961230 -0.632089
0.848388 0.510207 0.141161 59.774610 0.502865 -0.860049 0.086269 -13.717731 0.165420 -0.002205 -0.986221 -0.689093
0.848388 0.510207 0.141161 60.054979 0.502865 -0.860049 0.086269 -13.652409 0.165420 -0.002205 -0.986221 -0.657976
0.855259 0.510084 0.091360 60.338390 0.500216 -0.858688 0.111526 -13.614398 0.135337 -0.049684 -0.989553 -0.642770
0.855259 0.510084 0.091360 60.585394 0.500216 -0.858688 0.111526 -13.566183 0.135337 -0.049684 -0.989553 -0.678638
0.881819 0.469362 0.045767 60.830987 0.469367 -0.882931 0.011315 -13.491430 0.045720 0.011504 -0.998888 -0.639590
0.881819 0.469362 0.045767 61.081834 0.469367 -0.882931 0.011315 -13.364770 0.045720 0.011504 -0.998888 -0.609698
0.921791 0.384600 0.048825 61.339230 0.382756 -0.922844 0.043099 -13.294012 0.061634 -0.021040 -0.997877 -0.631624
0.924918 0.378347 0.037160 61.598633 0.372204 -0.921109 0.114116 -13.270802 0.077404 -0.091717 -0.992772 -0.604399
0.924918 0.378347 0.037160 61.891282 0.372204 -0.921109 0.114116 -13.235919 0.077404 -0.091717 -0.992772 -0.642174
0.904203 0.426313 0.025977 62.140764 0.425095 -0.904176 0.041953 -13.196573 0.041373 -0.026891 -0.998782 -0.656011
0.904203 0.426313 0.025977 62.402284 0.425095 -0.904176 0.041953 -13.117370 0.041373 -0.026891 -0.998782 -0.607958
0.916278 0.389324 0.094140 62.678062 0.369681 -0.912457 0.175381 -13.028717 0.154179 -0.125896 -0.979989 -0.635919
0.916278 0.389324 0.094140 62.929436 0.369681 -0.912457 0.175381 -12.952128 0.154179 -0.125896 -0.979989 -0.616870
0.939562 0.337293 0.058788 63.222803 0.315756 -0.920020 0.232079 -12.890375 0.132365 -0.199490 -0.970919 -0.593727
0.939562 0.337293 0.058788 63.472132 0.315756 -0.920020 0.232079 -12.832891 0.132365 -0.199490 -0.970919 -0.642621
0.915186 0.401608 0.033853 63.743045 0.390395 -0.904226 0.173111 -12.747354 0.100134 -0.145212 -0.984320 -0.605578
0.915186 0.401608 0.033853 64.022101 0.390395 -0.904226 0.173111 -12.621559 0.100134 -0.145212 -0.984320 -0.604651
0.902701 0.410897 0.127651 64.248382 0.396747 -0.909703 0.122603 -12.526709 0.166502 -0.060029 -0.984212 -0.636688
0.902701 0.410897 0.127651 64.537147 0.396747 -0.909703 0.122603 -12.475800 0.166502 -0.060029 -0.984212 -0.588516
0.869487 0.461664 0.175668 64.823650 0.451206 -0.887036 0.097883 -12.431860 0.201013 -0.005846 -0.979571 -0.607325
0.854436 0.474764 0.211040 65.078240 0.461332 -0.880112 0.112145 -12.381000 0.238982 0.001538 -0.971023 -0.620192
0.854436 0.474764 0.211040 65.356386 0.461332 -0.880112 0.112145 -12.297618 0.238982 0.001538 -0.971023 -0.600134
0.848973 0.481011 0.218800 65.624937 0.489091 -0.872019 0.019308 -12.230728 0.200085 0.090621 -0.975579 -0.636035
0.848973 0.481011 0.218800 65.902218 0.489091 -0.872019 0.019308 -12.189058 0.200085 0.090621 -0.975579 -0.625848
0.792832 0.579363 0.189093 66.186035 0.577290 -0.813388 0.071669 -12.182655 0.195328 0.052340 -0.979340 -0.623542
0.792832 0.579363 0.189093 66.437158 0.577290 -0.813388 0.071669 -12.150700 0.195328 0.052340 -0.979340 -0.668355
0.785110 0.601419 0.147976 66.694298 0.593090 -0.798881 0.100165 -12.066469 0.178457 0.009123 -0.983905 -0.641323
0.785110 0.601419 0.147976 66.955911 0.593090 -0.798881 0.100165 -11.975157 0.178457 0.009123 -0.983905 -0.687308
0.780529 0.608995 0.141066 67.194384 0.611072 -0.790879 0.033190 -11.906799 0.131779 0.060295 -0.989444 -0.721249
0.774503 0.616841 0.140190 67.463290 0.616388 -0.785730 0.051901 -11.859425 0.142166 0.046214 -0.988763 -0.687088
0.774503 0.616841 0.140190 67.725319 0.616388 -0.785730 0.051901 -11.787390 0.142166 0.046214 -0.988763 -0.713013
0.770003 0.624007 0.133080 67.973942 0.624161 -0.779954 0.045765 -11.712306 0.132354 0.047824 -0.990048 -0.724963
0.770003 0.624007 0.133080 68.216724 0.624161 -0.779954 0.045765 -11.619941 0.132354 0.047824 -0.990048 -0.762973
0.785726 0.606748 0.120381 68.459530 0.608702 -0.793033 0.024072 -11.523516 0.110072 0.054363 -0.992436 -0.824996
0.785726 0.606748 0.120381 68.727435 0.608702 -0.793033 0.024072 -11.478751 0.110072 0.054363 -0.992436 -0.812829
0.763416 0.627621 0.152602 69.028113 0.627506 -0.776663 0.055058 -11.449858 0.153076 0.053727 -0.986753 -0.808574
0.763416 0.627621 0.152602 69.278538 0.627506 -0.776663 0.055058 -11.411867 0.153076 0.053727 -0.986753 -0.857406
0.795688 0.581324 0.170125 69.552962 0.583933 -0.810837 0.039565 -11.348751 0.160944 0.067861 -0.984628 -0.838288
0.795688 0.581324 0.170125 69.840049 0.583933 -0.810837 0.039565 -11.257382 0.160944 0.067861 -0.984628 -0.872245
0.815789 0.550500 0.177309 70.098127 0.551446 -0.832801 0.048466 -11.181904 0.174344 0.058238 -0.982961 -0.910185
0.866022 0.465048 0.183676 70.389796 0.447296 -0.884730 0.131068 -11.154632 0.223457 -0.031350 -0.974210 -0.882935
0.866022 0.465048 0.183676 70.662250 0.447296 -0.884730 0.131068 -11.114121 0.223457 -0.031350 -0.974210 -0.926750
0.866022 0.465048 0.183676 70.930900 0.447296 -0.884730 0.131068 -11.073876 0.223457 -0.031350 -0.974210 -0.932568
0.892178 0.421729 0.161750 71.228190 0.412089 -0.906608 0.090798 -11.010538 0.184936 -0.014353 -0.982646 -0.920424
0.936344 0.325751 0.130941 71.497332 0.321556 -0.945428 0.052600 -10.966699 0.140930 -0.007147 -0.989994 -0.963253
0.936344 0.325751 0.130941 71.764944 0.321556 -0.945428 0.052600 -10.929367 0.140930 -0.007147 -0.989994 -0.962063
0.931378 0.304018 0.200271 72.049295 0.294408 -0.952582 0.076883 -10.910419 0.214148 -0.012646 -0.976719 -0.975796
0.931378 0.304018 0.200271 72.309358 0.294408 -0.952582 0.076883 -10.905090 0.214148 -0.012646 -0.976719 -1.004515
0.945214 0.294022 0.141849 72.569863 0.297605 -0.954680 -0.004258 -10.850293 0.134168 0.046240 -0.989879 -0.958387
0.945214 0.294022 0.141849 72.833490 0.297605 -0.954680 -0.004258 -10.740617 0.134168 0.046240 -0.989879 -0.975427
0.958970 0.255698 0.122455 73.071510 0.251495 -0.966623 0.048894 -10.677608 0.130870 -0.016091 -0.991269 -1.027351
0.958970 0.255698 0.122455 73.346194 0.251495 -0.966623 0.048894 -10.631688 0.130870 -0.016091 -0.991269 -0.996179
0.941138 0.324909 0.093237 73.628445 0.322088 -0.945674 0.044275 -10.564117 0.102557 -0.011638 -0.994659 -1.024066
0.941138 0.324909 0.093237 73.879300 0.322088 -0.945674 0.044275 -10.502996 0.102557 -0.011638 -0.994659 -1.036970
0.941138 0.324909 0.093237 74.142365 0.322088 -0.945674 0.044275 -10.400842 0.102557 -0.011638 -0.994659 -1.006986
0.958761 0.266188 0.099608 74.409897 0.262748 -0.963746 0.046439 -10.306015 0.108358 -0.018352 -0.993943 -1.057976
0.958761 0.266188 0.099608 74.660162 0.262748 -0.963746 0.046439 -10.240801 0.108358 -0.018352 -0.993943 -1.077892
0.971886 0.214691 0.096672 74.954865 0.203645 -0.972556 0.112535 -10.209914 0.118179 -0.089685 -0.988934 -1.064651
0.971886 0.214691 0.096672 75.192433 0.203645 -0.972556 0.112535 -10.168739 0.118179 -0.089685 -0.988934 -1.117507
0.962351 0.255983 0.091392 75.443233 0.247905 -0.964495 0.091065 -10.085216 0.111458 -0.064980 -0.991642 -1.083480
0.962351 0.255983 0.091392 75.725183 0.247905 -0.964495 0.091065 -9.954598 0.111458 -0.064980 -0.991642 -1.074564
0.974312 0.169379 0.148412 75.976187 0.153943 -0.981934 0.110031 -9.867516 0.164368 -0.084358 -0.982785 -1.113548
0.974312 0.169379 0.148412 76.269387 0.153943 -0.981934 0.110031 -9.807366 0.164368 -0.084358 -0.982785 -1.080399
0.965491 0.206593 0.158578 76.550977 0.189985 -0.975177 0.113735 -9.726439 0.178138 -0.079682 -0.980774 -1.106329
0.965491 0.206593 0.158578 76.804636 0.189985 -0.975177 0.113735 -9.654070 0.178138 -0.079682 -0.980774 -1.123264
0.975660 0.104468 0.192807 77.080994 0.079435 -0.987887 0.133300 -9.563714 0.204397 -0.114740 -0.972140 -1.119229
0.975660 0.104468 0.192807 77.341670 0.079435 -0.987887 0.133300 -9.472712 0.204397 -0.114740 -0.972140 -1.156214
