0.909940 0.074904 -0.407921 0.000000 0.019481 0.974751 0.222445 0.000000 0.414283 -0.210358 0.885505 0.000000
0.909073 0.070054 -0.410705 0.030480 0.022787 0.975928 0.216901 0.000884 0.416013 -0.206538 0.885593 -0.004757
0.908129 0.075546 -0.411817 0.015727 0.020133 0.974570 0.223179 -0.045007 0.418205 -0.210967 0.883514 0.016053
0.907084 0.072396 -0.414677 0.081524 0.021092 0.976046 0.216541 -0.126522 0.420420 -0.205167 0.883829 0.012130
0.905738 0.067768 -0.418386 0.231019 0.026180 0.976304 0.214814 -0.249249 0.423029 -0.205518 0.882501 0.037737
0.894814 0.075144 -0.440070 0.249325 0.023102 0.976618 0.213738 -0.241966 0.445841 -0.201422 0.872155 0.015985
0.880983 0.081497 -0.466075 0.203069 0.012227 0.980804 0.194613 -0.266584 0.472989 -0.177149 0.863076 0.033735
0.868844 0.072278 -0.489782 0.413062 0.036102 0.977403 0.208279 -0.134369 0.493769 -0.198644 0.846601 0.142406
0.840589 0.054533 -0.538922 0.180667 0.022964 0.990437 0.136040 -0.251967 0.541187 -0.126730 0.831298 0.031447
0.813076 0.074876 -0.577322 0.027229 0.004901 0.990779 0.135402 -0.184872 0.582137 -0.112921 0.805212 -0.039528
0.784160 0.068469 -0.616770 0.118398 0.020946 0.990408 0.136578 -0.188789 0.620205 -0.120018 0.775204 -0.034603
0.747573 0.062514 -0.661231 0.040079 0.019228 0.993106 0.115629 -0.147769 0.663901 -0.099155 0.741218 -0.018282
0.723694 0.043675 -0.688738 0.077017 0.014211 0.996841 0.078146 -0.174409 0.689975 -0.066341 0.720787 0.008390
0.715815 0.043638 -0.696925 0.084944 -0.001016 0.998109 0.061453 -0.207138 0.698289 -0.043281 0.714506 -0.002851
0.710983 -0.006856 -0.703175 0.052769 0.014520 0.999882 0.004931 -0.198913 0.703059 -0.013716 0.710999 0.032890
0.691939 -0.070823 -0.718473 0.039486 0.033476 0.997254 -0.066064 -0.240124 0.721179 0.021661 0.692410 0.016566
0.686563 -0.129201 -0.715499 0.076318 0.065055 0.991054 -0.116536 -0.335468 0.724154 0.033462 0.688826 0.026734
0.684641 -0.131005 -0.717011 0.146886 0.049442 0.989796 -0.133635 -0.478518 0.727202 0.056041 0.684132 0.022158
0.691094 -0.161312 -0.704534 0.184200 0.058141 0.984024 -0.168274 -0.565159 0.720423 0.075330 0.689432 -0.021045
0.666232 -0.046531 -0.744291 0.348578 -0.014610 0.997046 -0.075411 -0.695049 0.745601 0.061115 0.663584 -0.026922
0.659916 -0.011349 -0.751254 0.493046 -0.028832 0.998767 -0.040414 -0.815130 0.750786 0.048330 0.658775 0.015012
0.668678 -0.025561 -0.743113 0.647193 -0.022049 0.998288 -0.054178 -0.927414 0.743225 0.052613 0.666969 0.011916
0.688204 -0.024689 -0.725097 0.804584 -0.009130 0.999047 -0.042682 -1.121039 0.725460 0.035994 0.687323 -0.009087
0.736847 -0.030622 -0.675366 0.973150 0.013434 0.999440 -0.030659 -1.279898 0.675926 0.013518 0.736845 0.017587
0.741535 0.036457 -0.669923 1.199225 -0.054381 0.998503 -0.005856 -1.452789 0.668707 0.040773 0.742407 0.034920
0.743574 0.082619 -0.663530 1.443763 -0.109631 0.993972 0.000907 -1.607705 0.659605 0.072069 0.748149 -0.003624
0.733034 0.033159 -0.679383 1.628469 -0.104520 0.992440 -0.064334 -1.757949 0.672114 0.118168 0.730958 0.008866
0.753400 -0.111534 -0.648035 1.869592 -0.025018 0.979935 -0.197743 -1.938937 0.657087 0.165192 0.735492 0.044459
0.720350 -0.069331 -0.690137 2.076748 -0.034740 0.990137 -0.135729 -2.113149 0.692740 0.121747 0.710837 0.030271
0.723560 -0.058979 -0.687737 2.302291 -0.034089 0.992074 -0.120944 -2.261778 0.689419 0.110955 0.715815 0.011868
0.762120 -0.100966 -0.639515 2.519719 0.000043 0.987773 -0.155897 -2.385923 0.647436 0.118785 0.752806 -0.011799
0.720490 -0.103430 -0.685709 2.752699 0.013178 0.990678 -0.135583 -2.518574 0.693340 0.088650 0.715137 -0.016681
0.693694 -0.113481 -0.711274 2.954932 0.002024 0.987814 -0.155628 -2.661652 0.720267 0.106519 0.685470 -0.012317
0.645725 -0.115684 -0.754756 3.165924 0.012377 0.989913 -0.141138 -2.804155 0.763470 0.081795 0.640643 -0.032469
0.623175 -0.051541 -0.780382 3.390857 0.001958 0.997926 -0.064345 -2.974127 0.782080 0.038571 0.621983 0.006460
0.624743 -0.091902 -0.775403 3.641395 0.000411 0.993088 -0.117372 -3.112052 0.780830 0.073009 0.620462 -0.019358
0.611600 -0.063253 -0.788634 3.893865 0.001575 0.996894 -0.078735 -3.262415 0.791165 0.046912 0.609800 -0.023977
0.572246 -0.055540 -0.818199 4.129822 -0.015465 0.996796 -0.078479 -3.430471 0.819936 0.057562 0.569553 0.027142
0.565707 -0.091983 -0.819460 4.318882 -0.011799 0.992754 -0.119581 -3.588985 0.824522 0.077317 0.560523 0.017211
0.588297 -0.079755 -0.804702 4.540319 0.006749 0.995574 -0.093738 -3.755686 0.808617 0.049715 0.586231 0.042684
0.604194 -0.140883 -0.784284 4.749440 0.019865 0.986604 -0.161922 -3.928366 0.796590 0.082253 0.598898 0.024749
0.623546 -0.163345 -0.764532 4.989884 0.040131 0.983327 -0.177361 -4.098518 0.780756 0.079911 0.619705 0.028308
0.578718 -0.103934 -0.808877 5.220150 -0.001128 0.991743 -0.128238 -4.241174 0.815527 0.075126 0.573823 0.055469
0.562343 -0.073476 -0.823633 5.396087 -0.033061 0.993250 -0.111179 -4.377504 0.826243 0.089751 0.556118 0.056902
0.566735 -0.059029 -0.821783 5.596284 -0.021413 0.996038 -0.086313 -4.548419 0.823622 0.066514 0.563226 0.039809
0.591801 -0.076518 -0.802444 5.795689 -0.012425 0.994500 -0.103995 -4.699265 0.805988 0.071514 0.587595 0.062126
0.610166 -0.132087 -0.781186 5.997021 -0.005696 0.985248 -0.171040 -4.871557 0.792253 0.108813 0.600412 0.059943
0.623825 -0.193592 -0.757209 6.196007 0.039208 0.975369 -0.217066 -5.029998 0.780580 0.105722 0.616050 0.047532
0.564907 -0.178681 -0.805576 6.362206 0.016185 0.978485 -0.205684 -5.183099 0.824996 0.103154 0.555645 0.081665
0.547610 -0.207176 -0.810680 6.517514 0.025489 0.972543 -0.231324 -5.328253 0.836345 0.106012 0.537855 0.061252
0.545609 -0.163374 -0.821961 6.676120 0.021054 0.983176 -0.181442 -5.490031 0.837775 0.081691 0.539869 0.053282
0.574837 -0.172783 -0.799818 6.856678 0.019314 0.980045 -0.197836 -5.621839 0.818040 0.098276 0.566703 0.076618
0.609215 -0.186032 -0.770876 7.058234 0.021639 0.975632 -0.218343 -5.740265 0.792710 0.116337 0.598395 0.068970
0.612738 -0.148501 -0.776208 7.232899 0.022659 0.985084 -0.170575 -5.864130 0.789961 0.086929 0.606964 0.089534
0.592995 -0.147264 -0.791625 7.398389 0.008430 0.984215 -0.176776 -6.009774 0.805162 0.098154 0.584876 0.109969
0.580987 -0.194867 -0.790241 7.569615 0.031206 0.975535 -0.217617 -6.166417 0.813315 0.101773 0.572854 0.054272
0.567968 -0.168071 -0.805708 7.773514 0.016595 0.981068 -0.192952 -6.330547 0.822884 0.096220 0.560004 0.077426
0.565251 -0.252621 -0.785286 7.946683 0.028647 0.957392 -0.287366 -6.510810 0.824422 0.139937 0.548404 0.085663
0.583747 -0.310553 -0.750198 8.142572 0.069092 0.939610 -0.335200 -6.684745 0.808991 0.143839 0.569951 0.059659
0.556631 -0.309506 -0.770953 8.322837 0.067447 0.941782 -0.329390 -6.799667 0.828018 0.131350 0.545100 0.074846
0.547563 -0.270861 -0.791712 8.504145 0.045203 0.954353 -0.295240 -6.913772 0.835542 0.125875 0.534813 0.128719
0.550984 -0.221250 -0.804652 8.675846 0.048946 0.971122 -0.233507 -7.069030 0.833079 0.089274 0.545902 0.104869
0.550885 -0.135812 -0.823457 8.856686 0.034315 0.989522 -0.140244 -7.235197 0.833875 0.049002 0.549773 0.106973
0.553197 -0.133448 -0.822293 9.047755 0.028636 0.989549 -0.141327 -7.377515 0.832558 0.054634 0.551236 0.128550
0.557915 -0.103209 -0.823455 9.216978 0.044146 0.994523 -0.094740 -7.515188 0.828723 0.016505 0.559416 0.119208
0.495319 -0.059423 -0.866677 9.406141 0.042022 0.998129 -0.044419 -7.650233 0.867694 -0.014418 0.496889 0.143048
0.456302 -0.072697 -0.886851 9.592049 0.033492 0.997354 -0.064523 -7.780894 0.889195 -0.000261 0.457529 0.158208
0.463795 -0.025418 -0.885578 9.749323 0.028223 0.999505 -0.013907 -7.939650 0.885493 -0.018543 0.464282 0.138474
0.479634 0.053268 -0.875850 9.935543 0.016611 0.997426 0.069758 -8.089900 0.877311 -0.048007 0.477515 0.161865
0.518410 0.020035 -0.854897 10.129459 0.011268 0.999479 0.030256 -8.266337 0.855058 -0.025318 0.517914 0.137142
0.518885 -0.016891 -0.854677 10.324797 0.031673 0.999498 -0.000524 -8.425782 0.854257 -0.026798 0.519160 0.140409
0.488514 -0.057317 -0.870672 10.511763 0.024624 0.998348 -0.051907 -8.592229 0.872209 0.003918 0.489118 0.152632
0.461543 -0.081038 -0.883409 10.688104 0.033724 0.996702 -0.073811 -8.799356 0.886477 0.004275 0.462754 0.160344
0.499087 -0.016037 -0.866404 10.875954 0.037202 0.999303 0.002933 -8.979637 0.865753 -0.033696 0.499336 0.165351
0.507277 0.034593 -0.861089 11.097300 0.005199 0.999053 0.043198 -9.131983 0.861768 -0.026391 0.506616 0.206423
0.561623 -0.015810 -0.827242 11.324942 0.033569 0.999430 0.003690 -9.292912 0.826712 -0.029842 0.561833 0.202236
0.598807 -0.000338 -0.800893 11.536772 0.019519 0.999709 0.014172 -9.432932 0.800655 -0.024119 0.598639 0.216583
0.603962 -0.049915 -0.795448 11.708995 0.031172 0.998753 -0.039005 -9.580994 0.796403 -0.001239 0.604765 0.241076
0.591051 -0.057839 -0.804558 11.885671 0.052711 0.998063 -0.033027 -9.729034 0.804910 -0.022889 0.592955 0.256521
0.594947 -0.027113 -0.803307 12.072721 0.046440 0.998921 0.000679 -9.882290 0.802422 -0.037709 0.595564 0.253994
0.616918 -0.026605 -0.786578 12.273797 0.032812 0.999429 -0.008070 -10.002726 0.786343 -0.020831 0.617439 0.246567
0.604755 -0.056524 -0.794403 12.509336 0.058141 0.997950 -0.026746 -10.136375 0.794286 -0.030013 0.606802 0.289851
0.587975 -0.019916 -0.808634 12.697939 0.032869 0.999459 -0.000716 -10.279598 0.808211 -0.026158 0.588312 0.271508
0.568061 -0.046699 -0.821661 12.846065 0.043173 0.998705 -0.026913 -10.430220 0.821853 -0.020185 0.569341 0.286618
0.532545 -0.085481 -0.842074 13.022986 0.051883 0.996313 -0.068326 -10.631870 0.844810 -0.007303 0.535017 0.260765
0.566331 -0.121735 -0.815138 13.198457 0.053967 0.992386 -0.110711 -10.823645 0.822409 0.018708 0.568589 0.274443
0.641768 -0.089495 -0.761659 13.430555 0.053582 0.995973 -0.071879 -10.973714 0.765025 0.005318 0.643979 0.290020
0.597069 -0.025304 -0.801791 13.632158 0.025302 0.999599 -0.012706 -11.147738 0.801791 -0.012701 0.597470 0.348567
0.610859 -0.078026 -0.787885 13.824321 0.043846 0.996939 -0.064735 -11.339681 0.790524 0.004998 0.612410 0.340208
0.581341 -0.048838 -0.812193 14.006842 0.040681 0.998693 -0.030934 -11.551611 0.812642 -0.015057 0.582568 0.321686
0.584624 -0.030358 -0.810736 14.220910 0.037667 0.999238 -0.010255 -11.748713 0.810430 -0.024543 0.585322 0.366331
0.620311 -0.037010 -0.783482 14.439651 0.037929 0.999133 -0.017167 -11.935751 0.783438 -0.019068 0.621177 0.366282
0.642268 -0.033276 -0.765757 14.656159 0.044367 0.998996 -0.006199 -12.117690 0.765195 -0.029993 0.643100 0.376000
0.669831 -0.086749 -0.737429 14.892042 0.061747 0.996220 -0.061106 -12.311502 0.739942 -0.004603 0.672655 0.408558
0.668751 -0.069676 -0.740214 15.106621 0.063684 0.997308 -0.036340 -12.499387 0.740754 -0.022837 0.671388 0.426969
0.684444 -0.041042 -0.727909 15.300896 0.045450 0.998874 -0.013584 -12.692903 0.727647 -0.023786 0.685539 0.442321
0.687136 -0.064367 -0.723672 15.525681 0.040627 0.997913 -0.050184 -12.898340 0.725392 0.005083 0.688317 0.483173
0.711817 -0.009833 -0.702296 15.756960 0.025521 0.999604 0.011871 -13.058994 0.701901 -0.026373 0.711786 0.466052
0.729077 0.008149 -0.684383 15.987835 0.028480 0.998702 0.042232 -13.240358 0.683839 -0.050282 0.727899 0.541790
0.714392 -0.070522 -0.696183 16.185877 0.049017 0.997508 -0.050747 -13.429589 0.698027 0.002128 0.716068 0.531027
0.718739 -0.074276 -0.691301 16.429604 0.058566 0.997211 -0.046253 -13.623523 0.692809 -0.007243 0.721085 0.540519
0.755809 -0.071386 -0.650889 16.677643 0.062892 0.997358 -0.036355 -13.780224 0.651765 -0.013458 0.758302 0.604854
0.795267 -0.037992 -0.605068 16.950443 0.044206 0.999012 -0.004626 -13.954782 0.604646 -0.023068 0.796160 0.607723
0.830759 -0.037232 -0.555386 17.194738 0.043228 0.999063 -0.002314 -14.082066 0.554951 -0.022085 0.831590 0.612248
0.848791 -0.061468 -0.525143 17.425747 0.042508 0.997938 -0.048102 -14.201235 0.527017 0.018506 0.849653 0.671777
0.856440 -0.069295 -0.511576 17.668427 0.061090 0.997591 -0.032856 -14.333091 0.512620 -0.003113 0.858610 0.666681
0.871401 -0.071799 -0.485289 17.903078 0.062931 0.997419 -0.034568 -14.467299 0.486519 -0.000417 0.873670 0.670591
0.893770 -0.072295 -0.442660 18.161209 0.060535 0.997338 -0.040659 -14.558457 0.444421 0.009543 0.895767 0.705532
0.919991 -0.048576 -0.388917 18.431625 0.054281 0.998519 0.003689 -14.629010 0.388162 -0.024504 0.921265 0.694157
0.921231 -0.004853 -0.388987 18.700079 0.020423 0.999147 0.035903 -14.708063 0.388481 -0.041019 0.920543 0.722265
0.923933 -0.023335 -0.381842 18.966816 0.022468 0.999725 -0.006730 -14.788412 0.381894 -0.002361 0.924203 0.727300
0.924285 -0.029123 -0.380589 19.224186 0.028265 0.999570 -0.007844 -14.858535 0.380654 -0.003507 0.924711 0.700081
0.939332 -0.050170 -0.339320 19.477150 0.048871 0.998728 -0.012378 -14.904123 0.339510 -0.004956 0.940589 0.748329
0.960957 -0.049331 -0.272267 19.727173 0.042474 0.998616 -0.031025 -14.925174 0.273420 0.018249 0.961722 0.751948
0.973818 -0.045609 -0.222705 19.987627 0.044534 0.998959 -0.009847 -14.925166 0.222923 -0.000329 0.974836 0.781704
0.973313 -0.022580 -0.228367 20.224588 0.032563 0.998667 0.040039 -14.934117 0.227159 -0.046407 0.972751 0.843894
0.976117 -0.072468 -0.204803 20.472399 0.079345 0.996519 0.025558 -14.954290 0.202238 -0.041198 0.978470 0.801338
0.983112 -0.098690 -0.154117 20.731318 0.101986 0.994693 0.013609 -14.964483 0.151956 -0.029096 0.987959 0.827165
0.988432 -0.071469 -0.133767 20.978607 0.071313 0.997436 -0.005968 -14.950907 0.133850 -0.003641 0.990995 0.844907
0.993643 -0.089277 -0.068582 21.206593 0.088478 0.995971 -0.014606 -14.918652 0.069609 0.008445 0.997539 0.830365
0.993259 -0.096474 -0.064259 21.473413 0.098044 0.994945 0.021732 -14.878549 0.061838 -0.027885 0.997697 0.835203
0.987715 -0.134916 -0.078845 21.689651 0.135906 0.990695 0.007302 -14.846119 0.077126 -0.017928 0.996860 0.856785
0.984363 -0.152605 -0.087984 21.945681 0.146756 0.986726 -0.069532 -14.793724 0.097427 0.055533 0.993692 0.793832
0.992288 -0.123456 -0.011083 22.196173 0.121978 0.988467 -0.089742 -14.747362 0.022034 0.087698 0.995903 0.808253
0.998253 -0.052857 0.026392 22.454964 0.054855 0.995136 -0.081821 -14.675249 -0.021939 0.083125 0.996298 0.822383
0.997678 -0.015224 0.066388 22.698109 0.019606 0.997636 -0.065857 -14.614642 -0.065229 0.067006 0.995618 0.805968
0.997485 -0.008001 0.070431 22.930525 0.010166 0.999485 -0.030430 -14.572865 -0.070152 0.031069 0.997052 0.806465
0.997949 -0.020734 0.060568 23.174067 0.025701 0.996267 -0.082411 -14.541285 -0.058633 0.083799 0.994756 0.811964
0.991848 -0.104212 0.073335 23.422184 0.109561 0.991285 -0.073142 -14.516795 -0.065074 0.080581 0.994622 0.761470
0.996749 -0.037283 0.071421 23.694723 0.042507 0.996419 -0.073087 -14.483179 -0.068440 0.075885 0.994765 0.780586
0.996242 0.060426 0.062047 23.932266 -0.051151 0.988615 -0.141504 -14.406603 -0.069891 0.137798 0.987991 0.786782
0.993475 0.102949 0.049088 24.180208 -0.096184 0.987550 -0.124472 -14.342326 -0.061291 0.118939 0.991008 0.746292
0.995211 0.082101 0.053056 24.430302 -0.077244 0.993130 -0.087896 -14.302094 -0.059908 0.083377 0.994716 0.779071
0.997169 0.032858 0.067628 24.687218 -0.023728 0.991016 -0.131623 -14.267866 -0.071346 0.129646 0.988990 0.769621
0.996618 0.003671 0.082089 24.915340 0.004764 0.994741 -0.102316 -14.233442 -0.082033 0.102361 0.991359 0.749457
0.992763 0.012955 0.119387 25.192503 0.000464 0.993743 -0.111693 -14.196962 -0.120087 0.110941 0.986545 0.747597
0.988044 0.010827 0.153791 25.452154 0.014761 0.986305 -0.164268 -14.150877 -0.153463 0.164574 0.974353 0.757852
0.980770 -0.020408 0.194097 25.729919 0.048646 0.988692 -0.141852 -14.114514 -0.189007 0.148567 0.970672 0.723810
0.986937 -0.005129 0.161024 25.976637 0.031743 0.986091 -0.163146 -14.072923 -0.157947 0.166126 0.973373 0.743088
0.986708 -0.011599 0.162089 26.239431 0.038520 0.985716 -0.163954 -14.062284 -0.157872 0.168018 0.973060 0.758668
0.972175 0.031693 0.232101 26.461796 -0.005517 0.993629 -0.112570 -14.033851 -0.234190 0.108157 0.966156 0.751163
0.942212 0.030562 0.333621 26.697466 0.017607 0.989937 -0.140409 -14.014841 -0.334555 0.138169 0.932192 0.778268
0.934645 0.019263 0.355061 26.918980 0.033537 0.989305 -0.141952 -13.995706 -0.353998 0.144582 0.924003 0.768484
0.932145 0.014529 0.361793 27.108273 0.026811 0.993682 -0.108981 -13.971320 -0.361091 0.111286 0.925867 0.789956
0.938646 0.042554 0.342246 27.331041 0.005501 0.990385 -0.138227 -13.959439 -0.344837 0.131629 0.929387 0.801707
0.942216 0.049941 0.331261 27.544741 -0.003432 0.990213 -0.139524 -13.951115 -0.334987 0.130325 0.933166 0.792343
0.912690 0.047212 0.405916 27.725664 -0.010300 0.995646 -0.092645 -13.948796 -0.408523 0.080375 0.909203 0.800436
0.890240 0.086078 0.447285 27.923550 -0.032165 0.991410 -0.126773 -13.948192 -0.454355 0.098472 0.885361 0.823509
0.886446 0.077204 0.456348 28.118021 -0.016601 0.990659 -0.135350 -13.916992 -0.462535 0.112405 0.879447 0.810773
0.860087 0.020238 0.509746 28.324692 0.032468 0.995015 -0.094287 -13.874078 -0.509113 0.097646 0.855143 0.804332
0.865782 0.026682 0.499709 28.549492 0.041949 0.991193 -0.125604 -13.836073 -0.498660 0.129708 0.857038 0.800385
0.902659 0.039095 0.428577 28.735016 0.036050 0.985496 -0.165825 -13.807853 -0.428844 0.165133 0.888158 0.811666
0.910128 0.001143 0.414326 28.920019 0.059780 0.989170 -0.134046 -13.782564 -0.409993 0.146767 0.900203 0.809360
0.932197 0.025003 0.361087 29.113016 0.020805 0.992261 -0.122417 -13.756783 -0.361353 0.121629 0.924462 0.827400
0.942832 0.008208 0.333168 29.298601 0.027285 0.994439 -0.101714 -13.702127 -0.332150 0.104990 0.937365 0.846496
0.969261 -0.051155 0.240656 29.503006 0.067254 0.995981 -0.059159 -13.656133 -0.236663 0.073525 0.968806 0.838197
0.962958 -0.121894 0.240529 29.705915 0.132109 0.990874 -0.026746 -13.600963 -0.235073 0.057531 0.970274 0.850962
0.968502 -0.159120 0.191531 29.917782 0.165972 0.985924 -0.020175 -13.552584 -0.185624 0.051328 0.981279 0.840862
0.958748 -0.184456 0.216283 30.162811 0.180157 0.982840 0.039606 -13.501715 -0.219878 0.000992 0.975527 0.844844
0.965443 -0.101433 0.240063 30.421415 0.117242 0.991716 -0.052474 -13.446874 -0.232752 0.078806 0.969338 0.858628
0.948572 -0.051955 0.312270 30.646057 0.086550 0.991420 -0.097960 -13.395778 -0.304501 0.119949 0.944929 0.849184
0.954741 0.029369 0.295985 30.864616 -0.001882 0.995690 -0.092728 -13.327191 -0.297432 0.087974 0.950681 0.870587
0.944530 -0.035173 0.326536 31.159798 0.070551 0.992767 -0.097136 -13.298455 -0.320758 0.114785 0.940180 0.863937
0.971546 -0.029079 0.235059 31.399504 0.060837 0.989776 -0.129005 -13.280606 -0.228904 0.139635 0.963382 0.864920
0.965488 0.012510 0.260146 31.647301 0.015199 0.994437 -0.104227 -13.232917 -0.260003 0.104584 0.959927 0.884691
0.954534 -0.001496 0.298099 31.932085 0.040382 0.991419 -0.124330 -13.155083 -0.295355 0.130715 0.946403 0.905289
0.948277 -0.002316 0.317435 32.186878 0.034206 0.994897 -0.094923 -13.068138 -0.315595 0.100871 0.943517 0.887023
0.950997 -0.019995 0.308553 32.460224 0.038882 0.997719 -0.055182 -12.991096 -0.306746 0.064475 0.949605 0.908149
0.971304 0.052359 0.232007 32.693260 -0.021925 0.991025 -0.131865 -12.908740 -0.236829 0.122994 0.963735 0.897484
0.974497 0.050429 0.218661 32.958645 -0.032041 0.995707 -0.086837 -12.840719 -0.222101 0.077616 0.971929 0.871720
0.960028 0.057050 0.274028 33.222187 -0.025958 0.992936 -0.115779 -12.741051 -0.278698 0.104038 0.954727 0.921801
0.948091 0.036932 0.315847 33.480240 0.014954 0.986956 -0.160294 -12.647429 -0.317647 0.156696 0.935172 0.893089
0.947140 0.016513 0.320395 33.717644 0.027315 0.990897 -0.131819 -12.533536 -0.319655 0.133603 0.938068 0.910041
0.952640 0.006270 0.304037 33.960869 0.040399 0.988316 -0.146965 -12.435412 -0.301406 0.152287 0.941256 0.955109
0.963097 -0.005406 0.269099 34.186962 0.047367 0.987599 -0.149684 -12.337989 -0.264952 0.156907 0.951410 0.912037
0.938436 -0.037456 0.343417 34.476677 0.076633 0.991908 -0.101224 -12.245431 -0.336847 0.121309 0.933712 0.920355
0.939314 0.001902 0.343055 34.709923 0.050770 0.988203 -0.144489 -12.121962 -0.339282 0.153137 0.928136 0.957639
0.934077 0.029917 0.355816 34.951229 0.018449 0.991110 -0.131762 -12.005434 -0.356595 0.129640 0.925221 0.912519
0.939875 0.057437 0.336654 35.192169 -0.014133 0.991453 -0.129695 -11.899907 -0.341226 0.117139 0.932654 0.905032
0.958633 0.072719 0.275201 35.438644 -0.027443 0.985924 -0.164925 -11.821930 -0.283320 0.150550 0.947135 0.923635
0.960628 0.069157 0.269092 35.693287 -0.028457 0.987923 -0.152308 -11.733406 -0.276375 0.138654 0.950995 0.892257
0.943625 0.057829 0.325925 35.963493 -0.018922 0.992435 -0.121305 -11.631256 -0.330474 0.108299 0.937581 0.897219
0.932746 0.057976 0.355842 36.213512 0.002359 0.985984 -0.166826 -11.517715 -0.360526 0.156446 0.919536 0.888752
0.919281 -0.023174 0.392919 36.493340 0.063534 0.993911 -0.090026 -11.422160 -0.388440 0.107723 0.915156 0.892739
0.940453 -0.002392 0.339914 36.737263 0.048699 0.990608 -0.127765 -11.324258 -0.336416 0.136710 0.931737 0.940952
0.948068 -0.002339 0.318059 36.975513 0.051530 0.987892 -0.146337 -11.246252 -0.313866 0.155127 0.936709 0.887085
0.944240 0.013574 0.328979 37.244202 0.029889 0.991491 -0.126696 -11.127371 -0.327900 0.129464 0.935800 0.892016
0.948139 0.082276 0.307023 37.507355 -0.020425 0.979693 -0.199462 -10.998734 -0.317199 0.182847 0.930565 0.900498
0.928410 0.060421 0.366613 37.741489 0.001076 0.986248 -0.165267 -10.850286 -0.371557 0.153829 0.915577 0.867741
0.944233 0.057938 0.324141 37.995705 -0.011486 0.989595 -0.143423 -10.718506 -0.329078 0.131701 0.935074 0.905312
0.955120 0.032996 0.294377 38.235748 0.022337 0.982925 -0.182646 -10.580078 -0.295377 0.181024 0.938074 0.895016
0.963801 0.052240 0.261457 38.481361 -0.008969 0.986415 -0.164026 -10.411530 -0.266473 0.155744 0.951176 0.870279
0.953593 0.089385 0.287524 38.703697 -0.049620 0.988515 -0.142741 -10.238811 -0.296981 0.121850 0.947077 0.870531
0.943082 0.111852 0.313186 38.948627 -0.050803 0.979144 -0.196714 -10.053230 -0.328657 0.169607 0.929095 0.869149
0.943102 0.134333 0.304161 39.178459 -0.067223 0.972899 -0.221245 -9.872602 -0.325638 0.188210 0.926573 0.851828
0.946475 0.124882 0.297640 39.392349 -0.045668 0.964656 -0.259525 -9.724087 -0.319530 0.232042 0.918726 0.895854
0.949813 0.057461 0.307495 39.624809 0.016820 0.972181 -0.233625 -9.585388 -0.312365 0.227072 0.922424 0.864638
0.943632 0.072200 0.323026 39.858582 0.012588 0.967386 -0.252995 -9.429370 -0.330757 0.242801 0.911947 0.884091
0.931088 0.062865 0.359338 40.078014 0.046791 0.956322 -0.288546 -9.276959 -0.361782 0.285476 0.887478 0.878868
0.915548 -0.007775 0.402134 40.317802 0.107380 0.968248 -0.225754 -9.112983 -0.387610 0.249870 0.887312 0.880789
0.941731 0.013403 0.336099 40.563526 0.069854 0.969629 -0.234393 -8.995033 -0.329032 0.244213 0.912194 0.932781
0.953685 0.023687 0.299872 40.770321 0.047873 0.972237 -0.229048 -8.869303 -0.296972 0.232796 0.926074 0.922482
0.959808 -0.017076 0.280139 40.962296 0.052630 0.991391 -0.119888 -8.756746 -0.275680 0.129813 0.952444 0.955077
0.976646 0.056729 0.207230 41.201500 -0.042306 0.996406 -0.073382 -8.620543 -0.210648 0.062901 0.975536 0.980788
0.979077 0.108949 0.171866 41.412971 -0.109031 0.993998 -0.008996 -8.492867 -0.171814 -0.009931 0.985079 0.991347
0.992275 0.004574 0.123971 41.650803 -0.017504 0.994485 0.103406 -8.362861 -0.122814 -0.104777 0.986883 1.033810
0.991834 0.036118 0.122313 41.898098 -0.036719 0.999322 0.002660 -8.272164 -0.122134 -0.007130 0.992488 1.033363
0.994105 -0.023016 0.105950 42.138657 0.025624 0.999399 -0.023327 -8.199690 -0.105349 0.025904 0.994098 1.007604
0.990749 -0.029091 0.132549 42.402859 0.031157 0.999423 -0.013535 -8.155194 -0.132078 0.017540 0.991084 1.005543
0.993621 -0.033023 0.107829 42.676159 0.042248 0.995534 -0.084422 -8.081256 -0.104559 0.088439 0.990579 1.014806
0.997933 0.035934 0.053270 42.925587 -0.030384 0.994366 -0.101558 -8.030132 -0.056619 0.099729 0.993402 0.987694
0.996958 -0.008743 0.077445 43.210125 0.015274 0.996336 -0.084146 -7.962538 -0.076425 0.085073 0.993439 1.049866
0.999721 -0.000807 0.023606 43.434147 0.004422 0.988139 -0.153498 -7.931595 -0.023202 0.153559 0.987867 1.053584
0.999579 0.017360 -0.023252 43.713230 -0.020525 0.989417 -0.143643 -7.884150 0.020512 0.144060 0.989356 1.041800
0.998498 0.051473 -0.018770 43.939468 -0.053374 0.991199 -0.121139 -7.830058 0.012369 0.121959 0.992458 1.063805
0.999212 0.008504 0.038779 44.227791 -0.002651 0.988902 -0.148546 -7.757648 -0.039612 0.148326 0.988145 1.065914
0.998750 0.023259 -0.044239 44.483719 -0.028231 0.992928 -0.115310 -7.678195 0.041244 0.116415 0.992344 1.074174
0.997489 0.015863 -0.069022 44.731148 -0.026389 0.987659 -0.154381 -7.622961 0.065721 0.155815 0.985597 1.112756
0.998170 -0.030701 -0.052102 44.977425 0.021589 0.985683 -0.167219 -7.553761 0.056490 0.165788 0.984542 1.093571
0.998940 0.002240 -0.045985 45.231251 -0.008319 0.991158 -0.132426 -7.496605 0.045281 0.132668 0.990126 1.090070
0.998708 0.001912 -0.050776 45.494343 -0.009077 0.989931 -0.141256 -7.429243 0.049994 0.141535 0.988670 1.112420
0.995979 -0.003642 -0.089510 45.761566 -0.006730 0.993309 -0.115294 -7.366816 0.089331 0.115432 0.989290 1.097493
0.979971 0.037914 -0.195496 46.020443 -0.053132 0.995901 -0.073195 -7.343696 0.191920 0.082116 0.977969 1.152567
0.974703 0.028439 -0.221688 46.262760 -0.057492 0.990398 -0.125726 -7.303615 0.215984 0.135290 0.966979 1.127857
0.974869 0.042517 -0.218684 46.541248 -0.068360 0.991354 -0.112002 -7.285259 0.212031 0.124137 0.969347 1.142232
0.985999 0.046735 -0.160067 46.802071 -0.063681 0.992699 -0.102435 -7.260663 0.154111 0.111194 0.981777 1.161907
0.991589 0.046309 -0.120862 47.087273 -0.061600 0.990114 -0.126017 -7.213573 0.113831 0.132402 0.984638 1.149337
0.993103 -0.013096 -0.116513 47.365242 -0.004492 0.988763 -0.149422 -7.173934 0.117161 0.148915 0.981885 1.156538
0.983135 -0.016104 -0.182173 47.623566 -0.019096 0.981631 -0.189831 -7.155064 0.181884 0.190108 0.964768 1.190395
0.974716 -0.040105 -0.219818 47.875515 -0.000924 0.983029 -0.183446 -7.142673 0.223445 0.179011 0.958138 1.160231
0.973381 -0.036468 -0.226275 48.145607 -0.006469 0.982496 -0.186172 -7.156162 0.229104 0.182680 0.956106 1.169251
0.972455 -0.056059 -0.226248 48.423756 0.003419 0.973974 -0.226635 -7.153371 0.233065 0.219619 0.947338 1.191010
0.970925 -0.059204 -0.231947 48.659138 0.015431 0.982398 -0.186162 -7.074644 0.238886 0.177170 0.954748 1.173661
0.950415 -0.010623 -0.310804 48.912300 -0.017308 0.996060 -0.086972 -7.031040 0.310503 0.088039 0.946487 1.156677
0.953967 -0.032484 -0.298148 49.165443 -0.002700 0.993147 -0.116844 -7.025140 0.299900 0.112270 0.947341 1.167235
0.962532 -0.067986 -0.262506 49.431896 0.040742 0.993330 -0.107873 -7.023668 0.268089 0.093136 0.958882 1.085666
0.962432 0.039835 -0.268584 49.736813 -0.047606 0.998613 -0.022480 -6.983058 0.267316 0.034421 0.962994 1.099244
0.960518 0.067004 -0.270030 50.025429 -0.077830 0.996528 -0.029575 -6.976276 0.267110 0.049423 0.962398 1.063034
0.957180 0.042081 -0.286418 50.321712 -0.054486 0.997884 -0.035475 -6.984905 0.284320 0.049562 0.957448 1.107437
0.941880 -0.010429 -0.335788 50.575211 -0.039723 0.989049 -0.142142 -6.983428 0.333594 0.147220 0.931151 1.152233
0.943379 -0.075609 -0.322985 50.848808 0.020295 0.985008 -0.171309 -7.022531 0.331095 0.155054 0.930771 1.128045
0.942151 -0.068008 -0.328217 51.120659 0.020886 0.989209 -0.145016 -7.017213 0.334538 0.129772 0.933404 1.167821
0.944706 -0.160701 -0.285842 51.407513 0.107535 0.975305 -0.192914 -7.117391 0.309785 0.151509 0.938658 1.242306
0.923301 -0.193881 -0.331551 51.670509 0.140025 0.973746 -0.179477 -7.119838 0.357644 0.119286 0.926208 1.233494
0.894521 -0.169327 -0.413715 51.946400 0.082028 0.971945 -0.220442 -7.151157 0.439435 0.163253 0.883315 1.313767
0.885931 -0.202215 -0.417415 52.185795 0.107453 0.964955 -0.239407 -7.196767 0.451199 0.167246 0.876612 1.275402
0.894388 -0.215474 -0.391971 52.455734 0.124034 0.961429 -0.245500 -7.244342 0.429751 0.170955 0.886616 1.273549
0.887721 -0.223031 -0.402751 52.767948 0.096695 0.945632 -0.310531 -7.329889 0.450112 0.236721 0.861024 1.312895
0.873966 -0.218831 -0.433932 53.058929 0.033226 0.917703 -0.395875 -7.384005 0.484850 0.331564 0.809312 1.324735
0.713658 -0.345589 -0.609312 53.354733 -0.025231 0.856585 -0.515389 -7.528677 0.700040 0.383185 0.602589 1.321817
0.723965 -0.423068 -0.544873 53.546425 -0.025352 0.773008 -0.633889 -7.598587 0.689370 0.472727 0.548906 1.336952
0.708925 -0.355861 -0.608923 53.839447 -0.058819 0.830535 -0.553852 -7.727864 0.702826 0.428456 0.567856 1.319367
0.709861 -0.278573 -0.646911 54.090115 -0.080513 0.880349 -0.467444 -7.852780 0.699725 0.383905 0.602496 1.361573
0.716064 -0.204475 -0.667415 54.272438 -0.093749 0.919300 -0.382227 -7.940415 0.691711 0.336269 0.639108 1.395154
0.753441 -0.105143 -0.649055 54.497391 -0.101021 0.956900 -0.272280 -8.022617 0.649709 0.270715 0.710346 1.375248
0.761479 -0.067726 -0.644641 54.708557 -0.095799 0.971845 -0.215265 -8.161475 0.641071 0.225676 0.733552 1.438365
0.751281 0.015298 -0.659805 54.898415 -0.079064 0.994618 -0.066965 -8.225970 0.655230 0.102476 0.748447 1.467296
0.737344 0.073224 -0.671537 55.087307 -0.036298 0.996966 0.068854 -8.403658 0.674541 -0.026393 0.737765 1.451614
0.702589 0.059092 -0.709138 55.324722 -0.010726 0.997312 0.072478 -8.534184 0.711515 -0.043317 0.701335 1.457384
0.717587 0.059696 -0.693906 55.558559 -0.047328 0.998196 0.036931 -8.701446 0.694859 0.006340 0.719118 1.445237
0.810545 -0.023199 -0.585217 55.799923 0.018324 0.999731 -0.014251 -8.875636 0.585390 0.000827 0.810751 1.443882
0.813004 -0.049349 -0.580163 56.006706 0.022498 0.998320 -0.053390 -9.018204 0.581823 0.030354 0.812748 1.489944
0.724055 -0.050318 -0.687904 56.221386 0.038921 0.998727 -0.032087 -9.200438 0.688643 -0.003541 0.725092 1.443693
0.674032 -0.003568 -0.738693 56.458744 0.015043 0.999847 0.008897 -9.334599 0.738549 -0.017109 0.673983 1.445818
0.713092 -0.204151 -0.670688 56.758991 0.036761 0.966235 -0.255027 -9.457864 0.700106 0.157202 0.696519 1.426486
0.691565 -0.261788 -0.673205 56.998749 0.054099 0.948166 -0.313137 -9.631474 0.720285 0.180135 0.669881 1.399276
0.678008 -0.202258 -0.706680 57.207283 0.037447 0.969654 -0.241596 -9.784970 0.734100 0.137341 0.665007 1.453926
0.710831 -0.138824 -0.689527 57.371159 0.010911 0.982387 -0.186538 -9.944661 0.703279 0.125074 0.699826 1.463012
0.720781 -0.155349 -0.675531 57.561089 0.078220 0.986566 -0.143417 -10.096406 0.688736 0.050532 0.723249 1.457811
0.651732 -0.079613 -0.754259 57.724968 0.037432 0.996640 -0.072853 -10.330636 0.757525 0.019247 0.652522 1.517577
0.667011 -0.086431 -0.740017 57.945210 -0.013412 0.991695 -0.127914 -10.497926 0.744927 0.095245 0.660312 1.470329
0.591622 0.014607 -0.806083 58.175724 -0.045866 0.998826 -0.015564 -10.652371 0.804910 0.046179 0.591598 1.488915
0.587127 0.077979 -0.805731 58.390476 -0.063111 0.996729 0.050475 -10.817758 0.807031 0.021216 0.590128 1.525359
0.598270 -0.093188 -0.795857 58.586872 0.014012 0.994279 -0.105889 -11.009678 0.801172 0.052199 0.596154 1.514382
0.559206 -0.119557 -0.820363 58.802982 0.006347 0.990135 -0.139972 -11.224913 0.829005 0.073067 0.554448 1.520422
0.519979 -0.165781 -0.837937 59.016510 -0.018028 0.978637 -0.204805 -11.429643 0.853989 0.121600 0.505882 1.562600
0.567607 -0.203595 -0.797729 59.266197 0.001508 0.969196 -0.246284 -11.580878 0.823298 0.138590 0.550430 1.555606
0.549029 -0.106993 -0.828927 59.458637 -0.000770 0.991707 -0.128514 -11.718209 0.835803 0.071196 0.544394 1.582151
0.572915 -0.152775 -0.805251 59.684349 0.015733 0.984343 -0.175559 -11.886579 0.819464 0.087912 0.566348 1.590702
0.552429 -0.127737 -0.823715 59.896706 0.029571 0.990570 -0.133780 -12.064357 0.833036 0.049545 0.550996 1.567940
0.599013 -0.010738 -0.800667 60.118259 -0.004147 0.999855 -0.016512 -12.222877 0.800729 0.013212 0.598882 1.610374
0.682140 -0.063217 -0.728483 60.364220 0.012705 0.997130 -0.074633 -12.374162 0.731111 0.041655 0.680986 1.593522
0.664337 -0.063954 -0.744692 60.588459 0.017636 0.997396 -0.069923 -12.537193 0.747225 0.033319 0.663735 1.598609
0.668045 -0.104011 -0.736816 60.808983 0.037178 0.993612 -0.106553 -12.730244 0.743192 0.043788 0.667644 1.656422
0.660803 -0.197455 -0.724121 61.005638 0.106638 0.979687 -0.169829 -12.885971 0.742946 0.035005 0.668436 1.611984
0.662889 -0.115513 -0.739753 61.211884 0.051925 0.992741 -0.108488 -13.056637 0.746915 0.033503 0.664075 1.681045
0.667502 -0.168469 -0.725299 61.408401 0.070203 0.983969 -0.163942 -13.279428 0.741291 0.058513 0.668628 1.689610
0.652526 -0.206841 -0.728990 61.635769 0.068662 0.974207 -0.214958 -13.418724 0.754649 0.090211 0.649897 1.658944
0.697116 -0.259634 -0.668296 61.841679 0.128488 0.962278 -0.239818 -13.606819 0.705351 0.081313 0.704179 1.665982
0.691055 -0.281235 -0.665845 62.037388 0.133674 0.955036 -0.264646 -13.744418 0.710334 0.093878 0.697576 1.701651
0.660680 -0.270974 -0.700054 62.235577 0.135321 0.960289 -0.243995 -13.915384 0.738370 0.066471 0.671112 1.678519
0.649379 -0.200103 -0.733666 62.429024 0.082621 0.977614 -0.193509 -14.058673 0.755963 0.065044 0.651375 1.692941
0.655777 -0.193109 -0.729839 62.659695 0.044561 0.974948 -0.217924 -14.223800 0.753638 0.110388 0.647954 1.712205
0.645980 -0.134004 -0.751500 62.877068 0.033177 0.988469 -0.147741 -14.443048 0.762633 0.070506 0.642977 1.694541
0.610895 -0.131820 -0.780660 63.082371 0.010674 0.987323 -0.158364 -14.637542 0.791639 0.088411 0.604558 1.742394
0.582220 -0.195322 -0.789221 63.281509 0.014911 0.973116 -0.229834 -14.788300 0.812895 0.122046 0.569479 1.692946
0.586306 -0.194096 -0.786493 63.490192 0.010374 0.972591 -0.232289 -14.991418 0.810023 0.128033 0.572250 1.723520
0.556157 -0.149018 -0.817608 63.723568 -0.021644 0.980862 -0.193496 -15.170248 0.830795 0.125311 0.542288 1.746623
0.565172 -0.077791 -0.821298 63.966564 -0.046083 0.991013 -0.125578 -15.330031 0.823685 0.108821 0.556507 1.732656
0.520331 -0.056232 -0.852111 64.194221 -0.033663 0.995703 -0.086264 -15.501442 0.853301 0.073570 0.516202 1.769023
0.479725 -0.096644 -0.872080 64.395042 -0.029477 0.991579 -0.126102 -15.679232 0.876924 0.086201 0.472836 1.792087
0.472583 -0.121581 -0.872859 64.613953 -0.004300 0.990108 -0.140240 -15.862115 0.881276 0.070028 0.467386 1.797631
0.443683 -0.151768 -0.883239 64.840309 0.000889 0.985630 -0.168915 -16.014841 0.896183 0.074160 0.437442 1.817750
0.461038 -0.112333 -0.880241 65.096588 -0.010952 0.991159 -0.132224 -16.180389 0.887313 0.070601 0.455732 1.801326
0.421940 -0.023881 -0.906309 65.350006 -0.026591 0.998897 -0.038701 -16.326948 0.906234 0.040429 0.420839 1.849510
0.436999 -0.063651 -0.897207 65.551712 -0.019120 0.996610 -0.080016 -16.460009 0.899259 0.052122 0.434300 1.861396
0.422509 -0.080581 -0.902769 65.755486 -0.006841 0.995728 -0.092080 -16.627012 0.906333 0.045081 0.420153 1.832209
0.421901 -0.062855 -0.904460 65.978081 -0.016429 0.996900 -0.076942 -16.797974 0.906493 0.047321 0.419561 1.866518
0.443174 -0.068861 -0.893787 66.195412 -0.029374 0.995394 -0.091254 -16.957005 0.895954 0.066695 0.439110 1.900978
0.444223 -0.030489 -0.895397 66.400063 -0.023240 0.998692 -0.045536 -17.122965 0.895615 0.041037 0.442934 1.894235
0.424151 -0.019676 -0.905378 66.603935 -0.019465 0.999335 -0.030837 -17.285715 0.905382 0.030703 0.423485 1.930845
0.412120 -0.063340 -0.908925 66.815735 -0.023372 0.996518 -0.080041 -17.464203 0.910830 0.054229 0.409205 1.937090
0.428430 -0.062644 -0.901401 67.021202 -0.019429 0.996724 -0.078504 -17.636185 0.903366 0.051147 0.425809 1.925216
0.456054 -0.041933 -0.888964 67.256477 -0.041284 0.996817 -0.068200 -17.826239 0.888994 0.067803 0.452871 1.948695
0.484657 -0.069629 -0.871928 67.475433 -0.034668 0.994514 -0.098688 -17.962112 0.874017 0.078058 0.479585 1.963106
0.504034 -0.068972 -0.860925 67.699387 -0.030240 0.994786 -0.097400 -18.125460 0.863154 0.075127 0.499321 1.965088
0.582861 -0.174466 -0.793621 67.916885 0.001767 0.976948 -0.213470 -18.265202 0.812570 0.123021 0.569734 1.990290
0.604555 -0.185378 -0.774692 68.137512 0.025695 0.976576 -0.213635 -18.439690 0.796149 0.109249 0.595157 1.987379
0.623637 -0.141857 -0.768735 68.371185 0.005615 0.984184 -0.177059 -18.599920 0.781694 0.106104 0.614570 2.026579
0.704724 -0.205987 -0.678921 68.611496 0.043290 0.967627 -0.248646 -18.756878 0.708159 0.145836 0.690827 2.040125
0.705608 -0.091925 -0.702614 68.846893 0.002024 0.991807 -0.127729 -18.906622 0.708599 0.088704 0.700013 2.047045
0.716062 -0.055636 -0.695816 69.095764 -0.040342 0.991854 -0.120822 -19.043999 0.696870 0.114587 0.707984 2.088758
0.719271 -0.136251 -0.681238 69.329330 0.000332 0.980647 -0.195784 -19.229103 0.694730 0.140595 0.705396 2.083533
0.710385 -0.056844 -0.701514 69.544083 -0.020577 0.994630 -0.101433 -19.373657 0.703513 0.086491 0.705400 2.102985
0.718604 -0.028840 -0.694821 69.770927 -0.037913 0.996029 -0.080554 -19.509560 0.694385 0.084230 0.714657 2.157998
0.751295 -0.065169 -0.656741 70.033905 -0.011747 0.993634 -0.112038 -19.679203 0.659862 0.091888 0.745747 2.154366
0.732076 -0.101373 -0.673638 70.271141 0.013672 0.990853 -0.134251 -19.836449 0.681086 0.089072 0.726766 2.165601
0.695684 -0.079303 -0.713957 70.484779 -0.002264 0.993641 -0.112575 -19.974571 0.718344 0.079933 0.691081 2.226577
0.706885 -0.041712 -0.706097 70.677795 -0.000584 0.998225 -0.059554 -20.108171 0.707328 0.042510 0.705606 2.220624
0.742284 -0.028489 -0.669479 70.897713 -0.004345 0.998870 -0.047323 -20.299511 0.670071 0.038036 0.741322 2.250423
0.770809 -0.127253 -0.624228 71.139519 0.022160 0.984610 -0.173356 -20.478756 0.636681 0.119792 0.761766 2.248789
0.773369 -0.119972 -0.622501 71.359901 0.031551 0.987997 -0.151215 -20.662123 0.633171 0.097305 0.767871 2.231769
0.783839 -0.152095 -0.602050 71.566139 0.067775 0.984702 -0.160524 -20.821625 0.617255 0.085021 0.782156 2.301816
0.773509 -0.178339 -0.608176 71.756989 0.081983 0.979687 -0.183009 -21.021187 0.628460 0.091699 0.772418 2.294631
0.758749 -0.116417 -0.640895 71.980194 0.038270 0.990167 -0.134554 -21.217445 0.650258 0.077565 0.755744 2.291122
0.781603 -0.132378 -0.609568 72.199509 0.024926 0.983070 -0.181529 -21.385818 0.623278 0.126689 0.771670 2.327591
0.815010 -0.159543 -0.557049 72.414772 0.062261 0.979894 -0.189557 -21.535177 0.576092 0.119809 0.808557 2.307707
0.804458 -0.141483 -0.576914 72.655815 0.048548 0.983631 -0.173530 -21.729404 0.592022 0.111589 0.798159 2.329432
0.791005 -0.178613 -0.585157 72.862709 0.061122 0.974722 -0.214900 -21.916388 0.608749 0.134221 0.781927 2.376683
0.801588 -0.173950 -0.572012 73.068069 0.061526 0.975660 -0.210481 -22.078758 0.594702 0.133526 0.792780 2.359758
0.854267 -0.212540 -0.474399 73.272491 0.097617 0.961950 -0.255191 -22.276264 0.510587 0.171692 0.842510 2.322385
0.855935 -0.242903 -0.456480 73.496284 0.115107 0.950152 -0.289763 -22.497402 0.504109 0.195474 0.841228 2.354409
0.844427 -0.203953 -0.495324 73.723221 0.084600 0.963853 -0.252647 -22.650499 0.528948 0.171438 0.831158 2.345185
0.835874 -0.249238 -0.489076 73.907181 0.121384 0.952845 -0.278124 -22.819227 0.535333 0.173111 0.826711 2.392832
0.826455 -0.301432 -0.475511 74.116768 0.181651 0.942195 -0.281554 -23.032061 0.532893 0.146314 0.833437 2.387291
0.838454 -0.219576 -0.498779 74.354263 0.113258 0.965463 -0.234634 -23.205153 0.533073 0.140239 0.834366 2.438779
0.874122 -0.218226 -0.433922 74.592789 0.118335 0.962147 -0.245499 -23.336693 0.471071 0.163248 0.866858 2.458248
0.894758 -0.194690 -0.401875 74.834770 0.127304 0.973819 -0.188334 -23.479614 0.428021 0.117353 0.896118 2.430566
0.889845 -0.227107 -0.395726 75.079033 0.156837 0.966719 -0.202131 -23.620106 0.428461 0.117801 0.895848 2.471304
0.871212 -0.270864 -0.409418 75.305878 0.198416 0.957134 -0.211009 -23.758541 0.449023 0.102599 0.887610 2.509265
0.865528 -0.238389 -0.440490 75.552338 0.162177 0.965478 -0.203842 -23.862206 0.473877 0.104994 0.874309 2.470375
0.881282 -0.266739 -0.390117 75.817764 0.159898 0.945099 -0.284992 -23.944794 0.444718 0.188780 0.875550 2.504204
