0.983981 0.081214 -0.158701 0.030619 0.088779 -0.995201 0.041161 0.032097 -0.154596 -0.054591 -0.986468 0.008233
0.981779 0.118593 -0.148481 0.056748 0.124363 -0.991778 0.030165 0.014181 -0.143682 -0.048081 -0.988455 -0.040716
0.975155 0.169902 -0.142148 0.003835 0.170745 -0.985295 -0.006335 -0.076923 -0.141134 -0.018093 -0.989825 -0.155080
0.965133 0.221323 -0.139763 0.031278 0.220826 -0.975123 -0.019250 0.024605 -0.140547 -0.012284 -0.989998 -0.009020
0.951027 0.277859 -0.135433 0.046267 0.277000 -0.960531 -0.025535 0.079286 -0.137183 -0.013230 -0.990457 0.021456
0.944518 0.315328 -0.091941 0.008959 0.315825 -0.948770 -0.009478 0.051608 -0.090220 -0.020085 -0.995719 -0.055502
0.939703 0.338650 -0.047683 -0.007158 0.337917 -0.940897 -0.022926 0.049230 -0.052629 0.005430 -0.998599 -0.033043
0.937528 0.347535 -0.016149 -0.008039 0.347605 -0.937640 0.001648 0.109695 -0.014569 -0.007159 -0.999868 -0.088728
0.929006 0.369753 0.015150 0.030845 0.369004 -0.928665 0.037639 0.148560 0.027986 -0.029377 -0.999177 -0.123565
0.928227 0.371305 0.022976 0.089779 0.367456 -0.924740 0.099159 0.210567 0.058065 -0.083599 -0.994806 -0.121783
0.919191 0.392169 0.035934 0.169620 0.386547 -0.915917 0.108064 0.266778 0.075292 -0.085441 -0.993494 -0.122618
0.922881 0.379082 0.067735 0.265592 0.368895 -0.920763 0.126937 0.363789 0.110488 -0.092161 -0.989595 -0.087745
0.912485 0.393730 0.111122 0.376269 0.387871 -0.918969 0.071084 0.405109 0.130105 -0.021762 -0.991261 -0.050605
0.910695 0.398592 0.108441 0.563603 0.401209 -0.915983 -0.002532 0.458514 0.098321 0.045813 -0.994100 -0.038676
0.918290 0.384633 0.093815 0.779759 0.385582 -0.922634 0.008532 0.493829 0.089838 0.028339 -0.995553 -0.061614
0.914784 0.393475 0.091367 1.001100 0.394109 -0.918988 0.011756 0.573739 0.088591 0.025254 -0.995748 -0.110889
0.931282 0.361785 0.042723 1.209846 0.360517 -0.932109 0.034640 0.653131 0.052355 -0.016857 -0.998486 -0.070454
0.944809 0.324978 0.041545 1.467092 0.325867 -0.945270 -0.016604 0.767081 0.033876 0.029226 -0.998999 -0.059403
0.956972 0.259645 0.129574 1.696415 0.271585 -0.958673 -0.084778 0.802311 0.102207 0.116321 -0.987939 -0.048861
0.937001 0.292101 0.191590 2.016624 0.316430 -0.942069 -0.111257 0.867962 0.147993 0.164873 -0.975149 -0.011912
0.934666 0.268411 0.233140 2.262976 0.280077 -0.959812 -0.017820 0.905383 0.218987 0.081953 -0.972280 -0.041512
0.927205 0.299720 0.224631 2.525754 0.294865 -0.953915 0.055679 0.979276 0.230967 0.014610 -0.972852 -0.058311
0.928883 0.322866 0.181477 2.788736 0.330542 -0.943703 -0.012928 1.037703 0.167086 0.071994 -0.983310 -0.039368
0.937414 0.293747 0.186998 3.011353 0.289498 -0.955857 0.050272 1.052900 0.193511 0.007009 -0.981073 -0.040844
0.942438 0.304146 0.138945 3.307965 0.299048 -0.952551 0.056716 1.107106 0.149602 -0.011900 -0.988675 -0.001789
0.927390 0.354608 0.119165 3.572423 0.348109 -0.934667 0.072239 1.146949 0.136996 -0.025511 -0.990243 0.010374
0.897044 0.416420 0.148005 3.818095 0.408081 -0.909045 0.084308 1.184658 0.169651 -0.015230 -0.985386 0.005396
0.884440 0.455407 0.101833 4.094321 0.450379 -0.890151 0.069209 1.230520 0.122165 -0.015348 -0.992391 0.024336
0.874392 0.479493 0.074331 4.344357 0.477067 -0.877517 0.048693 1.293048 0.088574 -0.007116 -0.996044 0.027399
0.881594 0.461265 0.100134 4.625727 0.458301 -0.887262 0.052210 1.312089 0.112928 -0.000137 -0.993603 -0.001960
0.868045 0.489614 0.082321 4.952016 0.487766 -0.871934 0.042621 1.380444 0.092646 0.003157 -0.995694 0.046681
0.842203 0.516989 0.153025 5.177203 0.518046 -0.854593 0.036037 1.412355 0.149404 0.048923 -0.987565 -0.010769
0.847767 0.517823 0.114675 5.434855 0.514822 -0.855418 0.056730 1.479864 0.127471 0.010944 -0.991782 -0.007191
0.866434 0.491632 0.087124 5.692941 0.488682 -0.870793 0.053942 1.588357 0.102386 -0.004161 -0.994736 0.022613
0.870895 0.473420 0.131970 5.927399 0.460711 -0.879909 0.116210 1.638552 0.171138 -0.040406 -0.984418 0.009369
0.872189 0.478349 0.102315 6.227495 0.467628 -0.876724 0.112598 1.721910 0.143563 -0.050361 -0.988359 0.016875
0.848792 0.504964 0.156728 6.492321 0.503045 -0.862530 0.054658 1.737783 0.162783 0.032448 -0.986128 0.023583
0.837287 0.519973 0.169052 6.747793 0.520807 -0.852593 0.042951 1.766078 0.166466 0.052081 -0.984671 -0.014363
0.855287 0.503025 0.124297 7.019467 0.502541 -0.863738 0.037534 1.819019 0.126240 0.030362 -0.991535 0.003035
0.858260 0.489346 0.154695 7.228266 0.486066 -0.871791 0.060999 1.897775 0.164712 0.022839 -0.986077 -0.013773
0.878466 0.452266 0.154122 7.486814 0.439543 -0.891402 0.110476 1.960939 0.187349 -0.029306 -0.981856 -0.012138
0.861444 0.488086 0.140310 7.754739 0.473165 -0.871720 0.127354 2.048967 0.184471 -0.043319 -0.981883 0.005252
0.837899 0.519593 0.167177 7.936429 0.502292 -0.853877 0.136372 2.138305 0.213606 -0.030294 -0.976450 -0.009026
0.828834 0.540705 0.143777 8.174410 0.524915 -0.840436 0.134655 2.262196 0.193644 -0.036136 -0.980406 0.001390
0.837940 0.534088 0.112281 8.330496 0.523442 -0.844713 0.111665 2.279809 0.154484 -0.034796 -0.987382 0.010299
0.848609 0.501912 0.167174 8.513011 0.485284 -0.864375 0.131741 2.256691 0.210624 -0.030670 -0.977086 -0.015609
0.871511 0.467352 0.148492 8.817280 0.452268 -0.883085 0.124957 2.321118 0.189530 -0.041744 -0.980987 0.010814
0.867683 0.480842 0.126164 9.068491 0.471433 -0.876433 0.098059 2.358901 0.157726 -0.025606 -0.987151 0.002115
0.853681 0.496286 0.157892 9.208102 0.484323 -0.867990 0.109655 2.416726 0.191468 -0.017140 -0.981349 -0.012657
0.848825 0.511374 0.134137 9.437190 0.496067 -0.858136 0.132360 2.501764 0.182794 -0.045810 -0.982083 0.010714
0.830668 0.532187 0.163605 9.639729 0.518462 -0.846479 0.121117 2.597785 0.202945 -0.015786 -0.979063 0.046804
0.817685 0.535946 0.210127 9.886188 0.500545 -0.842215 0.200321 2.654910 0.284333 -0.058621 -0.956932 0.056158
0.833970 0.530658 0.151315 10.165272 0.491554 -0.839027 0.233256 2.751192 0.250737 -0.120149 -0.960570 0.024447
0.829673 0.537549 0.150612 10.409915 0.497831 -0.834520 0.236095 2.818815 0.252602 -0.120903 -0.959987 0.024457
0.812748 0.562151 0.153056 10.602229 0.533518 -0.823670 0.192160 2.851013 0.234091 -0.074519 -0.969355 0.001631
0.832379 0.548466 0.079561 10.799444 0.535077 -0.832716 0.142395 2.876669 0.144350 -0.075956 -0.986607 0.007732
0.827031 0.554867 0.090238 11.011780 0.542756 -0.829942 0.128890 2.884769 0.146409 -0.057619 -0.987545 -0.019719
0.843556 0.536644 0.020669 11.311417 0.533099 -0.841397 0.088633 3.055148 0.064956 -0.063748 -0.995850 0.033581
0.813914 0.579532 -0.041067 11.528965 0.580985 -0.811769 0.059062 3.115150 0.000892 -0.071931 -0.997409 0.011344
0.784691 0.619609 -0.018574 11.668383 0.619554 -0.782936 0.056258 3.114164 0.020316 -0.055652 -0.998244 -0.072915
0.782380 0.620846 -0.049315 11.936424 0.622668 -0.781398 0.041248 3.177211 -0.012926 -0.062978 -0.997931 0.013174
0.792296 0.605614 -0.074155 12.110712 0.605486 -0.795405 -0.026769 3.257444 -0.075195 -0.023691 -0.996887 -0.020670
0.816864 0.575795 -0.034536 12.399173 0.575933 -0.817469 -0.006821 3.290605 -0.032159 -0.014318 -0.999380 -0.002401
0.821716 0.567408 -0.053207 12.636404 0.568677 -0.822482 0.011418 3.421883 -0.037283 -0.039640 -0.998518 0.010678
0.809889 0.584581 -0.048426 12.845187 0.586265 -0.809407 0.033969 3.442079 -0.019338 -0.055901 -0.998249 -0.014305
0.786692 0.617278 0.009105 13.118548 0.615808 -0.785688 0.058939 3.520914 0.043535 -0.040760 -0.998220 -0.004912
0.808326 0.584853 -0.067497 13.353534 0.588338 -0.806662 0.056161 3.638859 -0.021601 -0.085108 -0.996138 0.004850
0.802498 0.593119 -0.064861 13.640529 0.592122 -0.805056 -0.035732 3.720447 -0.073410 -0.009731 -0.997254 -0.016928
0.846392 0.529799 -0.054164 13.884037 0.531298 -0.847005 0.017441 3.801145 -0.036637 -0.043539 -0.998380 -0.051956
0.863179 0.501757 -0.056222 14.130509 0.503777 -0.863322 0.029734 3.808198 -0.033619 -0.053989 -0.997975 -0.055629
0.888508 0.458781 -0.008545 14.345125 0.458799 -0.887928 0.032987 3.852938 0.007547 -0.033230 -0.999419 -0.069929
0.874101 0.483763 -0.043822 14.582780 0.485623 -0.872329 0.056679 3.935994 -0.010808 -0.070825 -0.997430 -0.033131
0.877622 0.473680 -0.073533 14.821167 0.477797 -0.876772 0.054605 3.992700 -0.038606 -0.083056 -0.995797 -0.047432
0.874612 0.483327 -0.038075 15.083613 0.484779 -0.872900 0.055092 4.028133 -0.006608 -0.066642 -0.997755 -0.068571
0.879178 0.474281 -0.045867 15.332048 0.475709 -0.879176 0.027379 4.055828 -0.027340 -0.045891 -0.998572 -0.058979
0.891466 0.445477 -0.082695 15.568739 0.451399 -0.888967 0.077305 4.093997 -0.039075 -0.106243 -0.993572 -0.071420
0.862177 0.505625 -0.031549 15.779335 0.506332 -0.862090 0.020700 4.162927 -0.016732 -0.033821 -0.999288 -0.058378
0.841876 0.537037 -0.053265 15.975407 0.539553 -0.839649 0.062228 4.274843 -0.011305 -0.081127 -0.996640 -0.048876
0.838527 0.543111 -0.043615 16.195678 0.544267 -0.831195 0.113525 4.374617 0.025404 -0.118932 -0.992577 -0.061672
0.873557 0.486679 0.006485 16.465257 0.483896 -0.869842 0.096020 4.425691 0.052372 -0.080741 -0.995358 -0.061303
0.883587 0.467492 -0.026949 16.726727 0.468268 -0.882081 0.051558 4.498944 0.000332 -0.058175 -0.998306 -0.056931
0.880048 0.474648 -0.014965 16.975790 0.474866 -0.879303 0.036457 4.593733 0.004146 -0.039190 -0.999223 -0.087310
0.871821 0.488309 -0.038501 17.264101 0.489821 -0.868840 0.072055 4.683004 0.001734 -0.081678 -0.996657 -0.093634
0.867940 0.494465 -0.046744 17.529077 0.496051 -0.867707 0.031905 4.785552 -0.024784 -0.050879 -0.998397 -0.111652
0.873631 0.485707 -0.029267 17.767507 0.486585 -0.871817 0.056311 4.881704 0.001835 -0.063436 -0.997984 -0.120212
0.897847 0.435846 -0.062521 18.052516 0.438425 -0.898067 0.035493 4.969122 -0.040678 -0.059278 -0.997412 -0.117224
0.908488 0.415383 -0.045890 18.348504 0.417799 -0.905286 0.076823 5.031398 -0.009633 -0.088966 -0.995988 -0.131102
0.913641 0.406368 -0.011175 18.622836 0.405333 -0.908526 0.101415 5.108916 0.031059 -0.097186 -0.994781 -0.159476
0.918515 0.391363 -0.056251 18.921036 0.394698 -0.915975 0.072132 5.210703 -0.023295 -0.088457 -0.995808 -0.151343
0.916548 0.397519 -0.043795 19.161151 0.399392 -0.915471 0.048973 5.318680 -0.020625 -0.062377 -0.997840 -0.176060
0.928730 0.370298 -0.018422 19.446569 0.370756 -0.927527 0.047262 5.392677 0.000414 -0.050724 -0.998713 -0.206692
0.940290 0.337989 -0.040213 19.751536 0.339165 -0.940337 0.027099 5.462006 -0.028655 -0.039119 -0.998824 -0.210805
0.940368 0.339330 -0.023732 20.001928 0.339982 -0.939840 0.033367 5.528298 -0.010982 -0.039446 -0.999161 -0.258360
0.935919 0.350558 -0.034140 20.282705 0.352191 -0.932599 0.078867 5.600948 -0.004192 -0.085837 -0.996300 -0.242338
0.952096 0.304508 -0.028063 20.572645 0.305747 -0.949603 0.069088 5.675123 -0.005611 -0.074359 -0.997216 -0.282287
0.964088 0.265557 -0.003676 20.834408 0.264997 -0.960954 0.079650 5.738597 0.017619 -0.077763 -0.996816 -0.300150
0.980521 0.194636 -0.026381 21.106595 0.195623 -0.979771 0.042189 5.767364 -0.017636 -0.046528 -0.998761 -0.284442
0.991156 0.131841 -0.015096 21.436832 0.132460 -0.989797 0.052504 5.759107 -0.008019 -0.054039 -0.998507 -0.344922
0.992264 0.121733 0.024364 21.707767 0.119688 -0.990146 0.072709 5.769522 0.032975 -0.069230 -0.997056 -0.358763
0.993445 0.114130 0.006398 22.015445 0.113320 -0.990649 0.075984 5.799795 0.015010 -0.074761 -0.997089 -0.331710
0.996932 0.078069 -0.005563 22.272057 0.078260 -0.993337 0.084594 5.856130 0.001078 -0.084770 -0.996400 -0.372619
0.999859 0.016429 0.003453 22.534993 0.016162 -0.997641 0.066712 5.821534 0.004540 -0.066647 -0.997766 -0.390447
0.998789 -0.044144 -0.021704 22.792956 -0.042576 -0.996774 0.068036 5.778644 -0.024637 -0.067029 -0.997447 -0.371407
0.999368 -0.035085 -0.005683 23.092722 -0.034986 -0.999248 0.016745 5.704360 -0.006267 -0.016535 -0.999844 -0.407385
0.999022 -0.042029 0.013748 23.360670 -0.042444 -0.998605 0.031425 5.656446 0.012408 -0.031977 -0.999412 -0.402535
0.997787 -0.066476 -0.001165 23.608235 -0.066327 -0.996453 0.051780 5.627407 -0.004603 -0.051588 -0.998658 -0.392976
0.995949 -0.086730 0.023732 23.863434 -0.087770 -0.995031 0.047008 5.597952 0.019537 -0.048900 -0.998613 -0.421808
0.986836 -0.160584 0.019187 24.100685 -0.161366 -0.985599 0.050547 5.488322 0.010794 -0.052978 -0.998537 -0.430239
0.980955 -0.193954 -0.010405 24.355450 -0.193520 -0.980538 0.033080 5.358807 -0.016619 -0.030436 -0.999399 -0.442992
0.979490 -0.200257 -0.022270 24.568924 -0.198523 -0.978050 0.063297 5.284039 -0.034457 -0.057578 -0.997746 -0.494300
0.968859 -0.247360 -0.011174 24.797294 -0.245186 -0.964688 0.096229 5.170432 -0.034582 -0.090493 -0.995296 -0.475452
0.962063 -0.272175 0.018866 25.010455 -0.272559 -0.955749 0.110706 5.151588 -0.012101 -0.111648 -0.993674 -0.522628
0.956405 -0.289325 0.039768 25.214655 -0.291368 -0.954565 0.062531 5.055824 0.019869 -0.071392 -0.997250 -0.557451
0.929371 -0.366748 0.042016 25.457803 -0.369142 -0.923869 0.100999 4.893095 0.001776 -0.109375 -0.993999 -0.446411
0.937642 -0.347585 -0.003450 25.649334 -0.343872 -0.928985 0.136889 4.703733 -0.050785 -0.127167 -0.990580 -0.505453
0.938961 -0.328547 0.102021 25.850454 -0.339970 -0.931545 0.129014 4.584081 0.052649 -0.155823 -0.986381 -0.533769
0.922009 -0.368352 0.119229 26.093643 -0.380763 -0.918471 0.106909 4.414187 0.070128 -0.143969 -0.987094 -0.379000
0.898363 -0.428423 0.096942 26.248210 -0.434254 -0.899442 0.049267 4.315807 0.066087 -0.086357 -0.994070 -0.514098
0.874230 -0.479151 0.078330 26.428832 -0.480203 -0.877137 -0.006044 4.176520 0.071602 -0.032330 -0.996909 -0.519847
0.873586 -0.484086 0.050076 26.642955 -0.484626 -0.874720 -0.001524 4.046815 0.044540 -0.022936 -0.998744 -0.426434
0.884297 -0.461685 0.069751 26.854793 -0.461449 -0.886931 -0.020438 3.890297 0.071300 -0.014113 -0.997355 -0.460849
0.886251 -0.448925 0.114133 27.047907 -0.456410 -0.888376 0.049766 3.789962 0.079052 -0.096197 -0.992218 -0.444408
0.876018 -0.468297 0.115283 27.289865 -0.476385 -0.877483 0.055506 3.606265 0.075166 -0.103543 -0.991781 -0.385069
0.883619 -0.459858 0.088020 27.457981 -0.455500 -0.887812 -0.065647 3.488706 0.108334 0.017914 -0.993953 -0.433901
0.871516 -0.482869 0.085420 27.675337 -0.471380 -0.872967 -0.125417 3.311818 0.135129 0.069038 -0.988420 -0.378506
0.891806 -0.451148 0.033861 27.871773 -0.444769 -0.887975 -0.116967 3.167227 0.082837 0.089252 -0.992558 -0.357934
0.873288 -0.477526 0.096626 28.102022 -0.469277 -0.877751 -0.096608 3.007821 0.130946 0.039022 -0.990621 -0.408678
0.878038 -0.467911 0.100541 28.344979 -0.464462 -0.883770 -0.056790 2.838165 0.115427 0.003166 -0.993311 -0.364418
0.852414 -0.509356 0.118095 28.551728 -0.509091 -0.860014 -0.034693 2.725687 0.119235 -0.030549 -0.992396 -0.364398
0.846919 -0.511855 0.143988 28.765266 -0.504772 -0.859071 -0.084863 2.577266 0.167134 -0.000808 -0.985934 -0.395503
0.803504 -0.572878 0.161840 28.984282 -0.573667 -0.817764 -0.046564 2.427900 0.159023 -0.055428 -0.985718 -0.352633
0.823665 -0.551756 0.130926 29.227692 -0.552201 -0.832924 -0.036220 2.277092 0.129036 -0.042465 -0.990730 -0.364162
0.832692 -0.527715 0.167752 29.452306 -0.524971 -0.848710 -0.064009 2.138938 0.176151 -0.034765 -0.983749 -0.361815
0.806452 -0.575578 0.135442 29.654809 -0.573208 -0.817220 -0.059873 2.040857 0.145147 -0.029351 -0.988975 -0.345530
0.744101 -0.662782 0.083864 29.886193 -0.656258 -0.748665 -0.093946 1.908416 0.125051 0.014869 -0.992039 -0.361167
0.693205 -0.707994 0.134952 30.047832 -0.705537 -0.704836 -0.073640 1.802998 0.147256 -0.044165 -0.988112 -0.391669
0.697110 -0.705951 0.125184 30.230403 -0.703089 -0.707302 -0.073410 1.703240 0.140366 -0.036840 -0.989414 -0.374573
0.700211 -0.706923 0.099822 30.425866 -0.699705 -0.707290 -0.100761 1.580672 0.141833 0.000708 -0.989890 -0.400994
0.704400 -0.700623 0.113787 30.607787 -0.694999 -0.713359 -0.089976 1.488643 0.144211 -0.015703 -0.989422 -0.416403
0.700036 -0.710121 0.075355 30.815321 -0.704934 -0.704044 -0.085965 1.384690 0.114099 0.007058 -0.993444 -0.396330
0.625281 -0.778898 0.048392 30.973384 -0.773576 -0.626804 -0.093257 1.310547 0.102970 0.020877 -0.994465 -0.426999
0.624962 -0.778178 0.062141 31.140778 -0.769944 -0.627572 -0.115497 1.231331 0.128875 0.024337 -0.991362 -0.440885
0.604887 -0.791235 0.089767 31.329298 -0.788014 -0.611000 -0.075589 1.111815 0.114656 -0.025015 -0.993090 -0.413014
0.577094 -0.812806 0.079433 31.521286 -0.809988 -0.582077 -0.071461 0.965608 0.104320 -0.023101 -0.994275 -0.409369
0.589850 -0.793507 0.149743 31.668627 -0.792551 -0.604411 -0.080926 0.866394 0.154722 -0.070944 -0.985408 -0.439201
0.641339 -0.746830 0.175867 31.839849 -0.739508 -0.662774 -0.117724 0.753640 0.204480 -0.054554 -0.977349 -0.392958
0.664168 -0.736790 0.126575 31.995819 -0.734481 -0.674667 -0.073227 0.665165 0.139349 -0.044332 -0.989250 -0.395601
0.693296 -0.710354 0.121402 32.169123 -0.708720 -0.702601 -0.063781 0.560999 0.130604 -0.041821 -0.990552 -0.423096
0.752084 -0.651255 0.101178 32.328146 -0.650567 -0.758160 -0.044229 0.445697 0.105513 -0.032559 -0.993885 -0.413933
0.792913 -0.601079 0.099971 32.476254 -0.607660 -0.792177 0.056619 0.297823 0.045162 -0.105642 -0.993378 -0.457589
0.803018 -0.578346 0.143798 32.637154 -0.591818 -0.802263 0.078268 0.177136 0.070098 -0.147953 -0.986507 -0.488069
0.817764 -0.559934 0.133180 32.820076 -0.575060 -0.804477 0.148740 0.050917 0.023855 -0.198220 -0.979867 -0.474755
0.795310 -0.593632 0.122812 33.058284 -0.605250 -0.788951 0.105970 -0.121613 0.033985 -0.158611 -0.986756 -0.455144
0.754249 -0.635601 0.164681 33.248695 -0.646852 -0.762345 0.020287 -0.241255 0.112649 -0.121825 -0.986138 -0.456773
0.736967 -0.663880 0.127058 33.431377 -0.666086 -0.745252 -0.030495 -0.375815 0.114935 -0.062158 -0.991426 -0.425344
0.749015 -0.658803 0.070392 33.628387 -0.656973 -0.752263 -0.049869 -0.575410 0.085807 -0.008893 -0.996272 -0.391429
0.739901 -0.648520 0.178797 33.858329 -0.654310 -0.755519 -0.032688 -0.720112 0.156284 -0.092803 -0.983343 -0.444316
0.786864 -0.603255 0.130110 34.079157 -0.605175 -0.795573 -0.028761 -0.835364 0.120862 -0.056108 -0.991082 -0.422470
0.772516 -0.628416 0.091175 34.274823 -0.626927 -0.777613 -0.047750 -0.967714 0.100906 -0.020273 -0.994689 -0.501375
0.739285 -0.659418 0.136472 34.457916 -0.658577 -0.750294 -0.057750 -1.129064 0.140475 -0.047184 -0.988959 -0.473833
0.738719 -0.666592 0.099743 34.656468 -0.667740 -0.743929 -0.026321 -1.299800 0.091747 -0.047159 -0.994665 -0.454549
0.756531 -0.648941 0.080846 34.900883 -0.647893 -0.760563 -0.042165 -1.516607 0.088851 -0.020480 -0.995834 -0.496395
0.792719 -0.605233 0.072726 35.118013 -0.601026 -0.795928 -0.072567 -1.698090 0.101805 0.013815 -0.994708 -0.477891
0.784131 -0.618765 0.047626 35.315559 -0.615116 -0.785091 -0.072555 -1.856794 0.082285 0.027597 -0.996227 -0.457044
0.755771 -0.646501 0.104153 35.491153 -0.638073 -0.762807 -0.104825 -2.078873 0.147218 0.012766 -0.989022 -0.438856
0.712497 -0.689363 0.130866 35.712052 -0.686711 -0.723380 -0.071762 -2.298081 0.144136 -0.038737 -0.988799 -0.482797
0.726177 -0.677540 0.116646 35.893076 -0.675393 -0.734749 -0.063151 -2.484393 0.128493 -0.032923 -0.991164 -0.493480
0.736046 -0.654114 0.174277 36.066674 -0.652382 -0.754146 -0.075248 -2.685930 0.180651 -0.058309 -0.981817 -0.548300
0.756101 -0.637037 0.149985 36.213058 -0.636680 -0.769037 -0.056744 -2.856600 0.151492 -0.052589 -0.987059 -0.514252
0.698310 -0.699293 0.152815 36.385875 -0.704902 -0.708933 -0.022975 -3.037354 0.124402 -0.091676 -0.987988 -0.516561
0.701366 -0.693790 0.163530 36.583150 -0.690214 -0.718323 -0.087276 -3.251520 0.178019 -0.051658 -0.982670 -0.527606
0.696297 -0.707980 0.118046 36.811181 -0.704459 -0.705602 -0.076575 -3.480123 0.137507 -0.029840 -0.990051 -0.565077
0.714964 -0.695445 0.071997 37.007958 -0.689479 -0.718392 -0.092360 -3.714043 0.115953 0.016394 -0.993119 -0.480144
0.742531 -0.665553 0.075409 37.182635 -0.661127 -0.746315 -0.076975 -3.881805 0.107510 0.007301 -0.994177 -0.470333
0.704977 -0.707694 0.046651 37.374803 -0.704907 -0.706414 -0.063913 -4.068921 0.078186 0.012173 -0.996864 -0.472217
0.675071 -0.725567 0.133537 37.519157 -0.714696 -0.688069 -0.125580 -4.260855 0.183000 -0.010663 -0.983055 -0.460261
0.663571 -0.736967 0.128657 37.700500 -0.737376 -0.673335 -0.053824 -4.457246 0.126296 -0.059153 -0.990227 -0.445641
0.683523 -0.719889 0.120650 37.863741 -0.722017 -0.691085 -0.033068 -4.639601 0.107185 -0.064509 -0.992144 -0.504691
0.715320 -0.675195 0.180081 38.055616 -0.675097 -0.734264 -0.071421 -4.803686 0.180450 -0.070483 -0.981056 -0.508989
0.716121 -0.683610 0.140883 38.236840 -0.683259 -0.727824 -0.058563 -4.976707 0.142573 -0.054322 -0.988293 -0.464515
0.720504 -0.681717 0.127027 38.462748 -0.673811 -0.731539 -0.104063 -5.198195 0.163867 -0.010615 -0.986425 -0.473177
0.693252 -0.711261 0.116234 38.632327 -0.699460 -0.702879 -0.129292 -5.426871 0.173659 0.008331 -0.984771 -0.459924
0.698273 -0.707323 0.110039 38.792888 -0.697850 -0.706880 -0.115441 -5.638325 0.159439 0.003819 -0.987200 -0.454248
0.715236 -0.684245 0.142291 38.977120 -0.677743 -0.728771 -0.097766 -5.875993 0.170593 -0.026511 -0.984985 -0.531799
0.759951 -0.634579 0.140656 39.165020 -0.626783 -0.772762 -0.099913 -6.126762 0.172096 -0.012232 -0.985004 -0.454814
0.740039 -0.668740 0.071621 39.315260 -0.658887 -0.742234 -0.122301 -6.356816 0.134947 0.043318 -0.989906 -0.447115
0.714550 -0.692333 0.100460 39.462838 -0.672562 -0.719356 -0.173746 -6.638726 0.192557 0.056585 -0.979653 -0.461999
0.699750 -0.704949 0.115741 39.591829 -0.687809 -0.708597 -0.157511 -6.882442 0.193051 0.030611 -0.980711 -0.438978
0.727065 -0.679035 0.101429 39.728502 -0.657432 -0.731151 -0.182213 -7.137927 0.197889 0.065798 -0.978014 -0.494831
0.705256 -0.681768 0.194437 39.858099 -0.662482 -0.731419 -0.161690 -7.370303 0.252450 -0.014778 -0.967497 -0.495561
0.714442 -0.668097 0.207892 40.014120 -0.652534 -0.743433 -0.146650 -7.585738 0.252530 -0.030884 -0.967096 -0.465131
0.690377 -0.689866 0.217863 40.203489 -0.671390 -0.723126 -0.162249 -7.845497 0.269472 -0.034258 -0.962399 -0.520165
0.659914 -0.707195 0.253750 40.346851 -0.701232 -0.700986 -0.129975 -8.063918 0.269793 -0.092166 -0.958498 -0.520880
0.654522 -0.704132 0.275317 40.495820 -0.705295 -0.699831 -0.113115 -8.326556 0.272323 -0.120144 -0.954676 -0.489129
0.699893 -0.673334 0.238267 40.638853 -0.664607 -0.736137 -0.128061 -8.541160 0.261625 -0.068725 -0.962720 -0.533677
0.747374 -0.637716 0.186416 40.788330 -0.637450 -0.767357 -0.069428 -8.723015 0.187323 -0.066942 -0.980015 -0.527362
0.772697 -0.627593 0.095220 40.955101 -0.622769 -0.778541 -0.077666 -8.930698 0.122875 0.000712 -0.992422 -0.535921
0.801670 -0.597694 0.009382 41.107752 -0.593317 -0.797515 -0.109293 -9.134384 0.072806 0.082050 -0.993965 -0.585370
0.863279 -0.494888 -0.099169 41.289416 -0.498133 -0.867049 -0.009436 -9.337373 -0.081314 0.057545 -0.995026 -0.602414
0.852965 -0.515819 -0.079885 41.442537 -0.516763 -0.856070 0.009980 -9.543533 -0.073535 0.032769 -0.996754 -0.648668
0.849038 -0.527286 0.033243 41.605875 -0.526269 -0.849601 -0.034911 -9.706353 0.046652 0.012146 -0.998837 -0.647716
0.857026 -0.513197 0.046201 41.783792 -0.514395 -0.857351 0.018614 -9.871803 0.030057 -0.039719 -0.998759 -0.611451
0.856900 -0.513504 0.045116 42.000909 -0.514706 -0.857127 0.020252 -10.019930 0.028271 -0.040575 -0.998776 -0.639056
0.853871 -0.508778 0.109766 42.185159 -0.506810 -0.860762 -0.047248 -10.177027 0.118521 -0.015287 -0.992834 -0.599459
0.893718 -0.442646 0.073028 42.424032 -0.437867 -0.896085 -0.072830 -10.356339 0.097677 0.033113 -0.994667 -0.595359
0.860309 -0.495891 0.118154 42.626663 -0.496833 -0.867530 -0.023444 -10.508914 0.114128 -0.038534 -0.992718 -0.647141
0.897943 -0.417101 0.140444 42.838902 -0.411454 -0.908852 -0.068505 -10.659823 0.156216 0.003727 -0.987716 -0.615599
0.904091 -0.414386 0.104427 43.056823 -0.405368 -0.908953 -0.097369 -10.788925 0.135267 0.045699 -0.989755 -0.597315
0.899680 -0.416118 0.131991 43.278725 -0.407832 -0.909008 -0.085891 -10.942771 0.155721 0.023444 -0.987523 -0.669451
0.892596 -0.437001 0.110918 43.479092 -0.432444 -0.899418 -0.063553 -11.112632 0.127534 0.008762 -0.991795 -0.620998
0.919883 -0.378828 0.101515 43.692725 -0.374567 -0.925326 -0.058922 -11.280206 0.116256 0.016177 -0.993088 -0.645315
0.915579 -0.362205 0.174707 43.903283 -0.353630 -0.932038 -0.079066 -11.465300 0.191472 0.010609 -0.981441 -0.723146
0.917579 -0.365304 0.156847 44.097951 -0.366431 -0.930168 -0.022723 -11.613615 0.154195 -0.036624 -0.987361 -0.688489
0.926117 -0.357871 0.119316 44.302926 -0.353183 -0.933686 -0.059096 -11.788432 0.132552 0.012589 -0.991096 -0.693716
0.920912 -0.366299 0.133214 44.513745 -0.362527 -0.930497 -0.052437 -11.937796 0.143163 -0.000004 -0.989699 -0.708232
0.944734 -0.308014 0.112270 44.750553 -0.304055 -0.951275 -0.051254 -12.113752 0.122587 0.014285 -0.992355 -0.654408
0.966256 -0.238040 0.098422 44.978646 -0.229474 -0.969063 -0.090880 -12.264839 0.117011 0.065228 -0.990986 -0.708974
0.970383 -0.206251 0.125767 45.199376 -0.199022 -0.977654 -0.067702 -12.383839 0.136920 0.040667 -0.989747 -0.706043
0.967686 -0.231597 0.099736 45.396821 -0.221793 -0.969920 -0.100309 -12.517493 0.119967 0.074947 -0.989945 -0.718582
0.950296 -0.285252 0.124779 45.623190 -0.273663 -0.956384 -0.102171 -12.655991 0.148481 0.062945 -0.986910 -0.749160
0.944871 -0.307593 0.112276 45.856532 -0.301006 -0.950903 -0.071965 -12.807106 0.128899 0.034201 -0.991068 -0.688398
0.943848 -0.296383 0.145972 46.103638 -0.291480 -0.955029 -0.054405 -12.940069 0.155532 0.008802 -0.987792 -0.697510
0.949720 -0.234931 0.206976 46.370925 -0.226878 -0.971937 -0.062169 -13.078370 0.215773 0.012085 -0.976369 -0.754246
0.962336 -0.197700 0.186612 46.602817 -0.195166 -0.980247 -0.032042 -13.179547 0.189260 -0.005585 -0.981911 -0.730929
0.963672 -0.192397 0.185258 46.820193 -0.189168 -0.981316 -0.035121 -13.307502 0.188554 -0.001200 -0.982062 -0.733332
0.955460 -0.200080 0.216942 47.000360 -0.198015 -0.979694 -0.031446 -13.430995 0.218829 -0.012913 -0.975678 -0.745122
0.968659 -0.175128 0.176151 47.217485 -0.177726 -0.984079 -0.001047 -13.558064 0.173530 -0.030293 -0.984363 -0.717788
0.991277 -0.093683 0.092696 47.501010 -0.090398 -0.995140 -0.039036 -13.701753 0.095902 0.030316 -0.994929 -0.762870
0.983717 -0.128341 0.125816 47.715245 -0.130472 -0.991413 0.008810 -13.816636 0.123605 -0.025082 -0.992015 -0.748721
0.982809 -0.160159 0.091844 47.917586 -0.162318 -0.986601 0.016490 -13.967342 0.087973 -0.031114 -0.995637 -0.634610
0.987865 -0.144200 0.057691 48.179622 -0.140116 -0.987693 -0.069506 -14.096437 0.067003 0.060579 -0.995912 -0.630706
0.987756 -0.151294 0.038066 48.473578 -0.147886 -0.985732 -0.080392 -14.230661 0.049685 0.073778 -0.996036 -0.667642
0.984186 -0.127453 0.123020 48.732933 -0.120549 -0.990766 -0.062051 -14.345092 0.129792 0.046240 -0.990462 -0.697229
0.979944 -0.105392 0.169119 48.970159 -0.106102 -0.994343 -0.004862 -14.411650 0.168675 -0.013179 -0.985584 -0.636287
0.983110 -0.104821 0.150023 49.220060 -0.105070 -0.994445 -0.006293 -14.491281 0.149849 -0.009576 -0.988663 -0.639128
0.980523 -0.105331 0.165772 49.460399 -0.117833 -0.990740 0.067455 -14.596394 0.157131 -0.085674 -0.983854 -0.730170
0.986173 -0.081076 0.144532 49.742343 -0.101628 -0.984778 0.141010 -14.699992 0.130899 -0.153749 -0.979401 -0.762793
0.986205 0.029468 0.162883 49.993446 0.010110 -0.992912 0.118423 -14.774964 0.165218 -0.115142 -0.979513 -0.787822
0.976680 0.053659 0.207886 50.246453 0.028157 -0.991915 0.123741 -14.853715 0.212845 -0.115002 -0.970294 -0.824771
0.981825 0.073575 0.174946 50.516709 0.044953 -0.985722 0.162271 -14.907818 0.184387 -0.151458 -0.971114 -0.786650
0.973537 0.033136 0.226113 50.787179 0.001573 -0.990380 0.138362 -14.956713 0.228523 -0.134345 -0.964224 -0.801184
0.926116 0.049269 0.374007 51.081177 0.020321 -0.996511 0.080952 -15.014829 0.376690 -0.067371 -0.923886 -0.838481
0.866044 0.233507 0.442088 51.362815 0.199762 -0.972198 0.122176 -15.077791 0.458326 -0.017497 -0.888612 -0.850702
0.722608 0.317568 0.613994 51.659162 0.247638 -0.948199 0.198981 -15.081877 0.645379 0.008262 -0.763818 -0.868813
0.715249 0.299516 0.631434 51.913252 0.255010 -0.953063 0.163218 -15.093197 0.650683 0.044280 -0.758057 -0.879674
0.767005 0.279166 0.577727 52.209922 0.268113 -0.957460 0.106705 -15.091275 0.582939 0.073052 -0.809225 -0.848467
0.802990 0.275172 0.528667 52.456776 0.292828 -0.954741 0.052169 -15.093147 0.519095 0.112917 -0.847225 -0.864936
0.875446 0.238101 0.420597 52.691898 0.258115 -0.966066 0.009642 -15.086780 0.408620 0.100121 -0.907196 -0.879020
0.905903 0.223452 0.359735 52.998591 0.254604 -0.966175 -0.041012 -15.072720 0.338403 0.128743 -0.932153 -0.901985
0.933242 0.242321 0.265217 53.236423 0.267412 -0.961559 -0.062415 -15.053387 0.239897 0.129171 -0.962166 -0.959848
0.960220 0.274584 0.050813 53.462766 0.277047 -0.959545 -0.050187 -15.011051 0.034977 0.062268 -0.997446 -0.974680
0.931016 0.364150 -0.024574 53.717719 0.362459 -0.930389 -0.054772 -14.961303 -0.042808 0.042087 -0.998196 -0.971498
0.915625 0.399027 0.049073 53.979219 0.401696 -0.913017 -0.071003 -14.951719 0.016473 0.084724 -0.996268 -0.971351
0.974518 0.224281 0.003706 54.230207 0.224280 -0.974525 0.000574 -14.915478 0.003740 0.000272 -0.999993 -0.941801
0.982968 0.181462 0.029074 54.493913 0.180887 -0.983272 0.021351 -14.875664 0.032463 -0.015728 -0.999349 -0.961465
0.972399 0.227885 0.050088 54.741989 0.222965 -0.970817 0.088325 -14.812751 0.068754 -0.074719 -0.994832 -0.983148
0.908577 0.416042 -0.037380 55.004430 0.417348 -0.907897 0.039293 -14.713675 -0.017589 -0.051301 -0.998528 -0.909129
0.917364 0.394258 0.054815 55.283856 0.387933 -0.916380 0.098773 -14.669932 0.089174 -0.069346 -0.993599 -0.910833
0.883870 0.401372 0.240157 55.583423 0.374868 -0.914947 0.149484 -14.644074 0.279729 -0.042097 -0.959156 -0.897855
0.898376 0.376661 0.225934 55.843346 0.348994 -0.924467 0.153507 -14.598500 0.266688 -0.059057 -0.961972 -0.857208
0.913496 0.359437 0.190604 56.071595 0.340716 -0.931896 0.124426 -14.579161 0.222346 -0.048721 -0.973750 -0.927294
0.922668 0.372497 0.099649 56.313417 0.364531 -0.926880 0.089507 -14.495862 0.125704 -0.046260 -0.990989 -0.895951
0.937732 0.346439 0.025266 56.547251 0.342818 -0.934745 0.093425 -14.384525 0.055983 -0.078946 -0.995306 -0.894968
0.905207 0.414254 0.094836 56.832199 0.408398 -0.909681 0.075437 -14.299347 0.117521 -0.029555 -0.992631 -0.958302
0.887229 0.439677 0.139674 57.088609 0.439697 -0.897562 0.032405 -14.231893 0.139613 0.032664 -0.989667 -0.925628
0.862502 0.495693 0.101878 57.385951 0.503623 -0.860492 -0.076920 -14.174100 0.049537 0.117652 -0.991819 -0.933131
0.885314 0.452564 0.106796 57.631022 0.456366 -0.889698 -0.012932 -14.101864 0.089163 0.060187 -0.994197 -0.971402
0.862008 0.500815 0.078271 57.891155 0.493428 -0.864400 0.096651 -14.023421 0.116062 -0.044693 -0.992236 -0.886318
0.836191 0.526562 0.153350 58.174566 0.523770 -0.849643 0.061411 -13.910165 0.162630 0.028969 -0.986262 -0.915852
0.820269 0.517514 0.243593 58.422354 0.502018 -0.855483 0.126990 -13.842176 0.274109 0.018122 -0.961528 -1.062368
0.836806 0.501877 0.218803 58.682447 0.482708 -0.864885 0.137718 -13.799925 0.258357 -0.009626 -0.966002 -1.028284
0.835565 0.537127 0.115438 58.961157 0.532117 -0.843501 0.073195 -13.714621 0.136687 0.000268 -0.990614 -0.990864
0.845545 0.525944 0.091854 59.198990 0.516206 -0.849256 0.110886 -13.641148 0.136327 -0.046343 -0.989579 -1.000374
0.864025 0.499357 0.064062 59.489784 0.494910 -0.865802 0.073830 -13.602968 0.092333 -0.032086 -0.995211 -0.981574
0.897710 0.438375 0.044097 59.767220 0.437154 -0.898712 0.034821 -13.548052 0.054895 -0.011982 -0.998420 -1.018269
0.920506 0.388670 0.040060 60.030460 0.387010 -0.921052 0.043429 -13.519456 0.053777 -0.024473 -0.998253 -1.043710
0.913088 0.403779 0.056861 60.334396 0.399564 -0.913810 0.072805 -13.533278 0.081357 -0.043758 -0.995724 -1.108992
0.922770 0.383551 0.037204 60.573566 0.377434 -0.919059 0.113461 -13.466757 0.077711 -0.090657 -0.992846 -1.150406
0.914376 0.404862 -0.001707 60.816642 0.398842 -0.900040 0.175651 -13.311088 0.069578 -0.161292 -0.984451 -1.034428
0.898200 0.438848 0.025481 61.066324 0.437660 -0.898181 0.041535 -13.226781 0.041114 -0.026155 -0.998812 -1.042828
0.914502 0.393566 0.093767 61.314231 0.377598 -0.913492 0.151502 -13.165837 0.145281 -0.103143 -0.983999 -1.078300
0.909181 0.405601 0.094224 61.591292 0.385891 -0.905730 0.175329 -13.076815 0.156455 -0.123046 -0.979991 -1.041709
0.943632 0.328319 0.042023 61.845288 0.311050 -0.922995 0.226559 -13.013765 0.113170 -0.200717 -0.973091 -1.077978
0.915802 0.397006 0.060766 62.104301 0.375352 -0.899859 0.222181 -12.989643 0.142888 -0.180665 -0.973110 -1.225395
0.913158 0.407480 0.010153 62.325130 0.395270 -0.891328 0.222029 -12.909523 0.099522 -0.198734 -0.974987 -1.199315
0.900111 0.430032 0.069808 62.631903 0.414625 -0.894769 0.165754 -12.824034 0.133741 -0.120253 -0.983693 -1.078863
0.897592 0.421806 0.128095 62.899783 0.407713 -0.904840 0.122619 -12.755157 0.167627 -0.057836 -0.984153 -1.075370
0.894603 0.438784 0.084584 63.156631 0.431347 -0.897375 0.093044 -12.635237 0.116730 -0.046752 -0.992063 -1.068530
0.861799 0.475879 0.175620 63.402838 0.465696 -0.879507 0.097952 -12.547159 0.201072 -0.002629 -0.979573 -1.089028
0.846560 0.484843 0.219690 63.681965 0.466238 -0.874538 0.133441 -12.514740 0.256825 -0.010538 -0.966400 -1.041372
0.821298 0.516043 0.243247 63.980683 0.513132 -0.854540 0.080354 -12.404760 0.249331 0.058823 -0.966630 -1.100436
0.840186 0.474354 0.262825 64.250079 0.478376 -0.876566 0.052800 -12.343504 0.255429 0.081367 -0.963398 -1.098555
0.823410 0.522211 0.222017 64.485972 0.536480 -0.843900 -0.004726 -12.306184 0.184892 0.122999 -0.975031 -1.080164
0.811897 0.550082 0.195535 64.802156 0.548875 -0.833346 0.065350 -12.268378 0.198896 0.054267 -0.978517 -1.157470
0.791670 0.592615 0.148544 65.046869 0.587114 -0.805205 0.083320 -12.190480 0.168985 0.021250 -0.985390 -1.144105
0.778158 0.609862 0.150127 65.371464 0.601850 -0.792401 0.099388 -12.106026 0.179574 0.013014 -0.983658 -1.097779
0.786204 0.595903 0.163654 65.634749 0.584530 -0.803044 0.115954 -12.059789 0.200518 0.004497 -0.979680 -1.126448
0.772810 0.618809 0.140855 65.930211 0.621078 -0.783070 0.032622 -12.034941 0.130486 0.062271 -0.989493 -1.129363
0.776108 0.620518 0.112315 66.186850 0.620283 -0.783290 0.041303 -12.004997 0.113605 0.037611 -0.992814 -1.163506
0.750823 0.649899 0.117882 66.433464 0.646951 -0.759578 0.067047 -11.962004 0.133115 0.025923 -0.990762 -1.211275
0.755937 0.647920 0.093590 66.684708 0.645238 -0.761570 0.060659 -11.887790 0.110578 0.014534 -0.993761 -1.192291
0.751294 0.637907 0.169209 66.946480 0.640849 -0.766410 0.043922 -11.820045 0.157702 0.075439 -0.984601 -1.226197
0.783720 0.605156 0.139890 67.237257 0.605739 -0.794484 0.043293 -11.771141 0.137339 0.050807 -0.989220 -1.198206
0.769603 0.630021 0.103848 67.503626 0.630721 -0.775425 0.030126 -11.698468 0.099507 0.042314 -0.994137 -1.208326
0.747033 0.647135 0.152177 67.759802 0.651191 -0.758384 0.028361 -11.604640 0.133762 0.077910 -0.987946 -1.219539
0.753859 0.642388 0.137968 68.013519 0.642813 -0.764551 0.047463 -11.527477 0.135973 0.052907 -0.989299 -1.194921
0.777770 0.605177 0.169805 68.291973 0.608329 -0.792732 0.038888 -11.467147 0.158144 0.073051 -0.984710 -1.205819
0.780125 0.587644 0.214662 68.544468 0.596682 -0.802020 0.027097 -11.416148 0.188087 0.106946 -0.976312 -1.233056
0.802121 0.570459 0.176577 68.819465 0.571803 -0.818967 0.048316 -11.379496 0.172173 0.062212 -0.983100 -1.222202
0.828536 0.534082 0.168179 69.100179 0.527800 -0.845214 0.083910 -11.347408 0.186962 0.019243 -0.982179 -1.244874
0.850102 0.493678 0.183328 69.343994 0.476581 -0.869314 0.131011 -11.298234 0.224047 -0.024002 -0.974283 -1.261473
0.868739 0.471089 0.152868 69.630276 0.458764 -0.881718 0.110041 -11.233977 0.186625 -0.025467 -0.982101 -1.237577
0.893120 0.413756 0.176471 69.904721 0.396152 -0.909341 0.127130 -11.173777 0.213073 -0.043633 -0.976061 -1.282989
0.926709 0.337268 0.165715 70.180227 0.324711 -0.940658 0.098613 -11.143523 0.189140 -0.037576 -0.981231 -1.287389
0.926113 0.345809 0.150765 70.474005 0.346018 -0.937876 0.025698 -11.108376 0.150285 0.028368 -0.988236 -1.286438
0.915525 0.345540 0.205953 70.762487 0.349524 -0.936756 0.017913 -11.062562 0.199118 0.055585 -0.978398 -1.332103
0.934782 0.320839 0.152463 71.021957 0.312481 -0.946831 0.076597 -10.999360 0.168932 -0.023959 -0.985336 -1.321224
0.921176 0.359412 0.149190 71.311735 0.365356 -0.930768 -0.013597 -10.950684 0.133975 0.067033 -0.988715 -1.324480
0.943988 0.292966 0.151847 71.569229 0.294601 -0.955543 0.012125 -10.918031 0.148649 0.033289 -0.988330 -1.374567
0.951323 0.282857 0.122377 71.866514 0.278993 -0.959093 0.047991 -10.884799 0.130946 -0.011512 -0.991323 -1.355786
0.938828 0.320599 0.125775 72.132081 0.315122 -0.947037 0.061804 -10.845167 0.138928 -0.018389 -0.990132 -1.389074
0.932129 0.349620 0.094347 72.387872 0.346890 -0.936851 0.044468 -10.805026 0.103936 -0.008721 -0.994546 -1.444038
0.936388 0.343499 0.072018 72.644976 0.343659 -0.939035 0.010553 -10.734453 0.071252 0.014867 -0.997348 -1.424397
0.949575 0.297419 0.099241 72.931942 0.294187 -0.954636 0.046089 -10.671705 0.108447 -0.014570 -0.993995 -1.440898
0.958796 0.244113 0.145323 73.197899 0.234969 -0.968921 0.077336 -10.602259 0.159685 -0.040003 -0.986357 -1.434919
0.962150 0.244798 0.119753 73.465125 0.234195 -0.967438 0.095999 -10.527335 0.139354 -0.064320 -0.988151 -1.431584
0.956841 0.271483 0.103693 73.721888 0.259584 -0.958844 0.115042 -10.463351 0.130657 -0.083160 -0.987934 -1.485838
0.957901 0.275356 0.081273 73.959999 0.264215 -0.956240 0.125682 -10.371643 0.112324 -0.098917 -0.988736 -1.472178
0.952157 0.271601 0.140105 74.260723 0.267312 -0.962366 0.048944 -10.272131 0.148125 -0.009151 -0.988926 -1.436940
0.959434 0.219325 0.177151 74.510031 0.203097 -0.973482 0.105283 -10.210028 0.195545 -0.065034 -0.978536 -1.478022
0.974319 0.189040 0.122334 74.785796 0.177305 -0.978992 0.100686 -10.161393 0.138798 -0.076410 -0.987369 -1.475300
0.965832 0.216461 0.142521 75.063362 0.203288 -0.973849 0.101446 -10.091422 0.160753 -0.069007 -0.984579 -1.511082
0.964812 0.211328 0.156453 75.351136 0.191603 -0.972544 0.132085 -10.016959 0.180071 -0.097460 -0.978814 -1.546312
0.960677 0.207340 0.184686 75.602930 0.188359 -0.975323 0.115177 -9.931337 0.204010 -0.075861 -0.976025 -1.499894
0.972814 0.135976 0.187465 75.902239 0.106440 -0.981438 0.159530 -9.855452 0.205677 -0.135239 -0.969230 -1.506693
0.969203 0.114646 0.217950 76.170600 0.083424 -0.985547 0.147439 -9.772484 0.231703 -0.124716 -0.964759 -1.500601
0.967566 0.159814 0.195641 76.443386 0.135563 -0.981976 0.131707 -9.700774 0.213163 -0.100913 -0.971791 -1.456671
0.963424 0.179820 0.198694 76.706142 0.137379 -0.968015 0.209940 -9.602887 0.230091 -0.174965 -0.957312 -1.513184
0.975642 0.177464 0.128954 76.985708 0.145762 -0.963748 0.223481 -9.515680 0.163939 -0.199240 -0.966140 -1.527081
0.972658 0.151038 0.176421 77.253665 0.126002 -0.981311 0.145440 -9.440150 0.195091 -0.119234 -0.973511 -1.534239
0.981049 0.084416 0.174403 77.515376 0.057424 -0.986340 0.154390 -9.390665 0.185054 -0.141449 -0.972495 -1.601286
0.990391 0.032617 0.134392 77.789941 0.011873 -0.988255 0.152354 -9.365559 0.137783 -0.149295 -0.979146 -1.578290
0.992049 0.047512 0.116536 78.080347 0.023470 -0.979599 0.199585 -9.369690 0.123641 -0.195263 -0.972926 -1.599875
0.990371 0.074431 0.116731 78.339945 0.046577 -0.973165 0.225343 -9.351874 0.130371 -0.217736 -0.967261 -1.623651
0.989148 0.051035 0.137776 78.613109 0.023232 -0.980265 0.196320 -9.357124 0.145077 -0.190989 -0.970812 -1.584711
0.970864 0.059009 0.232251 78.899517 0.012222 -0.980138 0.197939 -9.369956 0.239318 -0.189334 -0.952302 -1.613010
0.969691 -0.012994 0.243990 79.193101 -0.066998 -0.974451 0.214374 -9.492867 0.234971 -0.224224 -0.945787 -1.615707
0.970981 -0.040559 0.235694 79.476449 -0.087295 -0.977624 0.191394 -9.553784 0.222657 -0.206414 -0.952794 -1.611212
