0.984153 0.080168 -0.158166 0.030950 0.088414 -0.995030 0.045799 0.032092 -0.153708 -0.059057 -0.986350 0.008346
0.982083 0.116615 -0.148032 0.092268 0.122377 -0.992018 0.030404 0.044793 -0.143304 -0.047975 -0.988515 -0.033413
0.975037 0.171764 -0.140709 0.102020 0.171953 -0.985045 -0.010911 0.016282 -0.140479 -0.013557 -0.989991 -0.052195
0.964663 0.224273 -0.138298 0.039021 0.223563 -0.974466 -0.020849 0.039063 -0.139442 -0.010806 -0.990171 -0.017692
0.950493 0.279597 -0.135608 0.076524 0.278903 -0.960007 -0.024476 0.164584 -0.137028 -0.014557 -0.990460 0.045410
0.943619 0.318223 -0.091202 0.052354 0.318914 -0.947756 -0.007276 0.158206 -0.088752 -0.022220 -0.995806 0.048474
0.940605 0.336274 -0.046707 0.086632 0.335533 -0.941744 -0.023126 0.133334 -0.051762 0.006081 -0.998641 0.054887
0.941985 0.335301 -0.015396 0.084873 0.335351 -0.942093 0.000758 0.130163 -0.014250 -0.005877 -0.999881 -0.054485
0.934708 0.355050 0.016159 0.139982 0.354271 -0.934377 0.037831 0.225100 0.028530 -0.029636 -0.999154 -0.046324
0.930587 0.365257 0.024381 0.198609 0.361273 -0.927101 0.099825 0.289027 0.059066 -0.084088 -0.994706 -0.004572
0.924997 0.378267 0.035974 0.251708 0.372628 -0.921566 0.108930 0.352505 0.074357 -0.087355 -0.993398 -0.043130
0.927426 0.367633 0.068757 0.366068 0.357457 -0.925360 0.126225 0.385945 0.110030 -0.092487 -0.989616 -0.029590
0.919027 0.378140 0.111352 0.493884 0.372372 -0.925477 0.069507 0.431334 0.129338 -0.022415 -0.991347 -0.012402
0.915857 0.386700 0.108027 0.668288 0.389353 -0.921081 -0.003792 0.451607 0.098035 0.045533 -0.994141 -0.015520
0.922003 0.375911 0.092748 0.818950 0.376841 -0.926244 0.007939 0.459965 0.088892 0.027631 -0.995658 -0.108627
0.920958 0.379086 0.090165 1.068517 0.379544 -0.925087 0.012683 0.608515 0.088218 0.022541 -0.995846 -0.104710
0.939221 0.340740 0.041953 1.309423 0.339419 -0.939961 0.035602 0.709697 0.051565 -0.019198 -0.998485 -0.088922
0.950049 0.309561 0.039734 1.542767 0.310395 -0.950460 -0.016750 0.797276 0.032580 0.028246 -0.999070 -0.100198
0.962175 0.240166 0.128610 1.800207 0.252325 -0.963606 -0.088290 0.817408 0.102725 0.117402 -0.987757 -0.100232
0.943116 0.272106 0.191023 2.118030 0.296794 -0.948000 -0.114934 0.826307 0.149815 0.165091 -0.974834 -0.018412
0.939914 0.246772 0.235935 2.377263 0.258714 -0.965735 -0.020566 0.912363 0.222776 0.080370 -0.971551 -0.057634
0.933777 0.276181 0.227561 2.644408 0.270419 -0.961068 0.056765 1.044097 0.234380 0.008531 -0.972108 0.037097
0.933125 0.311148 0.180180 2.838764 0.318454 -0.947857 -0.012394 1.057569 0.166929 0.068945 -0.983556 -0.090318
0.941997 0.278955 0.186617 3.060761 0.274295 -0.960299 0.050880 1.017304 0.193401 0.003259 -0.981114 -0.051477
0.947321 0.288316 0.139486 3.401072 0.282789 -0.957404 0.058375 1.138723 0.150375 -0.015854 -0.988502 0.059954
0.931858 0.342915 0.118531 3.646883 0.336249 -0.938946 0.072915 1.175041 0.136298 -0.028091 -0.990270 0.014858
0.899899 0.410223 0.147982 3.869962 0.401746 -0.911832 0.084630 1.185328 0.169652 -0.016707 -0.985362 0.021249
0.885189 0.454117 0.101081 4.129789 0.449082 -0.890799 0.069294 1.256731 0.121510 -0.015944 -0.992462 0.041398
0.877040 0.474763 0.073494 4.400854 0.472330 -0.880078 0.048654 1.266981 0.087780 -0.007958 -0.996108 0.010532
0.883645 0.457362 0.099959 4.661442 0.454266 -0.889279 0.053151 1.287965 0.113201 -0.001559 -0.993571 -0.053380
0.872364 0.482133 0.080798 4.968814 0.480417 -0.876092 0.040773 1.302510 0.090444 0.003247 -0.995896 0.017433
0.848362 0.506806 0.153070 5.246541 0.507943 -0.860698 0.034541 1.352895 0.149253 0.048447 -0.987611 -0.036249
0.853462 0.508244 0.115285 5.540437 0.505254 -0.861150 0.056028 1.437763 0.127753 0.010430 -0.991751 0.026447
0.874608 0.477190 0.085728 5.745637 0.474196 -0.878777 0.053750 1.513064 0.100985 -0.006359 -0.994868 -0.054213
0.880475 0.454616 0.134493 6.007178 0.441970 -0.889742 0.114113 1.542386 0.171541 -0.041032 -0.984322 -0.070505
0.880050 0.463502 0.103334 6.307647 0.452854 -0.884623 0.111195 1.668334 0.142950 -0.051062 -0.988412 -0.022005
0.857249 0.490647 0.156171 6.546660 0.488666 -0.870827 0.053537 1.700144 0.162266 0.030421 -0.986278 -0.045658
0.846193 0.505753 0.167842 6.845534 0.506457 -0.861251 0.041821 1.670683 0.165705 0.049616 -0.984926 0.049354
0.861836 0.492462 0.121323 7.047168 0.491485 -0.869969 0.039955 1.762837 0.125224 0.025194 -0.991809 -0.075215
0.864296 0.478254 0.155771 7.253138 0.474771 -0.877971 0.061313 1.829980 0.166086 0.020963 -0.985889 -0.116172
0.883653 0.441260 0.156354 7.540587 0.428562 -0.896897 0.109136 1.872764 0.188391 -0.029431 -0.981653 -0.036819
0.869706 0.473018 0.140943 7.813154 0.457902 -0.879843 0.127290 1.941738 0.184218 -0.046167 -0.981801 0.021736
0.845755 0.506164 0.168810 7.968978 0.488784 -0.861846 0.135320 2.028146 0.213982 -0.031936 -0.976315 -0.122335
0.838189 0.526118 0.143665 8.249016 0.509909 -0.849444 0.135790 2.134350 0.193477 -0.040561 -0.980266 0.018007
0.850921 0.513205 0.112045 8.404630 0.502567 -0.857433 0.110613 2.152327 0.152838 -0.037813 -0.987528 -0.033534
0.863373 0.475772 0.168012 8.603876 0.458640 -0.878803 0.131735 2.163419 0.210325 -0.036680 -0.976943 -0.023253
0.880108 0.451063 0.148159 8.897004 0.435873 -0.891358 0.124483 2.237734 0.188212 -0.044980 -0.981098 0.049297
0.874422 0.468810 0.124914 9.140698 0.459195 -0.882821 0.098833 2.263882 0.156611 -0.029062 -0.987233 -0.001676
0.860451 0.484254 0.158499 9.322852 0.472208 -0.874722 0.108999 2.347197 0.191426 -0.018943 -0.981324 -0.069302
0.858290 0.495255 0.134391 9.536018 0.479787 -0.867364 0.132227 2.401977 0.182052 -0.049010 -0.982067 0.073892
0.840232 0.516643 0.164593 9.761063 0.502923 -0.856018 0.119594 2.535803 0.202682 -0.017709 -0.979085 -0.002825
0.829911 0.515880 0.212402 10.039136 0.480245 -0.854354 0.198603 2.580944 0.283922 -0.062818 -0.956788 0.112292
0.847852 0.507272 0.154344 10.304442 0.467798 -0.852664 0.232656 2.654204 0.249623 -0.125056 -0.960234 0.104271
0.837629 0.524928 0.151091 10.523062 0.485223 -0.842068 0.235542 2.732157 0.250872 -0.123984 -0.960048 -0.028441
0.821588 0.549107 0.153212 10.724141 0.520430 -0.832135 0.191581 2.785436 0.232692 -0.077665 -0.969445 0.024699
0.848181 0.523900 0.078217 10.916130 0.510218 -0.847704 0.145173 2.782127 0.142361 -0.083225 -0.986310 0.030324
0.838342 0.537809 0.089131 11.097386 0.525480 -0.840745 0.130455 2.810210 0.145096 -0.062529 -0.987440 -0.060226
0.857030 0.514923 0.018816 11.360226 0.511579 -0.854690 0.088269 2.882750 0.061533 -0.066023 -0.995919 -0.072213
0.829272 0.557147 -0.043526 11.620595 0.558840 -0.827072 0.060418 2.920772 -0.002338 -0.074428 -0.997224 -0.037987
0.801227 0.598080 -0.018307 11.812267 0.598005 -0.799323 0.058923 2.988150 0.020607 -0.058159 -0.998095 -0.107191
0.793045 0.606942 -0.051962 11.996133 0.608969 -0.792055 0.042494 3.102938 -0.015366 -0.065343 -0.997745 -0.101446
0.800425 0.594821 -0.074215 12.205600 0.594604 -0.803552 -0.027407 3.176906 -0.075938 -0.022191 -0.996866 -0.048420
0.823047 0.566804 -0.036443 12.457089 0.566971 -0.823712 -0.006562 3.188013 -0.033738 -0.015261 -0.999314 -0.065945
0.831428 0.553002 -0.054005 12.692135 0.554223 -0.832311 0.009754 3.239678 -0.039555 -0.038041 -0.998493 -0.061091
0.823417 0.565575 -0.045933 12.981075 0.567142 -0.822898 0.034484 3.307463 -0.018294 -0.054445 -0.998349 -0.023775
0.795441 0.605963 0.009113 13.214764 0.604485 -0.794394 0.059466 3.417829 0.043274 -0.041793 -0.998189 -0.007231
0.810727 0.581689 -0.066036 13.451252 0.585044 -0.809098 0.055533 3.529087 -0.021127 -0.083656 -0.996271 0.017208
0.801217 0.594690 -0.066298 13.678753 0.593739 -0.803880 -0.035374 3.596320 -0.074332 -0.011022 -0.997173 -0.030327
0.853991 0.517292 -0.055758 13.956754 0.518815 -0.854728 0.016486 3.610356 -0.039130 -0.043008 -0.998308 -0.108634
0.869349 0.491355 -0.052937 14.278396 0.493161 -0.869470 0.028540 3.661683 -0.032003 -0.050918 -0.998190 -0.061553
0.894258 0.447496 -0.007073 14.488329 0.447486 -0.893743 0.031319 3.712238 0.007694 -0.031172 -0.999484 -0.090025
0.885318 0.463088 -0.041970 14.752146 0.464853 -0.883607 0.056122 3.768513 -0.011096 -0.069195 -0.997541 -0.094731
0.885177 0.459368 -0.073771 14.934668 0.463545 -0.884347 0.055286 3.843528 -0.039843 -0.083134 -0.995742 -0.064127
0.880448 0.472469 -0.039797 15.162347 0.474065 -0.878712 0.055920 3.890676 -0.008550 -0.068101 -0.997642 -0.085839
0.886739 0.459755 -0.048166 15.411939 0.461287 -0.886830 0.027322 3.907823 -0.030154 -0.046445 -0.998466 -0.103152
0.898392 0.431576 -0.081454 15.672089 0.437419 -0.895899 0.077654 3.952816 -0.039461 -0.105393 -0.993647 -0.068181
0.867981 0.495576 -0.031837 15.857324 0.496276 -0.867941 0.019712 4.001270 -0.017864 -0.032909 -0.999299 -0.123566
0.853235 0.518808 -0.053177 16.137246 0.521356 -0.851114 0.061586 4.099971 -0.013309 -0.080272 -0.996684 -0.085047
0.847906 0.528412 -0.042853 16.344160 0.529615 -0.840664 0.113107 4.217505 0.023742 -0.118599 -0.992658 -0.033244
0.880097 0.474743 0.006882 16.570264 0.471982 -0.876369 0.095968 4.285701 0.051591 -0.081213 -0.995361 -0.036724
0.887987 0.459107 -0.026447 16.813787 0.459868 -0.886472 0.051854 4.355763 0.000362 -0.058207 -0.998304 -0.053816
0.886338 0.462807 -0.014645 17.107077 0.463025 -0.885622 0.035801 4.406874 0.003598 -0.038513 -0.999252 -0.097819
0.877474 0.478036 -0.038990 17.336365 0.479624 -0.874510 0.072061 4.478956 0.000351 -0.081932 -0.996638 -0.103548
0.874442 0.482854 -0.046937 17.614903 0.484462 -0.874217 0.032265 4.603283 -0.025454 -0.050953 -0.998377 -0.133231
0.879695 0.474655 -0.028971 17.868125 0.475537 -0.877910 0.056025 4.683309 0.001159 -0.063062 -0.998009 -0.160430
0.902518 0.426055 -0.062753 18.116484 0.428644 -0.902777 0.035470 4.755747 -0.041539 -0.058911 -0.997399 -0.146269
0.913341 0.404615 -0.045761 18.430398 0.407052 -0.910209 0.076336 4.801576 -0.010765 -0.088348 -0.996032 -0.180474
0.920696 0.390126 -0.010985 18.706997 0.389206 -0.915710 0.099973 4.888226 0.028943 -0.096320 -0.994930 -0.184571
0.925745 0.373980 -0.055994 18.999262 0.377336 -0.923273 0.072005 5.008414 -0.024769 -0.087787 -0.995831 -0.170514
0.924634 0.378417 -0.043050 19.245091 0.380280 -0.923539 0.049634 5.103747 -0.020976 -0.062264 -0.997839 -0.210295
0.934790 0.354598 -0.020671 19.485515 0.355189 -0.933634 0.046568 5.178127 -0.002787 -0.050874 -0.998701 -0.196025
0.946572 0.319784 -0.041712 19.786556 0.320971 -0.946742 0.025639 5.239677 -0.031292 -0.037657 -0.998801 -0.149850
0.946185 0.322628 -0.025419 20.068209 0.323339 -0.945735 0.032201 5.287660 -0.013650 -0.038686 -0.999158 -0.236942
0.941882 0.334239 -0.033790 20.349351 0.335902 -0.938552 0.079307 5.355274 -0.005207 -0.086048 -0.996277 -0.274149
0.957925 0.285668 -0.027811 20.622627 0.286938 -0.955446 0.069208 5.429188 -0.006802 -0.074276 -0.997215 -0.279145
0.968385 0.249455 -0.001530 20.950572 0.248792 -0.965326 0.079040 5.503654 0.018240 -0.076922 -0.996870 -0.286886
0.984153 0.175450 -0.025714 21.227279 0.176392 -0.983480 0.040660 5.502828 -0.018156 -0.044551 -0.998842 -0.261720
0.993224 0.115344 -0.014195 21.528225 0.115934 -0.991881 0.052253 5.492327 -0.008053 -0.053545 -0.998533 -0.271300
0.994016 0.106414 0.024659 21.796904 0.104360 -0.991830 0.073369 5.485235 0.032265 -0.070357 -0.997000 -0.364129
0.994578 0.103814 0.006067 22.047497 0.103059 -0.991781 0.075824 5.510159 0.013888 -0.074787 -0.997103 -0.337140
0.998202 0.059732 -0.004887 22.355369 0.059932 -0.994753 0.082910 5.546119 0.000091 -0.083054 -0.996545 -0.324325
0.999983 0.004347 0.003841 22.633950 0.004085 -0.997829 0.065732 5.524086 0.004118 -0.065715 -0.997830 -0.382527
0.998058 -0.058179 -0.022245 22.891306 -0.056536 -0.996050 0.068463 5.464298 -0.026140 -0.067072 -0.997406 -0.439650
0.998914 -0.045936 -0.007848 23.145529 -0.045790 -0.998792 0.017833 5.423783 -0.008658 -0.017454 -0.999810 -0.467706
0.998400 -0.055035 0.012988 23.401494 -0.055420 -0.997968 0.031434 5.365741 0.011231 -0.032103 -0.999421 -0.480186
0.997182 -0.075025 -0.000042 23.694770 -0.074926 -0.995903 0.050620 5.319826 -0.003840 -0.050474 -0.998718 -0.356628
0.994066 -0.106213 0.023472 23.919698 -0.107217 -0.993137 0.046725 5.263910 0.018348 -0.048964 -0.998632 -0.395529
0.983798 -0.178263 0.019068 24.189126 -0.179024 -0.982505 0.051335 5.183555 0.009583 -0.053917 -0.998499 -0.430478
0.977436 -0.210926 -0.011384 24.436870 -0.210436 -0.977010 0.034188 5.080773 -0.018333 -0.031021 -0.999351 -0.462892
0.974360 -0.223768 -0.023448 24.635051 -0.221838 -0.972857 0.065853 4.991313 -0.037548 -0.058963 -0.997554 -0.577699
0.965708 -0.259409 -0.010693 24.852797 -0.257201 -0.961484 0.096933 4.911084 -0.035426 -0.090859 -0.995233 -0.560417
0.956998 -0.289379 0.020358 25.071276 -0.289815 -0.950647 0.110806 4.830145 -0.012712 -0.111941 -0.993634 -0.586676
0.950072 -0.309367 0.040695 25.298505 -0.311438 -0.948208 0.062511 4.722128 0.019249 -0.072064 -0.997214 -0.517349
0.923540 -0.381247 0.041529 25.485601 -0.383502 -0.918190 0.099265 4.605717 0.000287 -0.107602 -0.994194 -0.503450
0.932818 -0.360332 -0.003270 25.698621 -0.356461 -0.924051 0.138075 4.435508 -0.052774 -0.127634 -0.990416 -0.519546
0.935732 -0.337278 0.103196 25.884530 -0.348684 -0.928659 0.126541 4.286133 0.053154 -0.154391 -0.986579 -0.478027
0.921377 -0.370255 0.118217 26.111850 -0.382564 -0.917637 0.107645 4.175270 0.068624 -0.144407 -0.987136 -0.412105
0.895081 -0.434947 0.098244 26.300288 -0.440762 -0.896380 0.047231 4.041728 0.067521 -0.085578 -0.994041 -0.434507
0.871932 -0.483121 0.079553 26.494810 -0.484151 -0.874956 -0.007077 3.865065 0.073024 -0.032345 -0.996806 -0.422445
0.867221 -0.495537 0.048698 26.686047 -0.496044 -0.868295 -0.001894 3.721244 0.043223 -0.022514 -0.998812 -0.402604
0.875836 -0.477758 0.068261 26.921344 -0.477426 -0.878393 -0.022153 3.540692 0.070544 -0.013188 -0.997422 -0.480597
0.878375 -0.464006 0.114699 27.134114 -0.471381 -0.880665 0.047211 3.381584 0.079105 -0.095536 -0.992278 -0.455330
0.867256 -0.484215 0.115770 27.333755 -0.492306 -0.868713 0.054518 3.276722 0.074173 -0.104275 -0.991779 -0.419467
0.875137 -0.475745 0.088330 27.508916 -0.471135 -0.879391 -0.068586 3.148820 0.110306 0.018407 -0.993727 -0.442389
0.861775 -0.500641 0.081862 27.684921 -0.489402 -0.862966 -0.125597 3.010815 0.133523 0.068173 -0.988698 -0.422786
0.882926 -0.468542 0.030175 27.927812 -0.462570 -0.879082 -0.115084 2.821765 0.080448 0.087653 -0.992897 -0.350690
0.862125 -0.497576 0.095706 28.165831 -0.489155 -0.866566 -0.098948 2.640912 0.132170 0.038491 -0.990479 -0.419824
0.869290 -0.484030 0.100249 28.363946 -0.480518 -0.875048 -0.058260 2.526520 0.115922 0.002474 -0.993255 -0.392663
0.844775 -0.521929 0.118095 28.536688 -0.521630 -0.852416 -0.035905 2.400901 0.119406 -0.031271 -0.992353 -0.423366
0.839233 -0.524526 0.143386 28.744278 -0.517480 -0.851391 -0.085716 2.264044 0.167038 -0.002264 -0.985948 -0.445450
0.795753 -0.583682 0.161530 28.979931 -0.584453 -0.810021 -0.047756 2.099054 0.158717 -0.056405 -0.985712 -0.374637
0.817654 -0.560564 0.131186 29.200515 -0.560888 -0.827019 -0.037998 1.961404 0.129794 -0.042512 -0.990629 -0.373927
0.823703 -0.541873 0.166996 29.467498 -0.539261 -0.839654 -0.064640 1.801305 0.175246 -0.036810 -0.983836 -0.421132
0.796504 -0.589396 0.134885 29.688005 -0.587282 -0.807210 -0.059262 1.675782 0.143810 -0.032013 -0.989087 -0.366379
0.735309 -0.672665 0.082722 29.862353 -0.666373 -0.739832 -0.092710 1.580657 0.123564 0.013047 -0.992251 -0.378914
0.682088 -0.718739 0.134797 30.039061 -0.716511 -0.693717 -0.073279 1.441016 0.146179 -0.046601 -0.988160 -0.430840
0.686475 -0.716354 0.124853 30.213964 -0.713711 -0.696641 -0.072858 1.342679 0.139170 -0.039094 -0.989497 -0.414881
0.687610 -0.719268 0.099224 30.434965 -0.712136 -0.694731 -0.101051 1.212415 0.141617 -0.001177 -0.989921 -0.441264
0.692009 -0.712933 0.113361 30.610093 -0.707346 -0.701017 -0.090755 1.120072 0.144170 -0.017382 -0.989400 -0.457800
0.690905 -0.719030 0.075146 30.772621 -0.713924 -0.694957 -0.085720 1.015823 0.113858 0.005576 -0.993481 -0.429781
0.613691 -0.788088 0.047961 30.934941 -0.782841 -0.615256 -0.092841 0.945406 0.102675 0.019430 -0.994525 -0.443577
0.610828 -0.789347 0.061806 31.167958 -0.781287 -0.613563 -0.114593 0.847736 0.128375 0.021708 -0.991488 -0.463955
0.593549 -0.799744 0.090052 31.318236 -0.796619 -0.599739 -0.075576 0.744465 0.114449 -0.026879 -0.993065 -0.435127
0.562941 -0.822674 0.079403 31.503455 -0.819954 -0.567966 -0.071347 0.641035 0.103794 -0.024943 -0.994286 -0.441068
0.575976 -0.803678 0.149512 31.657260 -0.802771 -0.590605 -0.082132 0.534944 0.154310 -0.072718 -0.985343 -0.470941
0.627140 -0.758732 0.176129 31.837493 -0.751437 -0.648874 -0.119604 0.403981 0.205033 -0.057341 -0.977074 -0.440848
0.648598 -0.750486 0.126847 32.008284 -0.748240 -0.659239 -0.074436 0.268289 0.139486 -0.046633 -0.989125 -0.427812
0.676797 -0.725975 0.122087 32.153784 -0.724432 -0.686280 -0.064948 0.164925 0.130937 -0.044487 -0.990392 -0.466120
0.740869 -0.663817 0.102276 32.288278 -0.663239 -0.747082 -0.044514 0.036247 0.105958 -0.034855 -0.993760 -0.467583
0.781048 -0.615894 0.103140 32.450385 -0.622809 -0.780312 0.056761 -0.096856 0.045522 -0.108570 -0.993046 -0.475392
0.792146 -0.592296 0.147272 32.618831 -0.606305 -0.791338 0.078599 -0.224095 0.069988 -0.151554 -0.985968 -0.522113
0.805246 -0.576654 0.138022 32.789822 -0.592458 -0.791888 0.148014 -0.339762 0.023946 -0.200960 -0.979307 -0.515886
0.790993 -0.599384 0.122751 32.964109 -0.610938 -0.784585 0.105744 -0.471937 0.032928 -0.158636 -0.986788 -0.489424
0.751191 -0.639362 0.164097 33.153422 -0.650468 -0.759288 0.019292 -0.638555 0.112262 -0.121232 -0.986256 -0.487560
0.733779 -0.667561 0.126217 33.334227 -0.669657 -0.742009 -0.031342 -0.773269 0.114576 -0.061524 -0.991507 -0.456146
0.744540 -0.663948 0.069520 33.569452 -0.662161 -0.747722 -0.049541 -0.971454 0.084874 -0.009148 -0.996350 -0.443692
0.736864 -0.651806 0.179385 33.779612 -0.657730 -0.752546 -0.032648 -1.092833 0.156276 -0.093930 -0.983237 -0.467107
0.781984 -0.609568 0.130105 34.033659 -0.611612 -0.790651 -0.028315 -1.220480 0.120128 -0.057432 -0.991096 -0.456326
0.765268 -0.637200 0.091330 34.242728 -0.635717 -0.770409 -0.048304 -1.357829 0.101141 -0.021095 -0.994648 -0.483545
0.723064 -0.677167 0.136465 34.466605 -0.676796 -0.734014 -0.056304 -1.506197 0.138294 -0.051648 -0.989044 -0.522417
0.722356 -0.684190 0.100425 34.657996 -0.685713 -0.727478 -0.023944 -1.679606 0.089440 -0.051567 -0.994656 -0.503245
0.741933 -0.665625 0.080493 34.874260 -0.664834 -0.745910 -0.040176 -1.869142 0.086783 -0.023706 -0.995945 -0.510415
0.781714 -0.619427 0.072340 35.059843 -0.615392 -0.784972 -0.071499 -2.069805 0.101073 0.011374 -0.994814 -0.539283
0.772888 -0.632789 0.047135 35.254812 -0.629309 -0.773917 -0.070868 -2.231703 0.081323 0.025111 -0.996371 -0.519754
0.740471 -0.664305 0.101986 35.425223 -0.656100 -0.747387 -0.104624 -2.471341 0.145725 0.010558 -0.989269 -0.481160
0.703453 -0.698794 0.129768 35.602160 -0.696033 -0.714268 -0.073204 -2.658719 0.143844 -0.038827 -0.988838 -0.472067
0.714099 -0.690308 0.116353 35.814371 -0.688133 -0.722715 -0.064471 -2.859639 0.128595 -0.034028 -0.991113 -0.482363
0.724088 -0.667344 0.174211 35.989232 -0.665723 -0.742276 -0.076413 -3.090096 0.180306 -0.060646 -0.981739 -0.583366
0.739905 -0.655489 0.151244 36.146338 -0.655438 -0.753071 -0.057310 -3.254609 0.151464 -0.056727 -0.986834 -0.545402
0.685042 -0.712164 0.153428 36.290658 -0.717980 -0.695672 -0.023370 -3.455023 0.123379 -0.094149 -0.987883 -0.553321
0.686785 -0.708530 0.162209 36.448333 -0.705236 -0.703578 -0.087298 -3.674011 0.175980 -0.054440 -0.982887 -0.535324
0.690660 -0.713654 0.116992 36.630136 -0.710090 -0.699866 -0.077196 -3.876052 0.136970 -0.029758 -0.990128 -0.509194
0.710484 -0.700113 0.071091 36.821652 -0.694322 -0.713865 -0.091178 -4.080691 0.114584 0.015420 -0.993294 -0.441872
0.736670 -0.672033 0.075427 37.042927 -0.667774 -0.740501 -0.075736 -4.296021 0.106751 0.005424 -0.994271 -0.482972
0.698810 -0.713767 0.046926 37.231809 -0.711096 -0.700307 -0.062555 -4.481902 0.077513 0.010345 -0.996938 -0.485630
0.667864 -0.736234 0.109163 37.395548 -0.730339 -0.676522 -0.094455 -4.691426 0.143393 -0.016643 -0.989526 -0.497162
0.654683 -0.748534 0.105297 37.572645 -0.750975 -0.659954 -0.022289 -4.888865 0.086175 -0.064484 -0.994191 -0.494181
0.668739 -0.733463 0.121739 37.740782 -0.735793 -0.676388 -0.033285 -5.087130 0.106756 -0.067316 -0.992004 -0.526141
0.699379 -0.691460 0.180976 37.923431 -0.691645 -0.718576 -0.072629 -5.267962 0.180265 -0.074376 -0.980802 -0.527414
0.700124 -0.699776 0.141914 38.099068 -0.699743 -0.711984 -0.058644 -5.443814 0.142078 -0.058246 -0.988140 -0.482426
0.705141 -0.697928 0.125191 38.303978 -0.690267 -0.716048 -0.103957 -5.645726 0.162197 -0.013111 -0.986671 -0.482311
0.675990 -0.728025 0.114094 38.460034 -0.716645 -0.685532 -0.128317 -5.854058 0.171633 0.004976 -0.985148 -0.474148
0.682239 -0.723010 0.108657 38.630163 -0.713949 -0.690838 -0.114103 -6.097908 0.157562 0.000270 -0.987509 -0.475463
0.700291 -0.699792 0.141010 38.788772 -0.693404 -0.713769 -0.098610 -6.305584 0.169655 -0.028721 -0.985085 -0.506350
0.744837 -0.652086 0.141424 38.973364 -0.644708 -0.757949 -0.099318 -6.540925 0.171956 -0.017202 -0.984954 -0.455534
0.724271 -0.685744 0.072018 39.118546 -0.676236 -0.726837 -0.120050 -6.774176 0.134669 0.038248 -0.990152 -0.448205
0.699667 -0.707641 0.098539 39.260115 -0.688164 -0.704546 -0.173334 -7.069312 0.192084 0.053465 -0.979921 -0.503036
0.685083 -0.719474 0.114100 39.389207 -0.702688 -0.693982 -0.156902 -7.359080 0.192070 0.027314 -0.981001 -0.473211
0.712120 -0.695038 0.099030 39.521475 -0.673737 -0.716221 -0.181951 -7.602144 0.197391 0.062850 -0.978308 -0.500443
0.686583 -0.700765 0.193733 39.677709 -0.681298 -0.713149 -0.165079 -7.872842 0.253842 -0.018650 -0.967066 -0.497470
0.696248 -0.687157 0.207497 39.825165 -0.671376 -0.725687 -0.150444 -8.087647 0.253956 -0.034563 -0.966598 -0.466364
0.680438 -0.699907 0.217105 39.938688 -0.681264 -0.713326 -0.164453 -8.297300 0.269969 -0.036006 -0.962196 -0.485928
0.649501 -0.716891 0.253408 40.079643 -0.710753 -0.690824 -0.132633 -8.519665 0.270144 -0.093966 -0.958224 -0.488576
0.643249 -0.714350 0.275563 40.241502 -0.715802 -0.688814 -0.114729 -8.774002 0.271768 -0.123449 -0.954412 -0.491832
0.687818 -0.685589 0.238482 40.387872 -0.677238 -0.724348 -0.129103 -8.969646 0.261255 -0.072710 -0.962527 -0.539914
0.735036 -0.651388 0.188192 40.550141 -0.651927 -0.755242 -0.067831 -9.182574 0.186315 -0.072829 -0.979787 -0.508154
0.759844 -0.642907 0.096479 40.703755 -0.638685 -0.765924 -0.073769 -9.375287 0.121322 -0.005567 -0.992598 -0.519011
0.791222 -0.611463 0.008984 40.855805 -0.607357 -0.787453 -0.105049 -9.593899 0.071308 0.077660 -0.994426 -0.612816
0.855248 -0.508894 -0.097866 41.024307 -0.511711 -0.859147 -0.004345 -9.799189 -0.081871 0.053795 -0.995190 -0.635982
0.843878 -0.530703 -0.078901 41.181531 -0.531343 -0.847035 0.014390 -10.015087 -0.074468 0.029780 -0.996779 -0.671332
0.839791 -0.541883 0.033367 41.340326 -0.540992 -0.840404 -0.032382 -10.178467 0.045589 0.009143 -0.998918 -0.670741
0.850719 -0.523533 0.046802 41.476309 -0.524739 -0.851075 0.017924 -10.312357 0.030449 -0.039807 -0.998743 -0.636730
0.850739 -0.523595 0.045739 41.691541 -0.524803 -0.851001 0.019476 -10.464653 0.028727 -0.040573 -0.998764 -0.664602
0.846556 -0.521017 0.109012 41.911158 -0.518833 -0.853425 -0.049790 -10.641747 0.118975 -0.014409 -0.992793 -0.708454
0.887603 -0.454988 0.071748 42.119666 -0.450117 -0.889854 -0.074528 -10.802871 0.097755 0.033856 -0.994635 -0.685225
0.850771 -0.512392 0.116807 42.357657 -0.513254 -0.857876 -0.024888 -10.978352 0.112959 -0.038778 -0.992843 -0.667324
0.891222 -0.431483 0.139806 42.522498 -0.425923 -0.902119 -0.069079 -11.107537 0.155928 0.002018 -0.987766 -0.657720
0.897446 -0.428840 0.103374 42.737343 -0.419951 -0.902310 -0.097350 -11.239264 0.135023 0.043954 -0.989867 -0.639212
0.891770 -0.433060 0.131172 43.000299 -0.424810 -0.901102 -0.086898 -11.405411 0.155831 0.021770 -0.987544 -0.692418
0.882926 -0.456261 0.110762 43.196887 -0.451910 -0.889828 -0.063119 -11.567200 0.127358 0.005675 -0.991841 -0.681729
0.909980 -0.402015 0.101591 43.425911 -0.398000 -0.915550 -0.058010 -11.763666 0.116333 0.012355 -0.993133 -0.691333
0.906727 -0.384145 0.174010 43.621921 -0.375674 -0.923241 -0.080594 -11.924582 0.191612 0.007706 -0.981440 -0.724663
0.908753 -0.386597 0.157198 43.793341 -0.387928 -0.921393 -0.023392 -12.100416 0.153884 -0.039724 -0.987290 -0.630552
0.916713 -0.381340 0.119236 44.000238 -0.376894 -0.924392 -0.058743 -12.259234 0.132622 0.008911 -0.991127 -0.647864
0.911413 -0.389088 0.133926 44.215588 -0.385503 -0.921194 -0.052816 -12.437627 0.143922 -0.003492 -0.989583 -0.741738
0.937706 -0.328559 0.112945 44.442741 -0.324764 -0.944417 -0.051031 -12.594744 0.123434 0.011171 -0.992290 -0.725298
0.961485 -0.257345 0.096540 44.671155 -0.249098 -0.964317 -0.089685 -12.763130 0.116175 0.062183 -0.991280 -0.691174
0.966215 -0.225789 0.124291 44.889071 -0.218846 -0.973448 -0.067117 -12.885528 0.136145 0.037649 -0.989973 -0.687651
0.961302 -0.257159 0.098835 45.077373 -0.247653 -0.963786 -0.098916 -13.025534 0.120693 0.070611 -0.990175 -0.657348
0.942517 -0.310393 0.123762 45.295730 -0.299159 -0.948808 -0.101325 -13.167142 0.148877 0.058476 -0.987125 -0.688090
0.937726 -0.328518 0.112897 45.513056 -0.322040 -0.943983 -0.072014 -13.341257 0.130231 0.031172 -0.990994 -0.724080
0.936938 -0.317212 0.146709 45.749223 -0.312427 -0.948336 -0.055204 -13.474729 0.156641 0.005887 -0.987638 -0.731019
0.945395 -0.251785 0.206961 46.010427 -0.243860 -0.967737 -0.063380 -13.590298 0.216242 0.009449 -0.976294 -0.790578
0.958551 -0.214752 0.187248 46.238930 -0.212353 -0.976635 -0.033021 -13.693489 0.189964 -0.008110 -0.981758 -0.764823
0.959609 -0.211307 0.185741 46.469579 -0.208095 -0.977414 -0.036851 -13.820640 0.189333 -0.003289 -0.981908 -0.757267
0.950522 -0.221683 0.217632 46.652079 -0.220087 -0.974960 -0.031862 -13.950705 0.219246 -0.017612 -0.975511 -0.799908
0.964251 -0.196775 0.177483 46.865458 -0.199855 -0.979825 -0.000533 -14.082568 0.174007 -0.034956 -0.984124 -0.773351
0.989370 -0.112670 0.091934 47.142378 -0.109678 -0.993279 -0.036993 -14.235381 0.095484 0.026517 -0.995078 -0.765220
0.981048 -0.147249 0.125945 47.354656 -0.149712 -0.988676 0.010265 -14.354190 0.123008 -0.028926 -0.991984 -0.751372
0.979152 -0.180762 0.092664 47.563959 -0.183222 -0.982894 0.018693 -14.514239 0.087700 -0.035282 -0.995522 -0.694314
0.984234 -0.167220 0.057630 47.824482 -0.163228 -0.984230 -0.068170 -14.667718 0.068120 0.057689 -0.996008 -0.704281
0.984198 -0.173305 0.036333 48.086532 -0.170070 -0.982296 -0.078551 -14.797776 0.049303 0.071130 -0.996248 -0.691660
0.981613 -0.147376 0.121314 48.354886 -0.140721 -0.988122 -0.061752 -14.911698 0.128974 0.043545 -0.990691 -0.665202
0.977462 -0.126796 0.168791 48.590146 -0.127592 -0.991808 -0.006166 -14.995220 0.168190 -0.015510 -0.985633 -0.674672
0.980499 -0.124892 0.151733 48.853631 -0.125204 -0.992102 -0.007534 -15.058369 0.151475 -0.011610 -0.988393 -0.640134
0.977194 -0.128968 0.168696 49.108334 -0.141999 -0.987559 0.067557 -15.155809 0.157884 -0.089971 -0.983350 -0.700464
0.983271 -0.104433 0.149237 49.361973 -0.125709 -0.981984 0.141083 -15.248527 0.131814 -0.157483 -0.978685 -0.715763
0.986128 0.007052 0.165838 49.612039 -0.012925 -0.992801 0.119078 -15.361756 0.165484 -0.119569 -0.978937 -0.790574
0.977140 0.023943 0.211243 49.850528 -0.002380 -0.992344 0.123485 -15.427823 0.212582 -0.121164 -0.969602 -0.829045
0.983076 0.050474 0.176106 50.097342 0.021451 -0.986399 0.162965 -15.505729 0.181937 -0.156429 -0.970788 -0.844855
0.973914 0.010373 0.226679 50.361671 -0.021518 -0.990231 0.137764 -15.558896 0.225894 -0.139048 -0.964177 -0.860359
0.927634 0.022643 0.372803 50.639451 -0.006229 -0.997084 0.076059 -15.636326 0.373438 -0.072877 -0.924788 -0.826941
0.872843 0.206096 0.442345 50.959013 0.172883 -0.978247 0.114647 -15.697491 0.456351 -0.023594 -0.889487 -0.841660
0.731534 0.290964 0.616601 51.251947 0.223696 -0.956732 0.186074 -15.708348 0.644063 0.001811 -0.764970 -0.863034
0.722164 0.278792 0.633051 51.542283 0.234826 -0.959642 0.154739 -15.729557 0.650643 0.036910 -0.758487 -0.786475
0.772613 0.265308 0.576785 51.856755 0.250861 -0.962143 0.106532 -15.709393 0.583214 0.062385 -0.809920 -0.822312
0.807927 0.264186 0.526745 52.138215 0.277844 -0.959059 0.054851 -15.710852 0.519671 0.102038 -0.848252 -0.854102
0.879583 0.227031 0.418080 52.376444 0.243548 -0.969784 0.014234 -15.707649 0.408679 0.089303 -0.908299 -0.870274
0.910389 0.209066 0.357048 52.651572 0.237134 -0.970802 -0.036193 -15.698653 0.339056 0.117618 -0.933385 -0.901154
0.937680 0.227815 0.262405 52.880156 0.250721 -0.966384 -0.056931 -15.670670 0.240614 0.119174 -0.963277 -0.955522
0.965962 0.254150 0.048225 53.096919 0.256068 -0.965878 -0.038847 -15.643694 0.036706 0.049874 -0.998081 -0.959012
0.938676 0.343784 -0.026456 53.360813 0.342531 -0.938538 -0.042657 -15.597766 -0.039495 0.030979 -0.998739 -0.959742
0.923399 0.380913 0.047332 53.599206 0.383381 -0.921292 -0.065112 -15.585373 0.018805 0.078270 -0.996755 -0.974694
0.978708 0.205228 0.003455 53.817852 0.205218 -0.978712 0.002867 -15.560746 0.003970 -0.002097 -0.999990 -0.968981
0.985490 0.167134 0.029592 54.080921 0.166536 -0.985797 0.021663 -15.522948 0.032792 -0.016420 -0.999327 -0.995748
0.976344 0.209583 0.053179 54.378134 0.204477 -0.974902 0.088067 -15.452894 0.070301 -0.075110 -0.994694 -0.960566
0.918478 0.393947 -0.034701 54.642566 0.395165 -0.917681 0.041299 -15.384800 -0.015575 -0.051645 -0.998544 -0.899920
0.925959 0.373197 0.057660 54.909229 0.366769 -0.925143 0.097937 -15.326053 0.089894 -0.069538 -0.993521 -0.916690
0.892472 0.379764 0.243461 55.189440 0.353816 -0.924094 0.144445 -15.286129 0.279836 -0.042772 -0.959094 -0.897692
0.904550 0.360459 0.227724 55.417380 0.333190 -0.930858 0.149957 -15.237462 0.266032 -0.059768 -0.962110 -0.847895
0.916857 0.350352 0.191382 55.668043 0.331359 -0.935236 0.124637 -15.223251 0.222655 -0.050857 -0.973570 -0.849435
0.928373 0.357966 0.099919 55.891269 0.349663 -0.932393 0.091542 -15.142319 0.125932 -0.050047 -0.990776 -0.850362
0.943231 0.331213 0.024781 56.120023 0.327496 -0.939886 0.096747 -15.100221 0.055335 -0.083139 -0.995000 -0.937982
0.911602 0.400033 0.094637 56.406686 0.393913 -0.915905 0.077136 -15.019650 0.117535 -0.033039 -0.992519 -0.931958
0.895882 0.422347 0.137909 56.685943 0.422318 -0.905920 0.030926 -14.959974 0.137996 0.030535 -0.989962 -0.901359
0.871403 0.480575 0.098511 56.958072 0.488190 -0.869263 -0.077804 -14.895536 0.048241 0.115891 -0.992090 -0.921656
0.894217 0.434976 0.105697 57.227454 0.438621 -0.898580 -0.012886 -14.852532 0.089372 0.057883 -0.994315 -0.856353
0.869898 0.486789 0.079458 57.450350 0.479184 -0.872258 0.097716 -14.788538 0.116875 -0.046928 -0.992037 -1.000067
0.844579 0.512838 0.153892 57.738461 0.509830 -0.858075 0.061480 -14.679251 0.163581 0.026534 -0.986173 -1.028857
0.828157 0.503257 0.246756 57.994490 0.487607 -0.863983 0.125589 -14.565829 0.276396 0.016312 -0.960905 -0.946501
0.844566 0.487588 0.221283 58.287088 0.468210 -0.872995 0.136598 -14.549622 0.259782 -0.011759 -0.965596 -0.903961
0.846966 0.518934 0.115571 58.547168 0.513668 -0.854809 0.073807 -14.502840 0.137092 -0.003147 -0.990553 -0.937657
0.857949 0.505614 0.090983 58.808345 0.495339 -0.861120 0.114507 -14.432004 0.136244 -0.053174 -0.989247 -1.018286
0.872999 0.483533 0.063786 59.053082 0.478896 -0.874606 0.075652 -14.365803 0.092368 -0.035497 -0.995092 -1.051582
0.905531 0.422079 0.043163 59.336701 0.420733 -0.906429 0.037026 -14.315457 0.054753 -0.015368 -0.998382 -1.088756
0.924431 0.379228 0.040159 59.595741 0.377516 -0.924945 0.044259 -14.260152 0.053929 -0.025754 -0.998213 -1.073928
0.914731 0.400053 0.056791 59.880097 0.395729 -0.915369 0.074148 -14.209274 0.081648 -0.045352 -0.995629 -1.076375
0.926640 0.373876 0.039441 60.127107 0.367541 -0.922977 0.114135 -14.173408 0.079076 -0.091266 -0.992682 -1.023111
0.921373 0.388676 0.001725 60.362847 0.382302 -0.907045 0.176394 -14.090132 0.070125 -0.161866 -0.984318 -0.995080
0.904473 0.425719 0.026314 60.642732 0.424482 -0.904453 0.042198 -13.990669 0.041765 -0.026997 -0.998763 -0.930935
0.919796 0.380452 0.096082 60.885478 0.364323 -0.918944 0.151032 -13.933057 0.145755 -0.103914 -0.983848 -0.966118
0.914154 0.394035 0.095179 61.186075 0.374372 -0.910701 0.174555 -13.843106 0.155460 -0.123937 -0.980037 -0.970004
0.947652 0.316062 0.045398 61.427116 0.298395 -0.927201 0.226405 -13.808574 0.113650 -0.201006 -0.972975 -0.906264
0.923321 0.378710 0.063690 61.662729 0.356787 -0.907295 0.222526 -13.730493 0.142059 -0.182739 -0.972844 -0.917852
0.922818 0.385079 0.011000 61.917413 0.372959 -0.900196 0.224829 -13.674958 0.096479 -0.203374 -0.974336 -1.014980
0.906730 0.416025 0.069026 62.175677 0.400742 -0.900993 0.166185 -13.602758 0.131329 -0.123024 -0.983676 -1.044865
0.901927 0.412848 0.126826 62.446371 0.398918 -0.908876 0.121690 -13.551166 0.165509 -0.059162 -0.984432 -1.066597
0.902774 0.422130 0.082488 62.709957 0.414780 -0.905181 0.092764 -13.478868 0.113825 -0.049531 -0.992265 -1.064755
0.870014 0.460894 0.175078 62.986500 0.450865 -0.887445 0.095723 -13.425745 0.199491 -0.004344 -0.979890 -1.004133
0.857730 0.465343 0.218531 63.237411 0.447073 -0.885025 0.129833 -13.340720 0.253822 -0.013663 -0.967154 -0.970438
0.835784 0.492354 0.243009 63.523805 0.489266 -0.868701 0.077314 -13.288544 0.249168 0.054278 -0.966938 -1.130490
0.851407 0.453981 0.262692 63.817452 0.457628 -0.887687 0.050877 -13.189034 0.256286 0.076898 -0.963537 -1.016445
0.835104 0.503732 0.221031 64.093078 0.517269 -0.855814 -0.003950 -13.131096 0.187172 0.117631 -0.975259 -1.002087
0.820144 0.537919 0.194953 64.354624 0.535993 -0.841547 0.067157 -13.128659 0.200187 0.049415 -0.978511 -1.145960
0.800686 0.580616 0.147602 64.605741 0.574449 -0.814020 0.085906 -13.052357 0.170029 0.016006 -0.985309 -1.134837
0.786048 0.599657 0.150132 64.885430 0.590947 -0.800213 0.102180 -12.989504 0.181411 0.008402 -0.983372 -1.142557
0.793967 0.585441 0.163940 65.150815 0.573344 -0.810715 0.118394 -12.945774 0.202221 -0.000007 -0.979340 -1.172476
0.780226 0.609646 0.139922 65.448089 0.611453 -0.790517 0.034762 -12.919351 0.131803 0.058433 -0.989552 -1.108208
0.783764 0.610918 0.111770 65.707883 0.610295 -0.790966 0.043732 -12.892092 0.115123 0.033937 -0.992771 -1.140943
0.764330 0.634032 0.117486 65.979929 0.630692 -0.773002 0.068531 -12.869672 0.134268 0.021717 -0.990707 -1.133318
0.769501 0.631552 0.094926 66.246875 0.628551 -0.775248 0.062562 -12.851012 0.113103 0.011524 -0.993516 -1.139408
0.764966 0.621147 0.170303 66.514845 0.623810 -0.780332 0.044083 -12.788202 0.160275 0.072514 -0.984405 -1.171528
0.792947 0.593130 0.139401 66.768644 0.593383 -0.803700 0.044312 -12.730842 0.138319 0.047581 -0.989244 -1.140096
0.779491 0.617861 0.103160 67.035628 0.618298 -0.785310 0.031547 -12.660417 0.100504 0.039193 -0.994164 -1.149005
0.761393 0.629970 0.153031 67.308750 0.633861 -0.772934 0.028153 -12.621085 0.136019 0.075565 -0.987820 -1.207259
0.768095 0.625070 0.138985 67.562658 0.625289 -0.778942 0.047573 -12.548344 0.137998 0.050365 -0.989151 -1.184094
0.795074 0.582257 0.169808 67.849166 0.585049 -0.810088 0.038409 -12.467326 0.159923 0.068808 -0.984728 -1.159110
0.797234 0.564365 0.214266 68.103844 0.573071 -0.819117 0.025242 -12.422337 0.189755 0.102666 -0.976449 -1.186823
0.816190 0.550036 0.176900 68.408993 0.551051 -0.833096 0.047882 -12.376527 0.173712 0.058400 -0.983063 -1.150013
0.844747 0.507604 0.169530 68.676516 0.500850 -0.861474 0.083738 -12.341549 0.188551 0.014172 -0.981961 -1.173850
0.864650 0.466312 0.186905 68.944113 0.448634 -0.884148 0.130426 -12.337136 0.226071 -0.028921 -0.973681 -1.217936
0.880800 0.447167 0.155670 69.212375 0.434260 -0.893947 0.110799 -12.274758 0.188707 -0.029991 -0.981575 -1.199687
0.903204 0.390002 0.179225 69.511125 0.371687 -0.919520 0.127798 -12.218403 0.214642 -0.048812 -0.975472 -1.241607
0.937320 0.307269 0.164367 69.794594 0.294059 -0.950537 0.100041 -12.161793 0.186976 -0.045437 -0.981313 -1.210550
0.937304 0.315849 0.147308 70.097806 0.315308 -0.948587 0.027639 -12.135348 0.148464 0.020541 -0.988704 -1.210147
0.928009 0.312300 0.203145 70.380368 0.315533 -0.948760 0.017130 -12.057820 0.198086 0.048202 -0.978999 -1.244234
0.945781 0.287418 0.151290 70.636821 0.278453 -0.957286 0.077897 -12.002438 0.167217 -0.031546 -0.985415 -1.234511
0.931082 0.333805 0.147175 70.922055 0.339322 -0.940575 -0.013374 -12.025354 0.133964 0.062392 -0.989020 -1.267548
0.951971 0.266553 0.150669 71.178822 0.267845 -0.963387 0.012034 -11.999174 0.148360 0.028900 -0.988511 -1.317998
0.959714 0.253686 0.120798 71.452132 0.249108 -0.967087 0.051848 -11.932281 0.129976 -0.019667 -0.991322 -1.290096
0.948391 0.291543 0.124729 71.721458 0.285401 -0.956204 0.064965 -11.900912 0.138206 -0.026015 -0.990062 -1.323078
0.943244 0.317920 0.096008 71.981728 0.314848 -0.948026 0.046024 -11.838709 0.105650 -0.013184 -0.994316 -1.372662
0.947449 0.311538 0.072693 72.246050 0.311433 -0.950178 0.013068 -11.777036 0.073143 0.010258 -0.997269 -1.352430
0.958146 0.268476 0.099383 72.513573 0.264974 -0.963102 0.047146 -11.788635 0.108374 -0.018838 -0.993932 -1.354844
0.965638 0.214689 0.146465 72.779678 0.205315 -0.975698 0.076544 -11.729705 0.159339 -0.043842 -0.986250 -1.349001
0.969038 0.215544 0.120443 73.051458 0.204829 -0.974142 0.095350 -11.677454 0.137881 -0.067728 -0.988130 -1.362673
0.964088 0.243820 0.105286 73.310607 0.231740 -0.965962 0.114952 -11.598591 0.129730 -0.086425 -0.987776 -1.417066
0.965703 0.245420 0.084779 73.561385 0.233905 -0.964021 0.126300 -11.457434 0.112725 -0.102138 -0.988363 -1.349377
0.959294 0.244855 0.140717 73.826253 0.240462 -0.969486 0.047689 -11.376518 0.148100 -0.011911 -0.988901 -1.328732
0.963762 0.199415 0.177191 74.092774 0.183288 -0.977616 0.103306 -11.402399 0.193826 -0.067085 -0.978740 -1.402370
0.979205 0.161774 0.122417 74.367309 0.150034 -0.983635 0.099758 -11.347478 0.136552 -0.079317 -0.987452 -1.378301
0.971688 0.187994 0.143111 74.670847 0.174837 -0.979542 0.099651 -11.297008 0.158917 -0.071809 -0.984677 -1.423655
0.969556 0.187656 0.157312 74.919738 0.167886 -0.977086 0.130834 -11.220964 0.178259 -0.100440 -0.978844 -1.455021
0.966026 0.181902 0.183591 75.186855 0.162589 -0.979924 0.115388 -11.146497 0.200894 -0.081618 -0.976207 -1.460904
0.975637 0.112796 0.188174 75.453558 0.082924 -0.983677 0.159696 -11.067194 0.203116 -0.140201 -0.969065 -1.472133
0.972060 0.085790 0.218492 75.740381 0.053984 -0.987574 0.147593 -10.941216 0.228439 -0.131674 -0.964613 -1.480042
0.972102 0.128716 0.196087 76.028706 0.103851 -0.985763 0.132239 -10.858848 0.210317 -0.108186 -0.971629 -1.461081
0.968102 0.149440 0.201115 76.332236 0.106143 -0.971688 0.211082 -10.752370 0.226965 -0.183002 -0.956555 -1.501894
0.981593 0.138646 0.131346 76.601191 0.106351 -0.968056 0.227062 -10.666774 0.158631 -0.208914 -0.964982 -1.501620
0.977496 0.116995 0.175536 76.880626 0.091471 -0.984889 0.147061 -10.658193 0.190089 -0.127695 -0.973427 -1.458082
0.983188 0.050750 0.175402 77.147019 0.023347 -0.987655 0.154894 -10.632506 0.181098 -0.148195 -0.972235 -1.503286
0.991292 0.002572 0.131655 77.429920 -0.017811 -0.988002 0.153409 -10.672399 0.130470 -0.154418 -0.979353 -1.533289
0.993358 0.021417 0.113053 77.707596 -0.001892 -0.979351 0.202157 -10.658625 0.115049 -0.201028 -0.972806 -1.570692
0.992103 0.044152 0.117394 77.956932 0.016289 -0.973422 0.228439 -10.630224 0.124360 -0.224723 -0.966454 -1.631391
0.989655 0.033258 0.139562 78.241873 0.005104 -0.980306 0.197417 -10.632162 0.143379 -0.194662 -0.970334 -1.590335
0.971523 0.045004 0.232632 78.518514 -0.001769 -0.980393 0.197047 -10.699896 0.236939 -0.191847 -0.952394 -1.606568
0.968895 -0.038362 0.244481 78.800615 -0.092009 -0.972935 0.211973 -10.752273 0.229732 -0.227874 -0.946201 -1.619315
