0.878331 -0.465801 -0.107539 -0.104280 -0.462769 -0.884884 0.053148 0.235186 -0.119916 0.003085 -0.992779 0.023367
0.821076 -0.560043 -0.110391 -0.088623 -0.555520 -0.828458 0.071095 0.097762 -0.131270 0.002950 -0.991342 -0.029597
0.743929 -0.661317 -0.096069 -0.056458 -0.658725 -0.749895 0.061144 0.100271 -0.112477 0.017796 -0.993495 -0.024095
0.715285 -0.698534 -0.020439 -0.046150 -0.698749 -0.715346 -0.005475 0.156895 -0.010796 0.018198 -0.999776 -0.005512
0.692010 -0.720915 -0.037458 -0.099225 -0.719111 -0.683873 -0.123276 0.351526 0.063255 0.112245 -0.991665 0.013452
0.668774 -0.738800 0.083162 -0.273979 -0.734262 -0.673896 -0.081994 0.651970 0.116619 -0.006228 -0.993157 -0.057073
0.672148 -0.735037 0.089097 -0.648454 -0.734415 -0.677146 -0.045923 0.988851 0.094086 -0.034567 -0.994964 -0.016597
0.738231 -0.669103 0.085539 -1.100571 -0.671563 -0.740947 -0.000017 1.415285 0.063391 -0.057432 -0.996335 -0.031325
0.742838 -0.630351 0.225496 -1.648317 -0.635400 -0.769920 -0.059072 1.808172 0.210850 -0.099400 -0.972451 -0.062407
0.718611 -0.677819 0.155434 -2.167970 -0.676143 -0.733274 -0.071694 2.221124 0.162572 -0.053576 -0.985241 -0.084954
0.710271 -0.699575 0.078159 -2.722626 -0.689701 -0.713823 -0.121527 2.582249 0.140809 0.032411 -0.989506 -0.116682
0.633274 -0.772142 0.052536 -3.261490 -0.768021 -0.635362 -0.080365 2.983899 0.095432 0.010544 -0.995380 -0.142131
0.597493 -0.799939 0.055669 -3.884924 -0.796383 -0.600080 -0.075348 3.400352 0.093680 0.000686 -0.995602 -0.136212
0.585768 -0.808668 0.054138 -4.392663 -0.803285 -0.588152 -0.093862 3.824892 0.107744 0.011493 -0.994112 -0.122908
0.591301 -0.803970 0.063217 -5.010707 -0.794134 -0.594126 -0.127925 4.279679 0.140406 0.025440 -0.989767 -0.126825
0.582255 -0.807573 0.093834 -5.538294 -0.802680 -0.589355 -0.091466 4.698449 0.129167 -0.022062 -0.991377 -0.121687
0.631061 -0.772909 0.066143 -6.009549 -0.753624 -0.631053 -0.183909 5.080122 0.183885 0.066211 -0.980715 -0.118176
0.539437 -0.839546 0.064575 -6.461078 -0.823573 -0.542029 -0.167128 5.509111 0.175313 0.036973 -0.983818 -0.116935
0.605776 -0.790598 0.089389 -6.905320 -0.769887 -0.610811 -0.184890 5.861664 0.200773 0.043182 -0.978686 -0.115187
0.577127 -0.812240 0.084796 -7.330060 -0.793330 -0.582252 -0.177793 6.191381 0.193783 0.035339 -0.980408 -0.100670
0.556498 -0.823817 0.107864 -7.790618 -0.780715 -0.562908 -0.271328 6.619772 0.284242 0.066783 -0.956424 -0.130179
0.536452 -0.841411 0.065168 -8.300212 -0.807986 -0.534366 -0.248217 7.033553 0.243677 0.080501 -0.966510 -0.105034
0.529724 -0.848119 0.009347 -8.728592 -0.840820 -0.526549 -0.125568 7.413255 0.111418 0.058657 -0.992041 -0.100080
0.502912 -0.861052 -0.075288 -9.184036 -0.864247 -0.502211 -0.029350 7.774573 -0.012539 0.079828 -0.996730 -0.062518
0.482780 -0.873780 -0.058586 -9.588341 -0.873372 -0.485313 0.041141 8.141079 -0.064381 0.031305 -0.997434 -0.081813
0.522775 -0.849499 -0.071112 -10.083546 -0.851740 -0.523960 -0.002325 8.567689 -0.035285 0.061784 -0.997466 -0.093173
0.493471 -0.865525 -0.085749 -10.514064 -0.869546 -0.493143 -0.026461 9.021205 -0.019384 0.087620 -0.995965 -0.086956
0.576689 -0.814559 -0.062634 -11.100596 -0.816381 -0.577476 -0.006538 9.469165 -0.030844 0.054904 -0.998015 -0.048405
0.593862 -0.799356 -0.091423 -11.579235 -0.804146 -0.593383 -0.035297 9.858326 -0.026034 0.094478 -0.995186 -0.047089
0.607049 -0.792682 -0.056099 -12.062386 -0.794193 -0.607607 -0.008469 10.206756 -0.027373 0.049694 -0.998389 -0.039043
0.571794 -0.816770 -0.077061 -12.498600 -0.820077 -0.571669 -0.025852 10.566597 -0.022938 0.077978 -0.996691 -0.016813
0.600515 -0.798857 -0.034781 -12.933954 -0.797818 -0.595685 -0.092987 11.010622 0.053565 0.083589 -0.995060 -0.015939
0.616298 -0.786393 -0.041998 -13.411153 -0.787107 -0.613391 -0.064914 11.449912 0.025287 0.073063 -0.997007 0.023726
0.600666 -0.797784 -0.052353 -13.869248 -0.799496 -0.599181 -0.042285 11.948441 0.002365 0.067255 -0.997733 0.033163
0.675168 -0.734511 -0.068130 -14.389565 -0.737658 -0.671911 -0.066311 12.391776 0.002929 0.095028 -0.995470 0.059385
0.687094 -0.725537 -0.038694 -14.939154 -0.726446 -0.685027 -0.054908 12.937563 0.013331 0.065836 -0.997741 0.107755
0.726332 -0.685291 -0.053089 -15.469171 -0.686476 -0.727129 -0.005929 13.373884 -0.034539 0.040751 -0.998572 0.152409
0.753949 -0.653706 -0.065043 -15.992036 -0.656776 -0.752231 -0.052859 13.820064 -0.014373 0.082572 -0.996481 0.181621
0.849868 -0.525719 -0.036645 -16.624076 -0.526940 -0.848728 -0.044659 14.181542 -0.007624 0.057264 -0.998330 0.227232
0.873756 -0.485424 -0.030239 -17.173890 -0.486272 -0.870684 -0.073821 14.511227 0.009506 0.079205 -0.996813 0.241294
0.928753 -0.367454 -0.048951 -17.783746 -0.369840 -0.927473 -0.054883 14.714908 -0.025234 0.069076 -0.997292 0.268755
0.930485 -0.365812 -0.019458 -18.475626 -0.366323 -0.929466 -0.043598 14.930812 -0.002137 0.047695 -0.998860 0.284651
0.973809 -0.227365 -0.001130 -19.111192 -0.226967 -0.971785 -0.064178 15.002853 0.013494 0.062754 -0.997938 0.324248
0.982186 -0.180565 -0.052026 -19.682473 -0.184485 -0.979211 -0.084324 15.045674 -0.035718 0.092420 -0.995079 0.377288
0.998109 -0.061466 -0.000713 -20.315658 -0.061208 -0.992713 -0.103804 15.036126 0.005673 0.103652 -0.994597 0.395498
0.995746 -0.087816 0.027899 -20.867777 -0.082155 -0.983249 -0.162700 14.969466 0.041719 0.159716 -0.986281 0.398272
0.995509 0.029823 0.089852 -21.469962 0.034557 -0.998070 -0.051597 14.870088 0.088139 0.054470 -0.994618 0.368741
0.995660 0.061558 0.069794 -22.008346 0.062505 -0.997979 -0.011459 14.766384 0.068948 0.015772 -0.997496 0.362585
0.995305 0.062507 0.073902 -22.563690 0.064773 -0.997488 -0.028670 14.732349 0.071924 0.033322 -0.996853 0.315238
0.994462 0.070495 0.077952 -23.200886 0.064395 -0.994858 0.078177 14.599245 0.083062 -0.072724 -0.993887 0.291626
0.986680 0.115757 0.114295 -23.758246 0.118784 -0.992718 -0.020012 14.547293 0.111146 0.033322 -0.993245 0.269844
0.970208 0.186785 0.154299 -24.397485 0.193121 -0.980803 -0.027017 14.446480 0.146291 0.056011 -0.987655 0.261006
0.967478 0.228180 0.109176 -25.044960 0.227900 -0.973566 0.015204 14.406827 0.109759 0.010172 -0.993906 0.263572
0.919057 0.363211 0.153010 -25.562699 0.365231 -0.930784 0.015704 14.353237 0.148123 0.041451 -0.988100 0.286365
0.929969 0.343849 0.130098 -26.067026 0.341087 -0.939018 0.043656 14.329887 0.137176 0.003776 -0.990540 0.301207
0.876871 0.469263 0.104357 -26.577878 0.463466 -0.882875 0.075709 14.327416 0.127662 -0.018021 -0.991654 0.314608
0.854103 0.492360 0.167600 -27.051032 0.497894 -0.867178 0.010205 14.241771 0.150363 0.074730 -0.985802 0.317260
0.920407 0.368688 0.130077 -27.544916 0.369443 -0.929056 0.019167 14.190141 0.127916 0.030414 -0.991319 0.308496
0.967110 0.240373 0.083187 -28.091038 0.248952 -0.961576 -0.115736 14.058137 0.052171 0.132639 -0.989790 0.338313
0.971722 0.225620 0.069649 -28.667855 0.233713 -0.961063 -0.147435 13.952663 0.033673 0.159544 -0.986616 0.337564
0.946459 0.308326 0.095655 -29.239596 0.308060 -0.951198 0.017902 13.836121 0.096506 0.012524 -0.995254 0.311047
0.964227 0.230312 0.131232 -29.859381 0.236010 -0.971305 -0.029440 13.772023 0.120686 0.059359 -0.990914 0.327902
0.940673 0.318136 0.117999 -30.475344 0.320979 -0.947071 -0.005416 13.624686 0.110030 0.042970 -0.992999 0.354824
0.967432 0.233687 0.097290 -31.091317 0.231291 -0.972241 0.035376 13.454061 0.102856 -0.011722 -0.994627 0.369939
0.935829 0.308824 0.169860 -31.716574 0.306270 -0.951031 0.041709 13.245621 0.174423 0.012991 -0.984585 0.384004
0.936946 0.292994 0.190489 -32.311145 0.298971 -0.954258 -0.002771 13.003479 0.180964 0.059547 -0.981685 0.419093
0.921509 0.342808 0.182494 -32.990311 0.348483 -0.937314 0.001031 12.727087 0.171407 0.062646 -0.983207 0.402783
0.936099 0.327541 0.128200 -33.600098 0.320989 -0.944537 0.069399 12.480426 0.143820 -0.023813 -0.989317 0.396560
0.929554 0.344599 0.131080 -34.281914 0.341346 -0.938750 0.047246 12.255972 0.139332 0.000825 -0.990245 0.371334
0.927606 0.339072 0.156772 -34.993229 0.344394 -0.938797 -0.007288 11.986206 0.144706 0.060751 -0.987608 0.395410
0.933879 0.327829 0.142821 -35.610444 0.326971 -0.944554 0.030116 11.765376 0.144775 0.018573 -0.989290 0.354965
0.933973 0.337173 0.118362 -36.253401 0.334926 -0.941437 0.038990 11.423715 0.124577 0.003227 -0.992205 0.363408
0.943452 0.310869 0.115146 -36.839391 0.303268 -0.949629 0.078953 11.093810 0.133890 -0.039569 -0.990206 0.332588
0.925885 0.338581 0.167628 -37.402144 0.319063 -0.938356 0.132992 10.656741 0.202323 -0.069651 -0.976839 0.332007
0.916849 0.311082 0.250232 -37.957593 0.309236 -0.949788 0.047714 10.303909 0.252510 0.033634 -0.967009 0.334201
0.883278 0.364994 0.294278 -38.533735 0.385564 -0.922590 -0.012983 9.941346 0.266759 0.124931 -0.955632 0.356247
0.947795 0.277259 0.157519 -39.147414 0.284925 -0.958143 -0.027916 9.620926 0.143185 0.071340 -0.987121 0.406907
0.990593 0.115052 -0.074090 -39.733942 0.120158 -0.990382 0.068592 9.317344 -0.065486 -0.076850 -0.994890 0.492700
0.992610 0.115549 0.037062 -40.291961 0.116297 -0.993039 -0.018674 9.088329 0.034646 0.022846 -0.999138 0.516049
0.984630 0.124136 0.122861 -40.910868 0.126880 -0.991809 -0.014734 8.964672 0.120025 0.030096 -0.992315 0.506825
0.986430 0.036762 0.160014 -41.590161 0.039103 -0.999169 -0.011504 8.823483 0.159458 0.017605 -0.987048 0.532341
0.987435 0.010162 0.157699 -42.223240 0.006711 -0.999726 0.022404 8.726049 0.157883 -0.021064 -0.987233 0.533163
0.986830 -0.051500 0.153345 -42.865761 -0.053510 -0.998527 0.009011 8.560126 0.152655 -0.017098 -0.988132 0.569297
0.989465 -0.050503 0.135679 -43.496334 -0.051416 -0.998672 0.003232 8.411684 0.135335 -0.010174 -0.990748 0.556952
0.977777 -0.180014 0.107454 -44.254401 -0.184964 -0.982012 0.037953 8.287096 0.098689 -0.056984 -0.993485 0.588693
0.981819 -0.145919 0.121402 -44.953237 -0.151774 -0.987589 0.040418 8.228436 0.113997 -0.058109 -0.991780 0.603153
0.981310 -0.113333 0.155521 -45.624766 -0.112694 -0.993545 -0.012949 8.151850 0.155985 -0.004820 -0.987748 0.601520
0.956551 -0.223903 0.186755 -46.279563 -0.218422 -0.974588 -0.049702 8.156110 0.193138 0.006751 -0.981148 0.601453
0.957402 -0.238279 0.163110 -46.930193 -0.228914 -0.970610 -0.074262 8.098951 0.176011 0.033760 -0.983809 0.599938
0.956846 -0.274734 0.094690 -47.568886 -0.267622 -0.960090 -0.081278 8.055719 0.113241 0.052430 -0.992183 0.567455
0.962433 -0.263207 0.066676 -48.296369 -0.266916 -0.962175 0.054548 8.036139 0.049797 -0.070295 -0.996282 0.520302
0.930955 -0.330361 0.155513 -49.053301 -0.320521 -0.943391 -0.085320 8.103152 0.174896 0.029584 -0.984142 0.559580
0.938644 -0.336960 0.073522 -49.777060 -0.318378 -0.928539 -0.190921 8.185569 0.132600 0.155799 -0.978848 0.663442
0.876348 -0.470006 0.105400 -50.410553 -0.445538 -0.874110 -0.193461 8.292549 0.183059 0.122579 -0.975430 0.715420
0.814154 -0.485832 0.317995 -51.169674 -0.431326 -0.872664 -0.228942 8.486256 0.388731 0.049234 -0.920035 0.718835
0.540805 -0.668941 0.509949 -51.825008 -0.516699 -0.742581 -0.426140 8.774918 0.663741 -0.033031 -0.747233 0.729611
0.622947 -0.640142 0.449617 -52.416086 -0.598429 -0.760140 -0.253122 9.064729 0.503806 -0.111383 -0.856606 0.758631
0.744011 -0.605955 0.281543 -52.959339 -0.613499 -0.786459 -0.071425 9.352293 0.264702 -0.119585 -0.956887 0.820091
0.707100 -0.706633 -0.026065 -53.480037 -0.705080 -0.707380 0.049747 9.721596 -0.053591 -0.016798 -0.998422 0.854031
0.810398 -0.585593 0.018311 -54.057501 -0.584807 -0.810410 -0.035161 10.102024 0.035430 0.017786 -0.999214 0.844098
0.671014 -0.740470 -0.038003 -54.587602 -0.741026 -0.671476 -0.000821 10.517648 -0.024911 0.028712 -0.999277 0.801918
0.679851 -0.719210 0.143319 -55.197733 -0.677035 -0.690645 -0.254229 10.919449 0.281827 0.075806 -0.956466 0.750439
0.709375 -0.704811 0.005378 -55.637823 -0.697250 -0.702840 -0.140921 11.320384 0.103103 0.096216 -0.990006 0.791409
0.637134 -0.761862 0.116736 -56.131270 -0.755993 -0.647222 -0.097872 11.807665 0.150119 -0.025894 -0.988329 0.795283
0.608471 -0.790334 0.071661 -56.645019 -0.786287 -0.612630 -0.080234 12.256671 0.107313 -0.007526 -0.994197 0.839862
0.522304 -0.835522 0.170594 -57.149093 -0.806913 -0.548943 -0.218067 12.771900 0.275846 -0.023757 -0.960908 0.863343
0.547432 -0.831615 0.093460 -57.695874 -0.817467 -0.555305 -0.152919 13.160691 0.179069 0.007312 -0.983809 0.870248
0.609856 -0.792296 0.018499 -58.223745 -0.791577 -0.610104 -0.034329 13.595613 0.038485 0.006292 -0.999239 0.876331
0.662005 -0.749163 0.022467 -58.828426 -0.744784 -0.660901 -0.092234 14.031094 0.083946 0.044326 -0.995484 0.882798
0.622225 -0.782185 -0.031987 -59.364543 -0.781554 -0.618345 -0.082600 14.546514 0.044830 0.076395 -0.996069 0.900250
0.710337 -0.702124 -0.049429 -59.910578 -0.693062 -0.685456 -0.223191 14.981469 0.122826 0.192798 -0.973521 0.903622
0.662990 -0.745685 -0.066322 -60.366761 -0.742905 -0.644402 -0.181212 15.413295 0.092389 0.169412 -0.981205 0.899646
0.633470 -0.772822 0.038246 -60.939731 -0.764513 -0.632750 -0.123074 15.902645 0.119314 0.048724 -0.991660 0.918189
0.563723 -0.815852 0.128852 -61.495386 -0.789159 -0.578059 -0.207550 16.455629 0.243814 0.015316 -0.969701 0.880505
0.515427 -0.839767 0.170664 -62.083496 -0.840380 -0.534300 -0.091020 16.944269 0.167622 -0.096509 -0.981116 0.910114
0.456647 -0.886037 0.080074 -62.590053 -0.872702 -0.463614 -0.153145 17.399167 0.172815 0.000053 -0.984954 0.932570
0.428028 -0.896510 0.114293 -63.175438 -0.894017 -0.438536 -0.091761 17.814308 0.132387 -0.062903 -0.989200 0.956902
0.410716 -0.908707 0.074593 -63.721805 -0.902829 -0.416753 -0.105913 18.209096 0.127331 -0.023844 -0.991574 0.980365
0.447896 -0.887363 0.109439 -64.254920 -0.882999 -0.458232 -0.101668 18.654268 0.140365 -0.051098 -0.988780 1.015959
0.407883 -0.906829 0.106271 -64.837454 -0.901613 -0.418395 -0.109724 19.171810 0.143964 -0.051061 -0.988265 1.034122
0.465018 -0.870618 0.160568 -65.387717 -0.865391 -0.485270 -0.124946 19.618654 0.186700 -0.080852 -0.979084 1.055049
0.571074 -0.813462 0.110246 -65.981328 -0.789077 -0.580993 -0.199510 20.031956 0.226346 0.026943 -0.973674 1.079861
0.685052 -0.720267 0.109176 -66.555827 -0.693305 -0.690613 -0.205868 20.470650 0.223678 0.065338 -0.972471 1.121903
0.683680 -0.707648 0.178373 -67.169436 -0.701811 -0.704554 -0.105187 20.866157 0.200109 -0.053270 -0.978324 1.149101
0.706422 -0.695534 0.131148 -67.737363 -0.694902 -0.716748 -0.058167 21.298014 0.134457 -0.050045 -0.989655 1.183886
0.718170 -0.690212 0.088539 -68.336278 -0.681450 -0.723340 -0.111376 21.679072 0.140917 0.019652 -0.989826 1.223661
0.738905 -0.671652 0.053879 -68.922069 -0.668750 -0.740789 -0.063290 22.163510 0.082422 0.010733 -0.996540 1.264717
0.780467 -0.623902 0.040227 -69.505194 -0.613139 -0.776404 -0.145801 22.653425 0.122198 0.089128 -0.988496 1.287270
0.747723 -0.655569 0.105548 -69.985153 -0.647092 -0.755060 -0.105624 23.136105 0.148939 0.010678 -0.988789 1.279956
0.789318 -0.608208 0.084022 -70.628502 -0.593467 -0.790845 -0.149536 23.642244 0.157397 0.068167 -0.985180 1.321394
0.832763 -0.540593 0.119441 -71.155902 -0.512213 -0.834194 -0.204347 24.145458 0.210105 0.108993 -0.971584 1.314181
0.819144 -0.563277 0.108269 -71.763953 -0.533071 -0.817280 -0.218835 24.706956 0.211751 0.121543 -0.969737 1.316018
0.831621 -0.546816 0.096948 -72.329349 -0.520200 -0.828147 -0.208721 25.242546 0.194419 0.123144 -0.973158 1.362462
0.895526 -0.440813 0.060971 -72.924958 -0.419941 -0.882445 -0.211991 25.586890 0.147252 0.164239 -0.975368 1.390163
0.881169 -0.466232 0.078541 -73.607897 -0.435709 -0.865255 -0.247976 25.952818 0.183573 0.184287 -0.965577 1.405858
0.916622 -0.376341 0.134804 -74.371481 -0.330594 -0.903226 -0.273662 26.174392 0.224749 0.206280 -0.952332 1.433887
0.925537 -0.331016 0.183872 -75.064614 -0.300329 -0.937468 -0.175944 26.400390 0.230614 0.107621 -0.967075 1.420921
0.957483 -0.277110 0.080222 -75.794762 -0.260747 -0.950259 -0.170348 26.643589 0.123437 0.142188 -0.982113 1.461295
0.969417 -0.244884 0.016185 -76.424369 -0.237573 -0.952928 -0.188380 26.839764 0.061554 0.178774 -0.981963 1.491837
0.955842 -0.135954 0.260541 -77.160439 -0.074545 -0.969727 -0.232534 27.011402 0.284268 0.202843 -0.937041 1.491056
0.955614 -0.146581 0.255570 -77.853290 -0.139451 -0.989164 -0.045904 27.165116 0.259530 0.008227 -0.965700 1.466029
0.964229 -0.013587 0.264723 -78.597207 -0.028547 -0.998200 0.052749 27.333853 0.263530 -0.058419 -0.962881 1.484803
0.984969 -0.040991 0.167798 -79.272734 -0.042902 -0.999049 0.007775 27.532560 0.167319 -0.014857 -0.985791 1.598687
0.992910 -0.099611 0.064870 -79.907349 -0.100094 -0.994969 0.004232 27.807552 0.064122 -0.010695 -0.997885 1.711605
0.974899 -0.136465 0.175926 -80.588538 -0.153654 -0.984195 0.088041 28.015790 0.161130 -0.112863 -0.980459 1.723948
0.959830 0.017606 0.280029 -81.243036 -0.005724 -0.996593 0.082279 28.252927 0.280524 -0.080577 -0.956459 1.732308
0.927017 0.068674 0.368677 -81.939845 0.059856 -0.997582 0.035316 28.432246 0.370211 -0.010671 -0.928886 1.756128
0.958983 0.094409 0.267279 -82.689897 0.090662 -0.995533 0.026357 28.643845 0.268573 -0.001044 -0.963259 1.811467
0.966274 0.097360 0.238401 -83.388610 0.112812 -0.992254 -0.052019 28.751964 0.231490 0.077159 -0.969773 1.834957
0.992438 0.056545 0.108946 -84.068984 0.066457 -0.993757 -0.089611 28.800927 0.103199 0.096173 -0.990000 1.856415
0.990525 0.061234 0.122928 -84.841974 0.078800 -0.986501 -0.143549 28.777050 0.112478 0.151876 -0.981979 1.842866
0.987618 -0.006410 0.156745 -85.550139 0.016101 -0.989746 -0.141930 28.759883 0.156047 0.142697 -0.977388 1.840056
0.977255 0.025796 0.210492 -86.264643 0.071421 -0.974624 -0.212148 28.757594 0.199678 0.222356 -0.954299 1.842694
0.972325 -0.060005 0.225794 -86.936218 -0.023020 -0.986359 -0.162992 28.738886 0.232494 0.153284 -0.960443 1.848723
0.956237 -0.108005 0.271928 -87.612803 -0.029670 -0.960380 -0.277109 28.791369 0.291083 0.256914 -0.921556 1.884798
0.995925 -0.085588 0.028419 -88.255457 -0.075831 -0.965326 -0.249789 28.750588 0.048812 0.246616 -0.967883 1.932288
0.986458 -0.112617 0.119235 -88.992187 -0.101346 -0.990138 -0.096724 28.744252 0.128952 0.083330 -0.988143 1.939493
0.996943 -0.068617 0.037364 -89.648629 -0.063263 -0.989583 -0.129319 28.713985 0.045849 0.126560 -0.990899 1.982129
0.994343 -0.100861 0.033301 -90.306523 -0.098914 -0.993535 -0.055708 28.694897 0.038704 0.052099 -0.997892 1.973674
0.995786 -0.005200 0.091556 -91.007245 0.009532 -0.987115 -0.159730 28.606019 0.091207 0.159930 -0.982906 2.015928
0.986171 0.165596 0.006622 -91.654499 0.162583 -0.958934 -0.232405 28.545096 -0.032136 0.230268 -0.972597 2.065892
0.934735 0.323617 0.146771 -92.308457 0.342414 -0.930706 -0.128600 28.456785 0.094984 0.170463 -0.980775 2.086576
0.916441 0.376950 0.134329 -93.007287 0.382589 -0.923744 -0.017981 28.326523 0.117308 0.067871 -0.990774 2.074015
0.863710 0.462277 0.200763 -93.771071 0.473942 -0.880480 -0.011571 28.112197 0.171419 0.105144 -0.979571 2.055945
0.915783 0.351284 0.194784 -94.406451 0.369000 -0.927328 -0.062469 27.890761 0.158684 0.129083 -0.978855 2.071870
0.881533 0.390271 0.265684 -95.068982 0.419904 -0.905356 -0.063328 27.649909 0.215824 0.167388 -0.961978 2.075118
0.932968 0.330229 0.143243 -95.700587 0.346458 -0.931776 -0.108448 27.401165 0.097658 0.150806 -0.983728 2.101933
0.922905 0.370869 0.103451 -96.337881 0.377924 -0.923940 -0.059232 27.131273 0.073615 0.093762 -0.992869 2.084731
0.906084 0.406233 0.118263 -97.001844 0.412760 -0.910123 -0.036135 26.833245 0.092955 0.081555 -0.992325 2.081991
0.921242 0.384806 0.056903 -97.635349 0.386526 -0.921998 -0.022738 26.590664 0.043715 0.042942 -0.998121 2.055334
0.916389 0.390792 0.086676 -98.331891 0.393595 -0.919121 -0.017318 26.244576 0.072898 0.049985 -0.996086 2.058482
0.893831 0.418137 0.161947 -98.958972 0.433050 -0.898660 -0.069839 25.962798 0.116333 0.132555 -0.984325 2.027279
0.881746 0.464430 0.082641 -99.536210 0.466798 -0.884297 -0.010932 25.606518 0.068002 0.048216 -0.996519 2.043386
0.847586 0.505729 0.160737 -100.181510 0.513179 -0.858263 -0.005692 25.257154 0.135077 0.087311 -0.986981 2.028105
0.827129 0.517482 0.219247 -100.789268 0.531973 -0.846719 -0.008432 24.938774 0.181277 0.123608 -0.975633 2.008177
0.887545 0.411499 0.207202 -101.419179 0.430636 -0.900810 -0.055625 24.681785 0.163760 0.138598 -0.976715 2.016679
0.898948 0.414613 0.141377 -102.017396 0.421752 -0.906406 -0.023523 24.385994 0.118392 0.080772 -0.989676 2.030419
0.907386 0.407462 0.103082 -102.635465 0.413358 -0.909533 -0.043410 24.020752 0.076069 0.081999 -0.993725 2.059828
0.771081 0.619280 0.148075 -103.148015 0.630898 -0.774486 -0.046257 23.624663 0.086036 0.129088 -0.987894 2.076648
0.695927 0.704002 0.141659 -103.608492 0.709131 -0.704820 0.018997 23.185391 0.113218 0.087234 -0.989733 2.065338
0.620727 0.768435 0.155580 -104.098295 0.769707 -0.635024 0.065543 22.762920 0.149163 0.079066 -0.985647 2.050417
0.583276 0.793042 0.175708 -104.576065 0.770390 -0.608667 0.189797 22.245102 0.257465 0.024659 -0.965973 2.023350
0.571054 0.807975 0.145166 -105.075739 0.800490 -0.587271 0.119707 21.836084 0.181972 0.047845 -0.982139 2.017044
0.617427 0.780362 0.099088 -105.561261 0.781059 -0.623135 0.040611 21.391461 0.093436 0.052319 -0.994250 2.040296
0.586951 0.800535 0.120960 -106.110075 0.798884 -0.596918 0.073974 20.888541 0.131422 0.053214 -0.989897 2.037385
0.587053 0.793310 0.161333 -106.547220 0.800117 -0.598907 0.033517 20.407215 0.123213 0.109409 -0.986331 2.047331
0.601966 0.780112 0.170473 -106.984789 0.793512 -0.608275 -0.018447 19.946979 0.089304 0.146377 -0.985190 2.057375
0.601999 0.782668 0.158202 -107.422406 0.794873 -0.606241 -0.025455 19.399496 0.075986 0.141075 -0.987079 2.053186
0.634812 0.762221 0.126625 -107.853246 0.770005 -0.637663 -0.021866 18.915048 0.064077 0.111382 -0.991710 2.066528
0.567665 0.820193 0.070996 -108.357969 0.820738 -0.570563 0.029121 18.353317 0.064392 0.041738 -0.997051 2.043155
0.588714 0.800832 0.109927 -108.879296 0.802185 -0.595555 0.042594 17.869648 0.099578 0.063106 -0.993027 2.029949
0.559845 0.814098 0.154332 -109.371468 0.823871 -0.566776 0.001108 17.404618 0.088373 0.126530 -0.988018 2.059553
0.655524 0.745732 0.119046 -109.825977 0.754327 -0.654066 -0.056458 16.976960 0.035762 0.126809 -0.991282 2.080922
0.541415 0.810644 0.222993 -110.237468 0.832468 -0.554027 -0.007142 16.488649 0.117754 0.189501 -0.974794 2.090069
0.565235 0.802595 0.190659 -110.558109 0.814300 -0.579829 0.026731 15.940806 0.132004 0.140145 -0.981292 2.085236
0.473551 0.848640 0.235711 -110.873915 0.868155 -0.494871 0.037552 15.371027 0.148515 0.186850 -0.971098 2.060444
0.456515 0.863142 0.215822 -111.166200 0.885061 -0.465343 -0.011059 14.814025 0.090885 0.196064 -0.976370 2.079084
0.523241 0.840599 0.140046 -111.581532 0.852004 -0.519401 -0.065662 14.273337 0.017545 0.153677 -0.987965 2.095521
0.532337 0.832218 0.155018 -111.953109 0.841948 -0.539534 0.005225 13.747011 0.087986 0.127736 -0.987898 2.088268
0.531419 0.829094 0.173773 -112.342509 0.833666 -0.548264 0.066391 13.228135 0.150318 0.109587 -0.982545 2.063543
0.500677 0.842456 0.198973 -112.755249 0.859212 -0.511603 0.004098 12.643793 0.105248 0.168909 -0.979996 2.090828
0.550762 0.816561 0.172886 -113.171759 0.828835 -0.559489 0.002120 12.161652 0.098459 0.142126 -0.984940 2.101854
0.527143 0.837372 0.144664 -113.630329 0.838257 -0.540342 0.073175 11.595524 0.139443 0.082691 -0.986771 2.088647
0.543756 0.819793 0.179637 -114.078638 0.832744 -0.553627 0.005844 11.131699 0.104243 0.146414 -0.983716 2.102527
0.481004 0.849064 0.218461 -114.572799 0.863834 -0.501548 0.047328 10.601582 0.149753 0.165950 -0.974697 2.081049
0.571099 0.802567 0.172431 -115.056408 0.813508 -0.581432 0.011855 10.123547 0.109772 0.133504 -0.984950 2.117818
0.526557 0.838959 0.137425 -115.532428 0.848033 -0.529718 -0.015473 9.553832 0.059815 0.124688 -0.990391 2.133024
0.597964 0.790947 0.129777 -115.929478 0.795713 -0.605257 0.022485 9.039988 0.096333 0.089821 -0.991288 2.149340
0.520567 0.840521 0.150115 -116.320726 0.847894 -0.529581 0.024898 8.528843 0.100426 0.114321 -0.988355 2.162199
0.574086 0.808686 0.128270 -116.692787 0.815630 -0.578566 -0.002834 8.020277 0.071921 0.106247 -0.991735 2.181051
0.611427 0.790509 0.035404 -117.072225 0.789574 -0.612436 0.038672 7.532989 0.052253 0.004308 -0.998625 2.176783
0.663284 0.748201 -0.015834 -117.461906 0.748324 -0.662866 0.024886 6.981986 0.008124 -0.028356 -0.999565 2.200061
0.588836 0.803241 0.089866 -117.912274 0.807549 -0.589315 -0.023942 6.452506 0.033728 0.086668 -0.995666 2.198037
0.560777 0.819840 0.115721 -118.343081 0.827753 -0.551950 -0.100880 6.002203 -0.018834 0.152360 -0.988146 2.206654
0.601740 0.784929 0.147632 -118.826759 0.793809 -0.608163 -0.002046 5.600369 0.088179 0.118423 -0.989040 2.179029
0.582595 0.790375 0.189450 -119.267010 0.809329 -0.585558 -0.045923 5.120443 0.074637 0.180082 -0.980816 2.199333
0.636922 0.753873 0.161264 -119.632482 0.765221 -0.643627 -0.013474 4.671559 0.093636 0.131984 -0.986819 2.190976
0.542882 0.811418 0.216518 -119.997765 0.830972 -0.556312 0.001300 4.137064 0.121507 0.179215 -0.976278 2.214050
0.598159 0.791758 0.123798 -120.405658 0.796873 -0.604012 0.012719 3.609075 0.084846 0.091043 -0.992226 2.235738
0.501933 0.856077 0.123270 -120.804526 0.862541 -0.505983 0.001809 3.073732 0.063921 0.105417 -0.992372 2.244914
0.570865 0.805976 0.156573 -121.259428 0.820245 -0.568255 -0.065458 2.543444 0.036216 0.165796 -0.985495 2.264536
0.464031 0.862366 0.202487 -121.623230 0.873310 -0.483645 0.058455 1.975243 0.148341 0.149709 -0.977539 2.239076
0.526516 0.825664 0.202631 -121.963342 0.844235 -0.535878 -0.010108 1.451939 0.100240 0.176390 -0.979203 2.294533
0.515476 0.832643 0.202462 -122.359150 0.847011 -0.530898 0.026843 0.925359 0.129837 0.157651 -0.978922 2.316964
0.590803 0.791174 0.158101 -122.743537 0.800186 -0.599658 0.010635 0.404095 0.103220 0.120227 -0.987366 2.341160
0.520015 0.795743 0.310447 -123.182082 0.834800 -0.550411 0.012491 -0.087477 0.180814 0.252666 -0.950508 2.315277
0.617373 0.775443 0.132438 -123.616595 0.785293 -0.617455 -0.045439 -0.605526 0.046539 0.132055 -0.990149 2.360740
0.724666 0.688954 0.014218 -124.076457 0.689058 -0.724695 -0.003902 -1.144344 0.007616 0.012625 -0.999891 2.431449
0.672416 0.735628 0.081905 -124.419684 0.738744 -0.660124 -0.135992 -1.731054 -0.045972 0.151950 -0.987318 2.423595
0.634614 0.760129 0.139531 -124.837678 0.768322 -0.640015 -0.007843 -2.327652 0.083340 0.112182 -0.990187 2.398983
0.629281 0.771550 0.093364 -125.211532 0.775189 -0.631714 -0.004426 -2.909759 0.055565 0.075160 -0.995622 2.419071
0.551261 0.831003 0.074468 -125.607544 0.834192 -0.550606 -0.030921 -3.469520 0.015307 0.079166 -0.996744 2.417923
0.498380 0.864179 0.069371 -126.013476 0.866959 -0.496814 -0.039475 -4.022734 0.000351 0.079815 -0.996810 2.448998
0.536687 0.840588 0.073341 -126.462090 0.843765 -0.535189 -0.040414 -4.556911 0.005280 0.083572 -0.996488 2.466112
0.528576 0.845647 0.074085 -126.921665 0.848269 -0.522847 -0.084088 -5.063389 -0.032374 0.107291 -0.993701 2.515440
0.615558 0.779697 0.114725 -127.359209 0.786295 -0.617437 -0.022634 -5.584860 0.053187 0.104140 -0.993139 2.537411
0.585507 0.795645 0.155342 -127.803737 0.809807 -0.582874 -0.066864 -6.102301 0.037345 0.164947 -0.985595 2.557081
0.622887 0.747222 0.231673 -128.254232 0.755656 -0.651321 0.069032 -6.653958 0.202475 0.132066 -0.970341 2.543014
0.563855 0.812085 0.150284 -128.707391 0.814832 -0.576685 0.059024 -7.189030 0.134599 0.089175 -0.986879 2.569419
0.528977 0.834078 0.156514 -129.169510 0.846968 -0.530439 -0.035773 -7.799818 0.053184 0.151485 -0.987028 2.655560
0.497398 0.858968 0.121529 -129.583571 0.865566 -0.500785 -0.003066 -8.337000 0.058226 0.106717 -0.992583 2.658926
0.499218 0.866443 -0.007593 -129.924224 0.865160 -0.497958 0.059470 -8.941555 0.047746 -0.036257 -0.998201 2.641279
0.457885 0.886229 0.070283 -130.305596 0.871594 -0.463081 0.160869 -9.524216 0.175114 -0.012401 -0.984470 2.614961
0.393857 0.903892 0.166899 -130.720144 0.898800 -0.416742 0.135955 -10.095846 0.192443 0.096462 -0.976556 2.632341
0.441866 0.894667 0.065765 -131.212411 0.883406 -0.446711 0.141575 -10.619961 0.156041 -0.004460 -0.987741 2.654943
0.380319 0.920008 0.094563 -131.672695 0.918729 -0.387569 0.075678 -11.129856 0.106274 0.058096 -0.992638 2.683941
0.497485 0.848556 0.180172 -132.161441 0.860389 -0.509150 0.022268 -11.637602 0.110630 0.143940 -0.983383 2.721525
0.488058 0.835797 0.251480 -132.600361 0.859208 -0.510748 0.029975 -12.182753 0.153496 0.201444 -0.967398 2.733328
0.566516 0.809842 0.152363 -133.022085 0.818160 -0.574836 0.013295 -12.801298 0.098351 0.117126 -0.988235 2.724961
0.439776 0.840529 0.316398 -133.468279 0.874858 -0.480568 0.060650 -13.406183 0.203028 0.250131 -0.946686 2.728483
0.519633 0.815265 0.255588 -133.864222 0.824335 -0.557040 0.100881 -13.963745 0.224617 0.158269 -0.961508 2.752567
0.483816 0.844913 0.228130 -134.234252 0.859735 -0.507592 0.056625 -14.513985 0.163640 0.168735 -0.971983 2.779836
0.531077 0.825440 0.191329 -134.600019 0.838924 -0.543947 0.018098 -15.076733 0.119012 0.150900 -0.981359 2.799917
0.486622 0.837632 0.248136 -135.053937 0.866592 -0.498767 -0.015796 -15.668408 0.110531 0.222719 -0.968596 2.828771
0.517030 0.823227 0.234471 -135.440102 0.849812 -0.526469 -0.025484 -16.209541 0.102462 0.212432 -0.971789 2.833372
0.538142 0.810597 0.230947 -135.886062 0.836289 -0.547649 -0.026499 -16.743553 0.104998 0.207398 -0.972606 2.835078
0.554833 0.820692 0.136471 -136.291599 0.831583 -0.552020 -0.061191 -17.280681 0.025115 0.147438 -0.988752 2.857387
0.566771 0.799375 0.199426 -136.740096 0.817679 -0.575413 -0.017381 -17.819932 0.100858 0.172917 -0.979759 2.835217
0.536835 0.807682 0.243841 -137.159999 0.831609 -0.555297 0.008474 -18.380439 0.142249 0.198232 -0.969778 2.836913
0.555840 0.805239 0.206474 -137.645280 0.821469 -0.570126 0.012022 -18.957640 0.127397 0.162930 -0.978378 2.850525
0.504634 0.842803 0.187157 -138.047766 0.859208 -0.511446 -0.013559 -19.515795 0.084293 0.167649 -0.982236 2.874444
0.531820 0.811508 0.242122 -138.498537 0.837338 -0.546639 -0.007068 -20.095831 0.126618 0.206497 -0.970220 2.885164
0.479446 0.853226 0.205273 -138.914627 0.874169 -0.484917 -0.026175 -20.652198 0.077207 0.191993 -0.978355 2.919802
0.542701 0.824070 0.162430 -139.340976 0.838202 -0.543747 -0.041911 -21.190586 0.053783 0.158894 -0.985830 2.964215
0.488459 0.853901 0.179612 -139.784255 0.868774 -0.495133 -0.008720 -21.855128 0.081486 0.160301 -0.983699 2.978699
0.484580 0.861854 0.149634 -140.147438 0.871788 -0.489881 -0.001642 -22.478611 0.071887 0.131245 -0.988740 2.995797
0.421570 0.889322 0.177159 -140.525010 0.902506 -0.430471 0.013308 -23.046325 0.088097 0.154277 -0.984092 3.029404
0.417117 0.882714 0.216403 -140.944929 0.903081 -0.429339 0.010596 -23.688474 0.102264 0.191009 -0.976247 3.046130
0.302026 0.941861 0.147232 -141.275090 0.951050 -0.308302 0.021299 -24.247730 0.065453 0.133592 -0.988873 3.079676
0.388408 0.906725 0.164282 -141.567568 0.921363 -0.385068 -0.053046 -24.799772 0.015162 0.171967 -0.984986 3.105181
0.418397 0.889115 0.185522 -141.882387 0.908026 -0.404790 -0.107860 -25.322233 -0.020803 0.213587 -0.976703 3.103411
0.512568 0.852057 0.106170 -142.297244 0.858580 -0.507060 -0.075700 -25.894135 -0.010666 0.129957 -0.991462 3.108517
0.475786 0.860238 0.183355 -142.763374 0.879416 -0.469038 -0.081423 -26.373610 0.015957 0.199986 -0.979669 3.103067
0.437832 0.892331 0.109764 -143.163975 0.897119 -0.425607 -0.118475 -26.884602 -0.059003 0.150344 -0.986872 3.096537
0.365117 0.919652 0.144673 -143.613123 0.930772 -0.363742 -0.036805 -27.347048 0.018776 0.148096 -0.988795 3.099153
0.393664 0.913278 0.104654 -144.025134 0.917760 -0.383982 -0.101361 -27.835961 -0.052386 0.135950 -0.989330 3.109389
0.439685 0.883388 0.162179 -144.426734 0.897910 -0.436536 -0.056525 -28.379414 0.020863 0.170475 -0.985141 3.088568
0.420995 0.886626 0.191463 -144.799083 0.904016 -0.427413 -0.008521 -29.010819 0.074279 0.176674 -0.981463 3.083464
0.433470 0.898342 0.071316 -145.159804 0.900915 -0.430113 -0.057918 -29.650066 -0.021356 0.089355 -0.995771 3.113263
0.296097 0.946614 0.127471 -145.450486 0.953903 -0.299901 0.011319 -30.275268 0.048944 0.118244 -0.991778 3.108443
0.374664 0.920547 0.110546 -145.751131 0.927127 -0.370958 -0.053161 -30.905162 -0.007930 0.122408 -0.992448 3.121159
0.235401 0.951076 0.200103 -146.030531 0.971493 -0.236206 -0.020194 -31.525445 0.028059 0.199153 -0.979567 3.144417
0.291847 0.947053 0.133850 -146.311075 0.954393 -0.297556 0.024393 -32.138717 0.062930 0.120627 -0.990701 3.140883
0.240831 0.962775 0.122740 -146.656930 0.965112 -0.250944 0.074738 -32.753182 0.102757 0.100458 -0.989621 3.159018
0.269135 0.947444 0.172964 -147.045499 0.960663 -0.276864 0.021767 -33.447396 0.068510 0.160302 -0.984688 3.185813
0.199928 0.964579 0.172093 -147.351350 0.979365 -0.202028 -0.005410 -34.081742 0.029549 0.169624 -0.985066 3.208890
0.241555 0.945553 0.218128 -147.607486 0.970371 -0.234080 -0.059887 -34.736696 -0.005567 0.226132 -0.974081 3.227525
0.215589 0.940065 0.264195 -147.882877 0.976335 -0.212253 -0.041466 -35.397708 0.017095 0.266883 -0.963577 3.236122
0.213373 0.968197 0.130640 -148.070979 0.976652 -0.214804 -0.003202 -36.050564 0.024961 0.128273 -0.991425 3.226614
0.164959 0.973538 0.158151 -148.309191 0.984407 -0.172442 0.034724 -36.736496 0.061077 0.149957 -0.986804 3.227458
0.102253 0.979015 0.176280 -148.452855 0.994676 -0.102904 -0.005473 -37.419265 0.012782 0.175901 -0.984325 3.233721
0.132691 0.975334 0.176401 -148.584572 0.990968 -0.134025 -0.004386 -38.084214 0.019365 0.175390 -0.984309 3.217735
0.059566 0.981064 0.184295 -148.608200 0.997223 -0.066749 0.033016 -38.807483 0.044693 0.181816 -0.982316 3.188564
0.009277 0.987397 0.157993 -148.669269 0.999435 -0.004051 -0.033371 -39.484557 -0.032311 0.158214 -0.986876 3.160267
-0.059972 0.994720 0.083280 -148.725429 0.997954 0.061600 -0.017115 -40.146157 -0.022155 0.082083 -0.996379 3.124091
-0.026001 0.998461 0.048984 -148.817215 0.996042 0.030042 -0.083650 -40.805575 -0.084993 0.046615 -0.995291 3.079526
-0.113807 0.990778 0.073531 -148.866818 0.986220 0.121608 -0.112166 -41.451530 -0.120073 0.059752 -0.990965 3.055167
-0.064024 0.993939 0.089367 -148.916424 0.989412 0.074910 -0.124308 -42.071035 -0.130249 0.080462 -0.988211 3.040486
-0.172865 0.976384 0.129586 -148.914873 0.980038 0.183626 -0.076200 -42.705197 -0.098196 0.113827 -0.988636 3.042966
-0.098992 0.986048 0.133829 -148.898507 0.993173 0.106243 -0.048158 -43.350259 -0.061705 0.128148 -0.989834 3.014095
-0.200771 0.960045 0.194946 -148.921007 0.979608 0.195187 0.047643 -44.085070 0.007689 0.200536 -0.979656 2.979681
-0.133931 0.980739 0.142175 -148.914587 0.990991 0.132601 0.018832 -44.756313 -0.000383 0.143416 -0.989662 2.956416
-0.188147 0.967790 0.167281 -148.925170 0.981795 0.180810 0.058197 -45.412875 0.026076 0.175185 -0.984190 2.938606
-0.116759 0.982654 0.144079 -148.862043 0.993146 0.116291 0.011694 -46.149630 -0.005264 0.144457 -0.989497 2.925083
-0.188005 0.977898 0.091483 -148.732715 0.980722 0.191965 -0.036525 -46.773790 -0.053280 0.082853 -0.995137 2.899656
-0.270224 0.955958 0.114560 -148.513298 0.961856 0.273303 -0.011779 -47.423891 -0.042570 0.107007 -0.993347 2.899721
-0.379405 0.915462 0.134091 -148.364654 0.924701 0.380089 0.021471 -48.045732 -0.031310 0.132140 -0.990736 2.869598
-0.374321 0.927231 0.011220 -148.196054 0.927201 0.374430 -0.009987 -48.683952 -0.013462 0.006664 -0.999887 2.815314
-0.444838 0.885842 0.131924 -148.088861 0.895491 0.442342 0.049298 -49.422647 -0.014686 0.140066 -0.990033 2.806463
-0.464411 0.882345 0.076088 -147.960739 0.885518 0.461337 0.055007 -50.061202 0.013433 0.092923 -0.995583 2.766966
-0.450322 0.892734 0.015332 -147.786058 0.892570 0.449664 0.033488 -50.691486 0.023001 0.028765 -0.999322 2.688059
-0.582244 0.812770 0.019939 -147.457194 0.808641 0.576397 0.117757 -51.328087 0.084216 0.084687 -0.992842 2.590242
-0.584507 0.806375 0.090061 -147.096455 0.802242 0.557726 0.212955 -51.957764 0.121492 0.196725 -0.972902 2.469535
-0.688719 0.724230 -0.034012 -146.623074 0.699113 0.675800 0.233528 -52.547866 0.192113 0.137057 -0.971755 2.432726
-0.664120 0.746903 -0.032889 -146.238150 0.723951 0.653449 0.221129 -53.117417 0.186653 0.123046 -0.974690 2.456299
-0.689257 0.723410 0.040035 -145.823236 0.724015 0.685669 0.075239 -53.723964 0.026978 0.080845 -0.996361 2.507617
-0.698518 0.714862 0.032313 -145.472655 0.711466 0.688940 0.138486 -54.304631 0.076736 0.119724 -0.989837 2.537062
-0.664103 0.747587 0.009021 -145.172758 0.743472 0.659078 0.113427 -54.869234 0.078851 0.082034 -0.993505 2.546601
-0.596954 0.801737 0.029373 -144.901303 0.799754 0.591779 0.100956 -55.453725 0.063558 0.083757 -0.994457 2.604120
-0.701325 0.712388 0.025418 -144.598143 0.712783 0.700366 0.037795 -56.005600 0.009122 0.044624 -0.998962 2.602942
-0.691977 0.721868 0.008605 -144.246026 0.721876 0.692017 -0.002751 -56.584471 -0.007941 0.004309 -0.999959 2.577545
-0.722470 0.682150 0.112733 -143.918194 0.691164 0.716835 0.091868 -57.180115 -0.018143 0.144289 -0.989369 2.561391
-0.681358 0.731921 0.006526 -143.490189 0.729146 0.677942 0.093492 -57.836520 0.064005 0.068460 -0.995599 2.548762
-0.726926 0.686681 0.006900 -143.121122 0.686641 0.726664 0.021975 -58.377440 0.010076 0.020712 -0.999735 2.538367
-0.775343 0.630036 -0.043557 -142.721422 0.631485 0.774339 -0.040329 -58.894030 0.008319 -0.058775 -0.998237 2.539799
-0.790886 0.611915 0.007770 -142.350649 0.611102 0.790382 -0.043017 -59.432546 -0.032464 -0.029273 -0.999044 2.536575
-0.802984 0.594088 0.047715 -141.932792 0.595596 0.802814 0.027482 -59.957601 -0.021980 0.050487 -0.998483 2.530017
-0.764240 0.644386 0.026522 -141.546627 0.644922 0.763813 0.025799 -60.454782 -0.003633 0.036822 -0.999315 2.519581
-0.813426 0.579543 -0.049682 -141.091130 0.573589 0.813382 0.096986 -60.968028 0.096618 0.050394 -0.994045 2.488343
-0.797611 0.600173 0.060077 -140.695855 0.603060 0.795418 0.060235 -61.498479 -0.011635 0.084275 -0.996375 2.532704
-0.839393 0.536005 0.090103 -140.319104 0.542413 0.836685 0.075801 -62.037279 -0.034758 0.112500 -0.993044 2.519375
-0.801495 0.593900 0.069909 -139.925805 0.597635 0.791420 0.128402 -62.624934 0.020930 0.144694 -0.989255 2.475867
-0.807686 0.588903 -0.028932 -139.469709 0.586376 0.807419 0.065100 -63.224957 0.061698 0.035615 -0.997459 2.456585
-0.782585 0.617855 -0.076260 -139.040030 0.616164 0.786224 0.046833 -63.699294 0.088893 -0.010338 -0.995988 2.463944
-0.789839 0.612902 -0.022453 -138.618897 0.605774 0.785329 0.127658 -64.253739 0.095875 0.087228 -0.991564 2.468340
-0.753868 0.656322 -0.030417 -138.127386 0.648527 0.750740 0.125704 -64.818457 0.105338 0.075038 -0.991601 2.450718
-0.799367 0.598575 -0.052169 -137.671009 0.590383 0.798614 0.116890 -65.310102 0.111630 0.062638 -0.991774 2.436613
-0.860720 0.508970 0.010565 -137.223942 0.508178 0.857776 0.077304 -65.758362 0.030283 0.071906 -0.996952 2.445000
-0.861340 0.507868 0.012777 -136.798140 0.507766 0.859815 0.053776 -66.281931 0.016325 0.052807 -0.998471 2.449288
-0.867012 0.497942 0.018564 -136.343691 0.498233 0.865766 0.047039 -66.739323 0.007351 0.050033 -0.998721 2.437355
-0.835508 0.545908 0.062541 -135.896984 0.549197 0.826007 0.126865 -67.219176 0.017597 0.140344 -0.989946 2.422145
-0.832130 0.554095 0.023205 -135.403593 0.554005 0.828631 0.080301 -67.634825 0.025266 0.079677 -0.996500 2.415093
-0.805897 0.591945 0.011480 -134.928681 0.591859 0.804976 0.041438 -68.028618 0.015288 0.040189 -0.999075 2.389448
-0.865808 0.500360 0.004091 -134.420712 0.498248 0.861342 0.099194 -68.452306 0.046110 0.087921 -0.995060 2.387575
-0.792223 0.610171 0.008614 -133.919549 0.609099 0.789814 0.072063 -68.919912 0.037167 0.062336 -0.997363 2.394470
-0.815791 0.575404 -0.058263 -133.432930 0.576023 0.817401 0.007241 -69.299169 0.051791 -0.027653 -0.998275 2.367284
