1.000000 0.000000 0.000000 -0.001832 0.000000 1.000000 0.000000 0.003850 0.000000 0.000000 1.000000 -0.011013
1.000000 0.000000 0.000000 -0.002537 0.000000 1.000000 0.000000 0.002908 0.000000 0.000000 1.000000 -0.016010
1.000000 0.000000 0.000000 0.005919 0.000000 1.000000 0.000000 -0.002789 0.000000 0.000000 1.000000 -0.003991
1.000000 0.000000 0.000000 0.004228 0.000000 1.000000 0.000000 0.003493 0.000000 0.000000 1.000000 -0.007012
1.000000 0.000000 0.000000 0.009443 0.000000 1.000000 0.000000 -0.002641 0.000000 0.000000 1.000000 -0.014991
1.000000 0.000000 0.000000 0.009302 0.000000 1.000000 0.000000 0.001593 0.000000 0.000000 1.000000 -0.022005
1.000000 0.000000 0.000000 0.011416 0.000000 1.000000 0.000000 -0.001359 0.000000 0.000000 1.000000 -0.018996
1.000000 0.000000 0.000000 0.010711 0.000000 1.000000 0.000000 0.003754 0.000000 0.000000 1.000000 -0.040013
1.000000 0.000000 0.000000 0.012261 0.000000 1.000000 0.000000 0.000955 0.000000 0.000000 1.000000 -0.047003
1.000000 0.000000 0.000000 0.011698 0.000000 1.000000 0.000000 0.003717 0.000000 0.000000 1.000000 -0.051013
1.000000 0.000000 0.000000 0.012966 0.000000 1.000000 0.000000 -0.000149 0.000000 0.000000 1.000000 -0.045000
1.000000 0.000000 0.000000 0.009443 0.000000 1.000000 0.000000 0.005066 0.000000 0.000000 1.000000 -0.035017
1.000000 0.000000 0.000000 0.013389 0.000000 1.000000 0.000000 0.004068 0.000000 0.000000 1.000000 -0.057014
1.000000 0.000000 0.000000 0.010711 0.000000 1.000000 0.000000 0.006312 0.000000 0.000000 1.000000 -0.050021
1.000000 0.000000 0.000000 0.014939 0.000000 1.000000 0.000000 0.005396 0.000000 0.000000 1.000000 -0.047018
1.000000 0.000000 0.000000 0.016348 0.000000 1.000000 0.000000 0.003156 0.000000 0.000000 1.000000 -0.053011
1.000000 0.000000 0.000000 0.014657 0.000000 1.000000 0.000000 0.004778 0.000000 0.000000 1.000000 -0.066016
1.000000 0.000000 0.000000 0.021845 0.000000 1.000000 0.000000 0.002187 0.000000 0.000000 1.000000 -0.066008
1.000000 0.000000 0.000000 0.024382 0.000000 1.000000 0.000000 0.003886 0.000000 0.000000 1.000000 -0.056013
1.000000 0.000000 0.000000 0.022127 0.000000 1.000000 0.000000 0.008456 0.000000 0.000000 1.000000 -0.073028
1.000000 0.000000 0.000000 0.019308 0.000000 1.000000 0.000000 0.012346 0.000000 0.000000 1.000000 -0.072041
1.000000 0.000000 0.000000 0.021563 0.000000 1.000000 0.000000 0.015856 0.000000 0.000000 1.000000 -0.074053
1.000000 0.000000 0.000000 0.025086 0.000000 1.000000 0.000000 0.009392 0.000000 0.000000 1.000000 -0.070032
1.000000 0.000000 0.000000 0.024805 0.000000 1.000000 0.000000 0.009008 0.000000 0.000000 1.000000 -0.074030
1.000000 0.000000 0.000000 0.001691 0.000000 1.000000 0.000000 -0.095775 0.000000 0.000000 1.000000 -0.249684
1.000000 0.000000 0.000000 -0.001550 0.000000 1.000000 0.000000 -0.091932 0.000000 0.000000 1.000000 -0.262696
1.000000 0.000000 0.000000 -0.005919 0.000000 1.000000 0.000000 -0.088590 0.000000 0.000000 1.000000 -0.259707
1.000000 0.000000 0.000000 0.003382 0.000000 1.000000 0.000000 -0.097441 0.000000 0.000000 1.000000 -0.249678
1.000000 0.000000 0.000000 0.000987 0.000000 1.000000 0.000000 -0.096301 0.000000 0.000000 1.000000 -0.240682
1.000000 0.000000 0.000000 0.030583 0.000000 1.000000 0.000000 0.015066 0.000000 0.000000 1.000000 -0.089050
1.000000 0.000000 0.000000 0.032274 0.000000 1.000000 0.000000 0.013942 0.000000 0.000000 1.000000 -0.093047
1.000000 0.000000 0.000000 0.029314 0.000000 1.000000 0.000000 0.017813 0.000000 0.000000 1.000000 -0.098060
1.000000 0.000000 0.000000 0.031569 0.000000 1.000000 0.000000 0.017608 0.000000 0.000000 1.000000 -0.104059
1.000000 0.000000 0.000000 0.032979 0.000000 1.000000 0.000000 0.016692 0.000000 0.000000 1.000000 -0.101056
1.000000 0.000000 0.000000 0.033543 0.000000 1.000000 0.000000 0.017062 0.000000 0.000000 1.000000 -0.101057
1.000000 0.000000 0.000000 0.033965 0.000000 1.000000 0.000000 0.018163 0.000000 0.000000 1.000000 -0.104061
1.000000 0.000000 0.000000 0.032979 0.000000 1.000000 0.000000 0.020575 0.000000 0.000000 1.000000 -0.102069
1.000000 0.000000 0.000000 0.034529 0.000000 1.000000 0.000000 0.024065 0.000000 0.000000 1.000000 -0.110080
1.000000 0.000000 0.000000 0.037630 0.000000 1.000000 0.000000 0.022575 0.000000 0.000000 1.000000 -0.113076
1.000000 0.000000 0.000000 0.032979 0.000000 1.000000 0.000000 0.023682 0.000000 0.000000 1.000000 -0.114079
1.000000 0.000000 0.000000 0.038193 0.000000 1.000000 0.000000 0.024396 0.000000 0.000000 1.000000 -0.122082
1.000000 0.000000 0.000000 0.034529 0.000000 1.000000 0.000000 0.024551 0.000000 0.000000 1.000000 -0.131082
1.000000 0.000000 0.000000 0.037207 0.000000 1.000000 0.000000 0.020301 0.000000 0.000000 1.000000 -0.129068
1.000000 0.000000 0.000000 0.042703 0.000000 1.000000 0.000000 0.030655 0.000000 0.000000 1.000000 -0.132102
1.000000 0.000000 0.000000 0.041576 0.000000 1.000000 0.000000 0.134583 0.000000 0.000000 1.000000 -0.158447
1.000000 0.000000 0.000000 0.042421 0.000000 1.000000 0.000000 0.335493 0.000000 0.000000 1.000000 -0.185114
1.000000 0.000000 0.000000 0.032274 0.000000 1.000000 0.000000 0.509540 0.000000 0.000000 1.000000 -0.219692
1.000000 0.000000 0.000000 0.429852 0.000000 1.000000 0.000000 0.627500 0.000000 0.000000 1.000000 -1.037088
1.000000 0.000000 0.000000 0.066803 0.000000 1.000000 0.000000 0.820334 0.000000 0.000000 1.000000 -0.206723
1.000000 0.000000 0.000000 0.079910 0.000000 1.000000 0.000000 0.875118 0.000000 0.000000 1.000000 -0.206905
1.000000 0.000000 0.000000 0.046368 0.000000 1.000000 0.000000 1.022953 0.000000 0.000000 1.000000 -0.220396
1.000000 0.000000 0.000000 0.052992 0.000000 1.000000 0.000000 1.142540 0.000000 0.000000 1.000000 -0.212793
1.000000 0.000000 0.000000 0.039462 0.000000 1.000000 0.000000 1.323389 0.000000 0.000000 1.000000 -0.205393
1.000000 0.000000 0.000000 0.050596 0.000000 1.000000 0.000000 1.470937 0.000000 0.000000 1.000000 -0.193882
1.000000 0.000000 0.000000 0.005215 0.000000 1.000000 0.000000 1.628714 0.000000 0.000000 1.000000 -0.167406
1.000000 0.000000 0.000000 0.010570 0.000000 1.000000 0.000000 1.752373 0.000000 0.000000 1.000000 -0.215816
0.989224 0.016974 0.145419 -0.002255 0.016772 -0.999856 0.002611 1.901332 0.145443 -0.000144 -0.989367 -0.225311
0.998611 0.014100 0.050774 -0.045522 0.013671 -0.999868 0.008793 2.053249 0.050891 -0.008086 -0.998671 -0.235815
0.990307 -0.098615 0.097809 -0.069340 -0.097565 -0.995109 -0.015469 2.162489 0.098856 0.005776 -0.995085 -0.223177
0.987283 -0.142680 0.070097 -0.122332 -0.141751 -0.989737 -0.018083 2.272806 0.071958 0.007916 -0.997376 -0.220544
0.981814 -0.179896 0.060645 -0.180256 -0.179654 -0.983684 -0.009459 2.433728 0.061357 -0.001608 -0.998115 -0.250078
0.969194 -0.245043 0.024843 -0.239589 -0.245180 -0.969474 0.002595 2.590844 0.023448 -0.008606 -0.999688 -0.255599
0.960560 -0.275835 0.035208 -0.287507 -0.275259 -0.961154 -0.020376 2.708908 0.039461 0.009881 -0.999172 -0.260991
0.942816 -0.332093 0.028517 -0.337821 -0.331783 -0.943234 -0.015119 2.838738 0.031919 0.004793 -0.999479 -0.234422
0.929459 -0.363347 0.063913 -0.378128 -0.361117 -0.931485 -0.043945 2.978611 0.075501 0.017765 -0.996987 -0.248886
0.931794 -0.360140 0.045389 -0.439435 -0.358206 -0.932531 -0.045548 3.159215 0.058730 0.026183 -0.997930 -0.259486
0.931424 -0.360483 0.050007 -0.481152 -0.358563 -0.932493 -0.043462 3.274242 0.062299 0.022550 -0.997803 -0.287867
0.932006 -0.360228 0.040016 -0.517372 -0.358628 -0.932534 -0.042026 3.405235 0.052456 0.024818 -0.998315 -0.301302
0.930979 -0.354462 0.087379 -0.566699 -0.353605 -0.935044 -0.025625 3.533191 0.090786 -0.007041 -0.995846 -0.281727
0.933030 -0.348188 0.090667 -0.629697 -0.347180 -0.937405 -0.027174 3.677549 0.094453 -0.006123 -0.995510 -0.283206
0.935653 -0.351037 0.036411 -0.685507 -0.351029 -0.936340 -0.006829 3.815046 0.036490 -0.006391 -0.999314 -0.288662
0.936269 -0.350400 0.024912 -0.771901 -0.350503 -0.936562 -0.000249 3.955799 0.023419 -0.008498 -0.999690 -0.317130
0.936042 -0.351491 0.016699 -0.837153 -0.351522 -0.936179 -0.001168 4.066149 0.016044 -0.004776 -0.999860 -0.304496
0.922411 -0.385641 0.020950 -0.904802 -0.385659 -0.922635 -0.003308 4.175802 0.020605 -0.005028 -0.999775 -0.278860
0.912490 -0.408944 0.011274 -0.966813 -0.408438 -0.912235 -0.031710 4.314585 0.023252 0.024331 -0.999434 -0.287320
0.889814 -0.456299 0.004692 -1.078575 -0.456139 -0.889700 -0.019280 4.421630 0.012972 0.015016 -0.999803 -0.266676
0.868728 -0.494956 0.018144 -1.132271 -0.494508 -0.868833 -0.024329 4.555608 0.027806 0.012163 -0.999539 -0.273120
0.842398 -0.538646 0.015039 -1.256857 -0.538536 -0.842531 -0.010961 4.686551 0.018575 0.001135 -0.999827 -0.301555
0.816159 -0.576926 0.032277 -1.350156 -0.577256 -0.816562 0.001134 4.803171 0.025702 -0.019557 -0.999478 -0.295942
0.804143 -0.594217 0.016149 -1.422315 -0.594348 -0.804195 0.004555 4.908871 0.010280 -0.013261 -0.999859 -0.290293
0.787545 -0.615926 0.020222 -1.527171 -0.616253 -0.786991 0.029624 5.023696 -0.002332 -0.035792 -0.999357 -0.267674
0.773956 -0.632008 0.039461 -1.612436 -0.632698 -0.774368 0.006932 5.125516 0.026176 -0.030332 -0.999197 -0.260012
0.772608 -0.633946 0.034490 -1.730680 -0.634327 -0.773065 0.000144 5.260872 0.026572 -0.021990 -0.999405 -0.297461
0.773755 -0.633021 0.024238 -1.818906 -0.633400 -0.773711 0.013237 5.375079 0.010374 -0.025595 -0.999619 -0.293840
0.773755 -0.633021 0.024238 -1.908963 -0.633400 -0.773711 0.013237 5.519407 0.010374 -0.025595 -0.999619 -0.304320
0.769483 -0.638117 0.026512 -1.978444 -0.638524 -0.769528 0.010702 5.600330 0.013572 -0.025163 -0.999591 -0.291588
0.774460 -0.631318 0.040615 -2.035241 -0.631225 -0.775420 -0.016697 5.729182 0.042035 -0.012706 -0.999035 -0.281016
0.805247 -0.592549 0.021513 -2.115433 -0.592116 -0.805511 -0.023475 5.871193 0.031239 0.006165 -0.999493 -0.320487
0.835091 -0.546824 0.060049 -2.196470 -0.545500 -0.837247 -0.038043 6.001232 0.071079 -0.000988 -0.997470 -0.286919
0.854548 -0.518754 0.025358 -2.276803 -0.517909 -0.854786 -0.033331 6.139456 0.038967 0.015350 -0.999123 -0.296378
0.861224 -0.508149 0.008883 -2.340646 -0.508012 -0.861237 -0.013962 6.272720 0.014746 0.007512 -0.999863 -0.294820
0.860560 -0.509315 0.005822 -2.403926 -0.509206 -0.860534 -0.013779 6.416153 0.012028 0.008893 -0.999888 -0.296296
0.859671 -0.510750 0.010015 -2.481581 -0.510706 -0.859729 -0.006704 6.537283 0.012035 0.000649 -0.999927 -0.325698
0.856751 -0.514605 0.034037 -2.555572 -0.514755 -0.857323 -0.004869 6.654273 0.031687 -0.013349 -0.999409 -0.320087
0.859078 -0.511525 0.018096 -2.649434 -0.511515 -0.859257 -0.005515 6.783525 0.018370 -0.004518 -0.999821 -0.300516
0.859176 -0.511150 0.023267 -2.724553 -0.511397 -0.859325 0.005821 6.932292 0.017019 -0.016899 -0.999712 -0.312010
0.859176 -0.511150 0.023267 -2.807563 -0.511397 -0.859325 0.005821 7.031300 0.017019 -0.016899 -0.999712 -0.259338
0.858623 -0.512374 0.015504 -2.911855 -0.512533 -0.858623 0.008817 7.181977 0.008795 -0.015517 -0.999841 -0.308839
0.855594 -0.516995 0.025976 -3.016570 -0.517368 -0.855704 0.010075 7.289743 0.017019 -0.022060 -0.999612 -0.294196
0.850935 -0.524446 0.029433 -3.117761 -0.524358 -0.851424 -0.011243 7.377177 0.030957 -0.005866 -0.999504 -0.271486
0.833761 -0.551338 0.029485 -3.204858 -0.551623 -0.834091 0.001912 7.473191 0.023539 -0.017859 -0.999563 -0.228805
0.811353 -0.583538 0.034489 -3.311264 -0.583685 -0.811953 -0.006695 7.614710 0.031910 -0.014699 -0.999383 -0.249275
0.790977 -0.609796 0.050032 -3.417952 -0.609332 -0.792494 -0.025830 7.764465 0.055401 -0.010055 -0.998414 -0.297772
0.774502 -0.631815 0.030925 -3.494620 -0.631234 -0.775117 -0.027131 7.845427 0.041112 0.001492 -0.999153 -0.273041
0.766485 -0.641674 0.027474 -3.566356 -0.641361 -0.766974 -0.020149 7.967133 0.034001 -0.002177 -0.999419 -0.296445
0.762095 -0.645818 0.046150 -3.695170 -0.644762 -0.763490 -0.036946 8.082573 0.059095 -0.001600 -0.998251 -0.311829
0.762095 -0.645818 0.046150 -3.760282 -0.644762 -0.763490 -0.036946 8.211653 0.059095 -0.001600 -0.998251 -0.288257
0.764659 -0.642840 0.045318 -3.879654 -0.642132 -0.765980 -0.030689 8.265102 0.054441 -0.005633 -0.998501 -0.244434
0.761793 -0.647542 0.019001 -3.965483 -0.647524 -0.762004 -0.007917 8.337051 0.019606 -0.006272 -0.999788 -0.258673
0.760930 -0.648293 0.026495 -4.064560 -0.648109 -0.761376 -0.016190 8.512823 0.030669 -0.004852 -0.999518 -0.275257
0.759466 -0.649454 0.037682 -4.172376 -0.650082 -0.759839 0.006217 8.635134 0.024595 -0.029218 -0.999270 -0.283663
0.759278 -0.650675 0.010897 -4.270325 -0.650652 -0.759352 -0.006064 8.758519 0.012220 -0.002486 -0.999922 -0.303073
0.757401 -0.652934 0.004660 -4.362496 -0.652947 -0.757400 0.002232 8.878725 0.002072 -0.004733 -0.999987 -0.276472
0.760379 -0.649478 -0.001559 -4.456500 -0.649473 -0.760359 -0.006189 8.995688 0.002835 0.005718 -0.999980 -0.278860
0.760379 -0.649478 -0.001559 -4.567697 -0.649473 -0.760359 -0.006189 9.117411 0.002835 0.005718 -0.999980 -0.297264
0.756116 -0.654167 0.018812 -4.659305 -0.654399 -0.756071 0.010855 9.227351 0.007122 -0.020518 -0.999764 -0.296629
0.754723 -0.655684 0.021719 -4.773603 -0.655845 -0.754896 0.000369 9.322829 0.016154 -0.014523 -0.999764 -0.303946
0.754263 -0.655809 0.031653 -4.882968 -0.656202 -0.754580 0.002835 9.423452 0.022026 -0.022909 -0.999495 -0.322281
0.749629 -0.660433 0.043422 -4.978522 -0.661355 -0.750003 0.010217 9.496334 0.025819 -0.036377 -0.999005 -0.278522
0.741669 -0.668674 0.052943 -5.090002 -0.669296 -0.742958 -0.007558 9.616696 0.044388 -0.029829 -0.998569 -0.260922
0.741669 -0.668674 0.052943 -5.222621 -0.669296 -0.742958 -0.007558 9.762082 0.044388 -0.029829 -0.998569 -0.287405
0.732460 -0.680333 0.025508 -5.322403 -0.680298 -0.732848 -0.011341 9.834160 0.026409 -0.009047 -0.999610 -0.262644
0.727729 -0.685572 0.020020 -5.395689 -0.685145 -0.727993 -0.024553 9.927074 0.031407 0.004151 -0.999498 -0.261953
0.721950 -0.691540 -0.023685 -5.541415 -0.691873 -0.721947 -0.010256 10.037939 -0.010007 0.023791 -0.999667 -0.261321
0.721950 -0.691540 -0.023685 -5.658109 -0.691873 -0.721947 -0.010256 10.158253 -0.010007 0.023791 -0.999667 -0.313721
0.719294 -0.694608 -0.011626 -5.783682 -0.694492 -0.718557 -0.036848 10.245115 0.017241 0.034579 -0.999253 -0.296009
0.708428 -0.705100 0.031044 -5.877826 -0.703868 -0.709060 -0.042470 10.371299 0.051957 0.008236 -0.998615 -0.364429
0.708428 -0.705100 0.031044 -5.958300 -0.703868 -0.709060 -0.042470 10.433546 0.051957 0.008236 -0.998615 -0.290635
0.700376 -0.713763 0.004037 -6.077249 -0.713460 -0.700224 -0.025714 10.541358 0.021180 0.015129 -0.999661 -0.261993
0.689111 -0.724536 0.013179 -6.194084 -0.723777 -0.689057 -0.036708 10.676295 0.035677 0.015757 -0.999239 -0.258441
0.689111 -0.724536 0.013179 -6.310073 -0.723777 -0.689057 -0.036708 10.774661 0.035677 0.015757 -0.999239 -0.231767
0.681869 -0.731226 0.019051 -6.404077 -0.729607 -0.681758 -0.053672 10.861444 0.052234 0.022698 -0.998377 -0.238056
0.672378 -0.740046 0.015518 -6.529649 -0.738473 -0.672089 -0.054355 10.950946 0.050655 0.025088 -0.998401 -0.261353
0.666497 -0.745318 0.016844 -6.628304 -0.743881 -0.666364 -0.050990 11.076243 0.049228 0.021455 -0.998557 -0.317769
0.666497 -0.745318 0.016844 -6.744857 -0.743881 -0.666364 -0.050990 11.184363 0.049228 0.021455 -0.998557 -0.308128
0.662414 -0.749113 0.006155 -6.867329 -0.749048 -0.662439 -0.010059 11.274527 0.011612 0.002053 -0.999930 -0.299428
0.674305 -0.738245 0.017491 -6.970352 -0.738344 -0.674423 -0.001166 11.385029 0.012657 -0.012129 -0.999846 -0.296795
0.674846 -0.736245 0.050258 -7.040819 -0.736254 -0.676350 -0.021906 11.449760 0.050120 -0.022220 -0.998496 -0.311010
0.677176 -0.735160 0.031191 -7.178512 -0.735231 -0.677722 -0.011338 11.602814 0.029474 -0.015255 -0.999449 -0.313518
0.677176 -0.735160 0.031191 -7.279563 -0.735231 -0.677722 -0.011338 11.726179 0.029474 -0.015255 -0.999449 -0.338928
0.676156 -0.736613 0.014636 -7.390337 -0.736657 -0.676259 -0.003152 11.809776 0.012220 -0.008651 -0.999888 -0.301206
0.672714 -0.739749 0.015057 -7.499562 -0.739721 -0.672861 -0.008465 11.894546 0.016393 -0.005443 -0.999851 -0.300487
0.672714 -0.739749 0.015057 -7.596243 -0.739721 -0.672861 -0.008465 12.015260 0.016393 -0.005443 -0.999851 -0.343888
0.679382 -0.733594 0.016698 -7.719983 -0.733216 -0.679576 -0.023888 12.091962 0.028871 0.003986 -0.999575 -0.320143
0.688759 -0.724104 0.035838 -7.843160 -0.723526 -0.689668 -0.029460 12.222070 0.046048 -0.005639 -0.998923 -0.321575
0.692031 -0.721467 0.024042 -7.961545 -0.720887 -0.692443 -0.029061 12.312415 0.037614 0.002780 -0.999288 -0.313875
0.692031 -0.721467 0.024042 -8.053576 -0.720887 -0.692443 -0.029061 12.425320 0.037614 0.002780 -0.999288 -0.312250
0.686432 -0.726845 0.022515 -8.162236 -0.727107 -0.686499 0.005847 12.529199 0.011207 -0.020385 -0.999729 -0.297595
0.685620 -0.727658 0.020960 -8.262582 -0.727695 -0.685863 -0.007198 12.623613 0.019614 -0.010318 -0.999754 -0.290909
0.686140 -0.727078 0.023890 -8.394919 -0.727266 -0.686355 -0.001130 12.709552 0.017219 -0.016600 -0.999714 -0.328194
0.686140 -0.727078 0.023890 -8.507244 -0.727266 -0.686355 -0.001130 12.814152 0.017219 -0.016600 -0.999714 -0.319542
0.694073 -0.719223 0.031323 -8.613368 -0.719318 -0.694607 -0.010172 12.901324 0.029073 -0.015471 -0.999458 -0.319831
0.691858 -0.721795 0.018571 -8.703707 -0.722018 -0.691783 0.011234 13.029651 0.004738 -0.021181 -0.999764 -0.300258
0.691858 -0.721795 0.018571 -8.821105 -0.722018 -0.691783 0.011234 13.130519 0.004738 -0.021181 -0.999764 -0.300593
0.686644 -0.726983 -0.003965 -8.924410 -0.726943 -0.686650 0.008142 13.238047 -0.008642 -0.002709 -0.999959 -0.301950
0.682377 -0.730181 0.034600 -9.024615 -0.729277 -0.683254 -0.036333 13.324687 0.050170 -0.000440 -0.998741 -0.295238
0.680287 -0.732406 0.028124 -9.131020 -0.732429 -0.680748 -0.011431 13.484242 0.027517 -0.012822 -0.999539 -0.290768
0.680287 -0.732406 0.028124 -9.229393 -0.732429 -0.680748 -0.011431 13.565594 0.027517 -0.012822 -0.999539 -0.316038
0.682278 -0.730628 0.026068 -9.341013 -0.730714 -0.682638 -0.007830 13.669500 0.023516 -0.013706 -0.999630 -0.293383
0.680634 -0.732582 0.007782 -9.454747 -0.732563 -0.680676 -0.005677 13.757489 0.009456 -0.001837 -0.999954 -0.270675
0.680634 -0.732582 0.007782 -9.522255 -0.732563 -0.680676 -0.005677 13.880716 0.009456 -0.001837 -0.999954 -0.282085
0.680245 -0.732881 0.012337 -9.635566 -0.732517 -0.680316 -0.024245 14.009349 0.026162 0.007456 -0.999630 -0.281512
0.678053 -0.734904 -0.012626 -9.690249 -0.734998 -0.678048 -0.005371 14.129661 -0.004614 0.012922 -0.999906 -0.278911
0.678053 -0.734904 -0.012626 -9.747468 -0.734998 -0.678048 -0.005371 14.228341 -0.004614 0.012922 -0.999906 -0.269239
0.674538 -0.738117 0.013504 -9.770581 -0.738238 -0.674471 0.009666 14.333446 0.001974 -0.016489 -0.999862 -0.275588
0.685253 -0.727741 0.028674 -9.814694 -0.728147 -0.685393 0.006132 14.456362 0.015190 -0.025081 -0.999570 -0.268996
0.685253 -0.727741 0.028674 -9.823431 -0.728147 -0.685393 0.006132 14.606236 0.015190 -0.025081 -0.999570 -0.281494
0.711208 -0.702274 0.031546 -9.832451 -0.702712 -0.711462 0.004235 14.707739 0.019469 -0.025180 -0.999493 -0.257831
0.726699 -0.684306 0.060283 -9.819767 -0.685918 -0.727624 0.008949 14.852798 0.037739 -0.047852 -0.998141 -0.271313
0.726699 -0.684306 0.060283 -9.821881 -0.685918 -0.727624 0.008949 14.969276 0.037739 -0.047852 -0.998141 -0.252699
0.726222 -0.686685 0.032656 -9.763252 -0.687209 -0.726421 0.007471 15.142153 0.018592 -0.027867 -0.999439 -0.249273
0.759488 -0.650507 -0.004287 -9.760433 -0.650468 -0.759494 0.007819 15.240583 -0.008343 -0.003150 -0.999960 -0.203600
0.789197 -0.613961 0.014818 -9.722239 -0.613986 -0.789310 -0.003328 15.381888 0.013739 -0.006472 -0.999885 -0.177069
0.789197 -0.613961 0.014818 -9.689824 -0.613986 -0.789310 -0.003328 15.505484 0.013739 -0.006472 -0.999885 -0.188480
0.846019 -0.532759 0.020495 -9.686723 -0.532807 -0.846230 -0.003488 15.659328 0.019202 -0.007969 -0.999784 -0.175990
0.846019 -0.532759 0.020495 -9.629363 -0.532807 -0.846230 -0.003488 15.819359 0.019202 -0.007969 -0.999784 -0.195522
0.893838 -0.448190 0.013368 -9.672207 -0.448149 -0.893938 -0.006105 15.935913 0.014687 -0.000534 -0.999892 -0.153909
0.960881 -0.276818 0.008935 -9.612028 -0.276810 -0.960922 -0.002204 16.052754 0.009195 -0.000356 -0.999958 -0.137296
0.960881 -0.276818 0.008935 -9.635000 -0.276810 -0.960922 -0.002204 16.251880 0.009195 -0.000356 -0.999958 -0.143958
0.981731 -0.188242 0.027738 -9.601175 -0.188468 -0.982063 0.005734 16.455116 0.026162 -0.010857 -0.999599 -0.194633
0.998410 -0.055006 -0.012345 -9.579048 -0.054941 -0.998474 0.005542 16.625594 -0.012631 -0.004855 -0.999908 -0.133199
0.998410 -0.055006 -0.012345 -9.559176 -0.054941 -0.998474 0.005542 16.761184 -0.012631 -0.004855 -0.999908 -0.155649
0.996926 0.078347 0.000118 -9.525211 0.078347 -0.996926 0.000362 16.946235 0.000146 -0.000352 -1.000000 -0.276264
0.984505 0.172800 0.029833 -9.511822 0.172477 -0.984927 0.013078 17.003585 0.031643 -0.007730 -0.999469 -0.172454
0.984505 0.172800 0.029833 -9.483917 0.172477 -0.984927 0.013078 17.079973 0.031643 -0.007730 -0.999469 -0.131708
0.983879 0.178089 0.016306 -9.483212 0.177998 -0.984007 0.006886 17.308662 0.017271 -0.003873 -0.999843 -0.153467
0.986124 0.166009 -0.000246 -9.481943 0.165978 -0.985907 0.020956 17.515035 0.003237 -0.020706 -0.999780 -0.151153
0.986124 0.166009 -0.000246 -9.455870 0.165978 -0.985907 0.020956 17.593208 0.003237 -0.020706 -0.999780 -0.130412
0.988731 0.148568 0.018419 -9.440649 0.148026 -0.988588 0.027972 17.806505 0.022365 -0.024930 -0.999439 -0.161121
0.988731 0.148568 0.018419 -9.393013 0.148026 -0.988588 0.027972 17.900968 0.022365 -0.024930 -0.999439 -0.139434
0.991367 0.098510 -0.086529 -9.436843 0.099078 -0.995077 0.002283 18.065470 -0.085878 -0.010836 -0.996247 -0.149981
0.991367 0.098510 -0.086529 -9.391321 0.099078 -0.995077 0.002283 18.270406 -0.085878 -0.010836 -0.996247 -0.134661
0.991367 0.098510 -0.086529 -9.404851 0.099078 -0.995077 0.002283 18.357575 -0.085878 -0.010836 -0.996247 -0.135951
0.992628 0.121089 0.005306 -9.451641 0.121154 -0.992528 -0.014487 18.415264 0.003512 0.015023 -0.999881 -0.097142
0.986952 0.149901 0.058787 -9.442057 0.150618 -0.988560 -0.007937 18.559140 0.056924 0.016688 -0.998239 -0.076620
0.986952 0.149901 0.058787 -9.477996 0.150618 -0.988560 -0.007937 18.694536 0.056924 0.016688 -0.998239 -0.046069
0.988314 0.148164 0.035829 -9.513652 0.148774 -0.988758 -0.014995 18.937709 0.033205 0.020150 -0.999245 -0.108877
0.989294 0.144038 0.023465 -9.522812 0.143819 -0.989546 0.010744 19.071813 0.024767 -0.007254 -0.999667 -0.077323
0.989294 0.144038 0.023465 -9.547617 0.143819 -0.989546 0.010744 19.206040 0.024767 -0.007254 -0.999667 -0.008768
0.992826 0.117872 -0.020067 -9.549026 0.118018 -0.992992 0.006263 19.362234 -0.019188 -0.008586 -0.999779 0.042713
0.992826 0.117872 -0.020067 -9.544797 0.118018 -0.992992 0.006263 19.555998 -0.019188 -0.008586 -0.999779 -0.017930
0.996427 0.075620 0.037618 -9.536341 0.075489 -0.997135 0.004891 19.733025 0.037880 -0.002034 -0.999280 -0.046519
0.996378 0.080177 0.028321 -9.556213 0.079775 -0.996699 0.015051 19.853002 0.029434 -0.012738 -0.999486 -0.088917
0.996378 0.080177 0.028321 -9.491523 0.079775 -0.996699 0.015051 20.024484 0.029434 -0.012738 -0.999486 -0.115487
0.997460 0.071222 0.001189 -9.498288 0.071066 -0.996129 0.051727 20.173431 0.004869 -0.051511 -0.998661 -0.072981
0.997460 0.071222 0.001189 -9.477993 0.071066 -0.996129 0.051727 20.310703 0.004869 -0.051511 -0.998661 -0.090437
0.997628 0.068372 -0.008031 -9.435431 0.068367 -0.997660 -0.000887 20.431070 -0.008073 0.000336 -0.999967 -0.126837
0.997628 0.068372 -0.008031 -9.414432 0.068367 -0.997660 -0.000887 20.570426 -0.008073 0.000336 -0.999967 -0.074300
0.999204 -0.032889 0.022589 -9.393432 -0.033147 -0.999388 0.011140 20.720376 0.022209 -0.011880 -0.999683 -0.063798
0.999204 -0.032889 0.022589 -9.369191 -0.033147 -0.999388 0.011140 20.871216 0.022209 -0.011880 -0.999683 -0.064299
0.990008 -0.122954 -0.069040 -9.359044 -0.120469 -0.991947 0.039083 21.021331 -0.073289 -0.030376 -0.996848 -0.059798
0.990008 -0.122954 -0.069040 -9.318736 -0.120469 -0.991947 0.039083 21.155504 -0.073289 -0.030376 -0.996848 -0.063243
0.993295 -0.113260 -0.023164 -9.303515 -0.113045 -0.993536 0.010372 21.266959 -0.024190 -0.007684 -0.999678 0.003387
0.993295 -0.113260 -0.023164 -9.288717 -0.113045 -0.993536 0.010372 21.405540 -0.024190 -0.007684 -0.999678 -0.010073
0.994961 -0.078628 0.062207 -9.260812 -0.077814 -0.996849 -0.015407 21.574346 0.063223 0.010489 -0.997944 -0.006634
0.999758 0.020585 -0.007736 -9.243054 0.020421 -0.999578 -0.020661 21.723186 -0.008158 0.020498 -0.999757 0.003872
0.999758 0.020585 -0.007736 -9.205988 0.020421 -0.999578 -0.020661 21.858231 -0.008158 0.020498 -0.999757 0.040423
0.997627 0.046437 0.050840 -9.180056 0.048084 -0.998341 -0.031671 22.045309 0.049285 0.034040 -0.998205 -0.027198
0.997627 0.046437 0.050840 -9.154828 0.048084 -0.998341 -0.031671 22.211767 0.049285 0.034040 -0.998205 -0.061752
0.994031 0.085644 0.067576 -9.133970 0.088645 -0.995146 -0.042730 22.347360 0.063589 0.048465 -0.996799 -0.083202
0.995679 0.092857 -0.000627 -9.095212 0.092517 -0.992562 -0.079134 22.508365 -0.007971 0.078734 -0.996864 -0.143737
0.995679 0.092857 -0.000627 -9.068012 0.092517 -0.992562 -0.079134 22.606304 -0.007971 0.078734 -0.996864 -0.023062
0.993380 0.104109 0.048544 -9.047435 0.107169 -0.992087 -0.065406 22.768333 0.041351 0.070175 -0.996677 -0.053600
0.993380 0.104109 0.048544 -9.018121 0.107169 -0.992087 -0.065406 22.914919 0.041351 0.070175 -0.996677 -0.053087
0.993021 0.116202 0.020156 -8.990075 0.117053 -0.991966 -0.047977 23.038555 0.014419 0.050002 -0.998645 -0.052498
0.993021 0.116202 0.020156 -8.965834 0.117053 -0.991966 -0.047977 23.188635 0.014419 0.050002 -0.998645 -0.058996
0.990905 0.132225 -0.024969 -8.955968 0.131821 -0.991124 -0.017223 23.403124 -0.027024 0.013775 -0.999540 -0.120709
0.990394 0.136228 0.023707 -8.934969 0.136487 -0.990595 -0.009641 23.470864 0.022170 0.012784 -0.999672 -0.064934
0.990394 0.136228 0.023707 -8.894943 0.136487 -0.990595 -0.009641 23.608314 0.022170 0.012784 -0.999672 -0.084391
0.986675 0.158862 0.035159 -8.893111 0.159780 -0.986835 -0.025046 23.806120 0.030718 0.030330 -0.999068 -0.154048
0.986675 0.158862 0.035159 -8.855763 0.159780 -0.986835 -0.025046 23.954018 0.030718 0.030330 -0.999068 -0.148539
0.984793 0.171362 0.028600 -8.833918 0.172084 -0.984765 -0.025020 24.076842 0.023877 0.029561 -0.999278 -0.113947
0.984793 0.171362 0.028600 -8.822502 0.172084 -0.984765 -0.025020 24.206027 0.023877 0.029561 -0.999278 -0.114376
0.984605 0.174229 0.014030 -8.780081 0.174682 -0.983667 -0.043430 24.332001 0.006234 0.045213 -0.998958 -0.022794
0.984948 0.169739 0.032646 -8.747947 0.170952 -0.984514 -0.038840 24.498441 0.025548 0.043837 -0.998712 -0.007347
0.984948 0.169739 0.032646 -8.729767 0.170952 -0.984514 -0.038840 24.650552 0.025548 0.043837 -0.998712 -0.070853
0.985753 0.162326 0.044051 -8.686077 0.163790 -0.985978 -0.031927 24.760523 0.038250 0.038687 -0.998519 -0.005218
0.985753 0.162326 0.044051 -8.638864 0.163790 -0.985978 -0.031927 24.912978 0.038250 0.038687 -0.998519 -0.020724
0.984961 0.161384 0.061708 -8.621810 0.163335 -0.986174 -0.027961 25.052940 0.056342 0.037620 -0.997703 -0.064189
0.987222 0.156712 0.028876 -8.558108 0.157561 -0.987056 -0.029918 25.210038 0.023814 0.034086 -0.999135 -0.130711
0.987222 0.156712 0.028876 -8.559940 0.157561 -0.987056 -0.029918 25.326283 0.023814 0.034086 -0.999135 -0.015097
0.988298 0.152537 -0.000588 -8.480171 0.152508 -0.988169 -0.016226 25.497480 -0.003056 0.015946 -0.999868 -0.071666
0.988298 0.152537 -0.000588 -8.469882 0.152508 -0.988169 -0.016226 25.610991 -0.003056 0.015946 -0.999868 0.000957
0.986767 0.159004 0.031773 -8.438172 0.159436 -0.987141 -0.011543 25.741528 0.029529 0.016456 -0.999428 -0.038477
0.986195 0.154650 0.059183 -8.397723 0.155217 -0.987867 -0.005073 25.876728 0.057680 0.014189 -0.998234 -0.010926
0.986195 0.154650 0.059183 -8.365872 0.155217 -0.987867 -0.005073 26.068810 0.057680 0.014189 -0.998234 -0.076564
0.988684 0.148952 0.017805 -8.333598 0.149137 -0.988771 -0.009535 26.169774 0.016185 0.012083 -0.999796 -0.047899
0.988684 0.148952 0.017805 -8.294700 0.149137 -0.988771 -0.009535 26.297926 0.016185 0.012083 -0.999796 0.030675
0.986664 0.152062 0.058065 -8.233675 0.153356 -0.987998 -0.018483 26.413786 0.054558 0.027141 -0.998142 0.030291
0.986664 0.152062 0.058065 -8.178711 0.153356 -0.987998 -0.018483 26.512169 0.054558 0.027141 -0.998142 0.061964
0.986781 0.160481 0.022579 -8.113740 0.161264 -0.986154 -0.038665 26.647839 0.016061 0.041795 -0.998997 0.063513
0.986401 0.164042 0.010160 -8.064131 0.164296 -0.985825 -0.034007 26.808537 0.004437 0.035214 -0.999370 0.077979
0.986401 0.164042 0.010160 -8.010716 0.164296 -0.985825 -0.034007 26.899671 0.004437 0.035214 -0.999370 0.044677
0.987040 0.159460 0.018029 -7.936444 0.159943 -0.986684 -0.029546 27.086118 0.013077 0.032047 -0.999401 0.010057
0.987040 0.159460 0.018029 -7.836239 0.159943 -0.986684 -0.029546 27.241766 0.013077 0.032047 -0.999401 0.008540
0.985205 0.170531 0.017026 -7.796354 0.170878 -0.985056 -0.021560 27.355567 0.013095 0.024150 -0.999623 0.001162
0.985205 0.170531 0.017026 -7.706156 0.170878 -0.985056 -0.021560 27.480668 0.013095 0.024150 -0.999623 0.052747
0.978883 0.203907 0.014509 -7.658520 0.204292 -0.978326 -0.033807 27.636874 0.007301 0.036057 -0.999323 -0.003773
0.978883 0.203907 0.014509 -7.541122 0.204292 -0.978326 -0.033807 27.743030 0.007301 0.036057 -0.999323 0.027875
0.970502 0.236871 0.044927 -7.478406 0.238345 -0.970690 -0.030864 27.884192 0.036300 0.040662 -0.998513 0.011406
0.970046 0.240797 0.032066 -7.365517 0.242223 -0.968800 -0.052480 27.951407 0.018428 0.058675 -0.998107 0.076183
0.970046 0.240797 0.032066 -7.335075 0.242223 -0.968800 -0.052480 28.047004 0.018428 0.058675 -0.998107 0.104865
0.969723 0.243626 0.016870 -7.216126 0.244176 -0.968407 -0.050645 28.224831 0.003998 0.053231 -0.998574 0.038274
0.969723 0.243626 0.016870 -7.137062 0.244176 -0.968407 -0.050645 28.323644 0.003998 0.053231 -0.998574 0.087946
0.972620 0.231876 -0.015619 -7.086326 0.231071 -0.972047 -0.041606 28.347192 -0.024829 0.036858 -0.999012 0.100868
0.972620 0.231876 -0.015619 -6.905225 0.231071 -0.972047 -0.041606 28.569922 -0.024829 0.036858 -0.999012 0.124129
0.972396 0.232059 0.024395 -6.843354 0.232709 -0.972130 -0.028446 28.793725 0.017114 0.033338 -0.999298 0.080385
0.972396 0.232059 0.024395 -6.791631 0.232709 -0.972130 -0.028446 28.775627 0.017114 0.033338 -0.999298 0.092445
0.972588 0.232396 -0.008070 -6.654784 0.231896 -0.971900 -0.040443 28.928004 -0.017242 0.037463 -0.999149 0.108939
0.972588 0.232396 -0.008070 -6.570364 0.231896 -0.971900 -0.040443 28.973308 -0.017242 0.037463 -0.999149 0.096788
0.972459 0.231283 -0.028851 -6.451415 0.230096 -0.972373 -0.039329 29.006303 -0.037150 0.031607 -0.998810 0.167679
0.971828 0.235667 0.003374 -6.387854 0.235640 -0.971217 -0.034812 29.055990 -0.004927 0.034626 -0.999388 0.137514
0.971828 0.235667 0.003374 -6.331903 0.235640 -0.971217 -0.034812 29.092321 -0.004927 0.034626 -0.999388 0.154393
0.971828 0.235667 0.003374 -6.142910 0.235640 -0.971217 -0.034812 29.160843 -0.004927 0.034626 -0.999388 0.111166
0.968299 0.247867 -0.030962 -6.035800 0.247012 -0.968580 -0.028955 29.186790 -0.037166 0.020389 -0.999101 0.122080
0.968299 0.247867 -0.030962 -5.894724 0.247012 -0.968580 -0.028955 29.175680 -0.037166 0.020389 -0.999101 0.176117
0.947772 0.318786 -0.010234 -5.751112 0.318515 -0.947667 -0.021807 29.142046 -0.016651 0.017409 -0.999710 0.247229
0.947772 0.318786 -0.010234 -5.596507 0.318515 -0.947667 -0.021807 29.219395 -0.016651 0.017409 -0.999710 0.186972
0.925212 0.378092 -0.032070 -5.454868 0.377160 -0.925610 -0.031573 29.205824 -0.041622 0.017116 -0.998987 0.169017
0.925212 0.378092 -0.032070 -5.312101 0.377160 -0.925610 -0.031573 29.220389 -0.041622 0.017116 -0.998987 0.151969
0.916196 0.400478 -0.014212 -5.169475 0.400083 -0.916157 -0.024298 29.220971 -0.022751 0.016575 -0.999604 0.159967
0.916196 0.400478 -0.014212 -5.027414 0.400083 -0.916157 -0.024298 29.212252 -0.022751 0.016575 -0.999604 0.153996
0.904062 0.427210 -0.012775 -4.873654 0.426865 -0.904021 -0.023088 29.199431 -0.021412 0.015420 -0.999652 0.139039
0.904062 0.427210 -0.012775 -4.731310 0.426865 -0.904021 -0.023088 29.179866 -0.021412 0.015420 -0.999652 0.155104
0.900061 0.435689 0.008069 -4.572477 0.435730 -0.900067 -0.004270 29.127403 0.005402 0.007359 -0.999958 0.185279
0.900061 0.435689 0.008069 -4.413362 0.435730 -0.900067 -0.004270 29.140042 0.005402 0.007359 -0.999958 0.201237
0.900061 0.435689 0.008069 -4.300897 0.435730 -0.900067 -0.004270 29.150086 0.005402 0.007359 -0.999958 0.216204
0.900061 0.435689 0.008069 -4.169405 0.435730 -0.900067 -0.004270 29.165847 0.005402 0.007359 -0.999958 0.225151
0.886155 0.462860 -0.022154 -4.004089 0.462726 -0.886431 -0.011140 29.184354 -0.024794 -0.000379 -0.999692 0.169090
0.886155 0.462860 -0.022154 -3.870060 0.462726 -0.886431 -0.011140 29.207225 -0.024794 -0.000379 -0.999692 0.201014
0.886155 0.462860 -0.022154 -3.718555 0.462726 -0.886431 -0.011140 29.235409 -0.024794 -0.000379 -0.999692 0.160920
0.886155 0.462860 -0.022154 -3.576071 0.462726 -0.886431 -0.011140 29.240126 -0.024794 -0.000379 -0.999692 0.187905
0.886155 0.462860 -0.022154 -3.427244 0.462726 -0.886431 -0.011140 29.256747 -0.024794 -0.000379 -0.999692 0.232850
0.873673 0.486511 -0.001380 -3.278417 0.486390 -0.873512 -0.020033 29.271167 -0.010951 0.016831 -0.999798 0.227802
0.873673 0.486511 -0.001380 -3.127194 0.486390 -0.873512 -0.020033 29.311121 -0.010951 0.016831 -0.999798 0.220669
0.873673 0.486511 -0.001380 -2.984710 0.486390 -0.873512 -0.020033 29.329308 -0.010951 0.016831 -0.999798 0.235609
0.873673 0.486511 -0.001380 -2.870835 0.486390 -0.873512 -0.020033 29.351651 -0.010951 0.016831 -0.999798 0.275535
0.873673 0.486511 -0.001380 -2.724686 0.486390 -0.873512 -0.020033 29.377475 -0.010951 0.016831 -0.999798 0.249449
0.857123 0.515099 0.003620 -2.556974 0.515102 -0.857129 0.000141 29.420492 0.003176 0.001744 -0.999993 0.217306
0.857123 0.515099 0.003620 -2.415475 0.515102 -0.857129 0.000141 29.452084 0.003176 0.001744 -0.999993 0.200201
0.857123 0.515099 0.003620 -2.267917 0.515102 -0.857129 0.000141 29.481703 0.003176 0.001744 -0.999993 0.202103
0.857123 0.515099 0.003620 -2.146432 0.515102 -0.857129 0.000141 29.505351 0.003176 0.001744 -0.999993 0.245024
0.857123 0.515099 0.003620 -1.998309 0.515102 -0.857129 0.000141 29.526474 0.003176 0.001744 -0.999993 0.251954
0.821981 0.562650 -0.088158 -1.847087 0.564429 -0.825463 -0.005641 29.545487 -0.075945 -0.045122 -0.996091 0.236891
0.821981 0.562650 -0.088158 -1.691213 0.564429 -0.825463 -0.005641 29.548769 -0.075945 -0.045122 -0.996091 0.277880
0.821981 0.562650 -0.088158 -1.560426 0.564429 -0.825463 -0.005641 29.572840 -0.075945 -0.045122 -0.996091 0.280800
0.821981 0.562650 -0.088158 -1.441055 0.564429 -0.825463 -0.005641 29.603166 -0.075945 -0.045122 -0.996091 0.272700
0.778769 0.612058 -0.137490 -1.298570 0.612014 -0.789412 -0.047629 29.620570 -0.137688 -0.047054 -0.989357 0.274642
0.778769 0.612058 -0.137490 -1.167360 0.612014 -0.789412 -0.047629 29.634534 -0.137688 -0.047054 -0.989357 0.299596
0.778769 0.612058 -0.137490 -1.013319 0.612014 -0.789412 -0.047629 29.697411 -0.137688 -0.047054 -0.989357 0.284387
0.778769 0.612058 -0.137490 -0.844056 0.612014 -0.789412 -0.047629 29.693303 -0.137688 -0.047054 -0.989357 0.273400
0.754700 0.647316 0.106815 -0.675076 0.643138 -0.762120 0.074477 29.677691 0.129616 0.012489 -0.991486 0.309452
0.754700 0.647316 0.106815 -0.521035 0.643138 -0.762120 0.074477 29.745739 0.129616 0.012489 -0.991486 0.235226
0.754700 0.647316 0.106815 -0.367557 0.643138 -0.762120 0.074477 29.758276 0.129616 0.012489 -0.991486 0.276184
0.754700 0.647316 0.106815 -0.224227 0.643138 -0.762120 0.074477 29.768828 0.129616 0.012489 -0.991486 0.277149
0.730818 0.682244 0.021176 -0.078078 0.682459 -0.730910 -0.004476 29.775809 0.012424 0.017722 -0.999766 0.317126
0.730818 0.682244 0.021176 0.073850 0.682459 -0.730910 -0.004476 29.844468 0.012424 0.017722 -0.999766 0.203897
0.730818 0.682244 0.021176 0.178987 0.682459 -0.730910 -0.004476 29.842427 0.012424 0.017722 -0.999766 0.257905
0.730818 0.682244 0.021176 0.317525 0.682459 -0.730910 -0.004476 29.844906 0.012424 0.017722 -0.999766 0.279896
0.655513 0.755181 0.001882 0.449017 0.755080 -0.655463 0.014899 29.859884 0.012485 -0.008346 -0.999887 0.275847
0.655513 0.755181 0.001882 0.594884 0.755080 -0.655463 0.014899 29.871300 0.012485 -0.008346 -0.999887 0.313809
0.655513 0.755181 0.001882 0.842929 0.755080 -0.655463 0.014899 29.886117 0.012485 -0.008346 -0.999887 0.316760
0.655513 0.755181 0.001882 1.078148 0.755080 -0.655463 0.014899 29.873763 0.012485 -0.008346 -0.999887 0.330801
0.466348 0.883963 -0.033604 1.408922 0.883760 -0.467224 -0.025890 29.731550 -0.038587 -0.017624 -0.999100 0.365273
0.466348 0.883963 -0.033604 1.667395 0.883760 -0.467224 -0.025890 29.880334 -0.038587 -0.017624 -0.999100 0.191778
0.466348 0.883963 -0.033604 1.964626 0.883760 -0.467224 -0.025890 29.802093 -0.038587 -0.017624 -0.999100 0.262038
0.358398 0.932313 -0.048403 2.231556 0.933209 -0.359217 -0.009133 29.773651 -0.025902 -0.041896 -0.998786 0.280133
0.358398 0.932313 -0.048403 2.516525 0.933209 -0.359217 -0.009133 29.730657 -0.025902 -0.041896 -0.998786 0.319276
0.245699 0.968446 -0.041759 2.779509 0.969032 -0.246488 -0.014849 29.746721 -0.024674 -0.036817 -0.999017 0.252222
0.245699 0.968446 -0.041759 3.022198 0.969032 -0.246488 -0.014849 29.696853 -0.024674 -0.036817 -0.999017 0.283388
0.245699 0.968446 -0.041759 3.168629 0.969032 -0.246488 -0.014849 29.717707 -0.024674 -0.036817 -0.999017 0.265318
0.152080 0.987124 -0.049587 3.288423 0.987993 -0.153214 -0.019909 29.703162 -0.027251 -0.045964 -0.998571 0.232366
0.152080 0.987124 -0.049587 3.532099 0.987993 -0.153214 -0.019909 29.703575 -0.027251 -0.045964 -0.998571 0.245365
0.064962 0.996689 -0.048900 3.820451 0.997684 -0.065861 -0.017002 29.673405 -0.020166 -0.047682 -0.998659 0.300465
0.064962 0.996689 -0.048900 4.106407 0.997684 -0.065861 -0.017002 29.597284 -0.020166 -0.047682 -0.998659 0.284718
0.064962 0.996689 -0.048900 4.376719 0.997684 -0.065861 -0.017002 29.563107 -0.020166 -0.047682 -0.998659 0.247831
-0.032526 0.998449 -0.045195 4.631106 0.999432 0.032090 -0.010339 29.615316 -0.008873 -0.045506 -0.998925 0.252658
-0.032526 0.998449 -0.045195 4.917485 0.999432 0.032090 -0.010339 29.532289 -0.008873 -0.045506 -0.998925 0.274933
-0.032526 0.998449 -0.045195 5.174831 0.999432 0.032090 -0.010339 29.527635 -0.008873 -0.045506 -0.998925 0.266949
-0.088787 0.995351 -0.037339 5.454868 0.995967 0.088232 -0.016251 29.472472 -0.012881 -0.038631 -0.999171 0.264132
-0.088787 0.995351 -0.037339 5.742374 0.995967 0.088232 -0.016251 29.434541 -0.012881 -0.038631 -0.999171 0.267257
-0.104672 0.994069 -0.029521 6.021847 0.994291 0.103986 -0.023906 29.398346 -0.020695 -0.031855 -0.999278 0.291378
-0.104672 0.994069 -0.029521 6.283703 0.994291 0.103986 -0.023906 29.345423 -0.020695 -0.031855 -0.999278 0.294553
-0.104672 0.994069 -0.029521 6.566277 0.994291 0.103986 -0.023906 29.292521 -0.020695 -0.031855 -0.999278 0.303729
-0.058040 0.998033 -0.023681 6.826865 0.998279 0.058221 0.007031 29.275225 0.008396 -0.023232 -0.999695 0.278786
-0.058040 0.998033 -0.023681 7.099432 0.998279 0.058221 0.007031 29.242233 0.008396 -0.023232 -0.999695 0.319895
0.019203 0.999606 -0.020455 7.380596 0.999815 -0.019216 -0.000414 29.187506 -0.000807 -0.020443 -0.999791 0.337077
0.019203 0.999606 -0.020455 7.647808 0.999815 -0.019216 -0.000414 29.172237 -0.000807 -0.020443 -0.999791 0.309127
0.125232 0.991943 -0.019140 7.907973 0.992036 -0.125459 -0.011176 29.162976 -0.013487 -0.017588 -0.999754 0.307158
0.125232 0.991943 -0.019140 8.185896 0.992036 -0.125459 -0.011176 29.081562 -0.013487 -0.017588 -0.999754 0.313428
