0.989224 0.016974 0.145419 0.712589 0.016772 -0.999856 0.002611 0.040950 0.145443 -0.000144 -0.989367 0.044692
0.994351 0.005056 0.106026 0.756211 0.005130 -0.999987 -0.000431 0.036021 0.106022 0.000973 -0.994363 0.061857
0.996679 0.012795 0.080420 0.795171 0.011421 -0.999781 0.017513 0.042752 0.080627 -0.016536 -0.996607 0.085551
0.997242 0.009790 0.073564 0.846879 0.007515 -0.999487 0.031134 0.047143 0.073831 -0.030495 -0.996804 0.095913
0.996294 0.008669 0.085576 0.919508 0.008258 -0.999953 0.005153 0.036511 0.085616 -0.004428 -0.996318 0.108522
0.996134 0.010272 0.087240 0.992117 0.010861 -0.999921 -0.006271 0.031302 0.087169 0.007194 -0.996168 0.116271
0.997268 0.002192 0.073834 1.054285 0.002123 -0.999997 0.001014 0.036039 0.073836 -0.000854 -0.997270 0.125350
0.997649 0.000865 0.068520 1.072553 0.000525 -0.999987 0.004973 0.030667 0.068523 -0.004926 -0.997637 0.083249
0.995372 -0.007889 0.095773 1.156203 -0.009232 -0.999865 0.013587 0.025394 0.095653 -0.014409 -0.995310 0.092656
0.994082 -0.016575 0.107363 1.233463 -0.018970 -0.999593 0.021322 0.023739 0.106966 -0.023232 -0.993991 0.103281
0.992588 -0.037321 0.115655 1.302292 -0.042026 -0.998374 0.038511 0.027104 0.114030 -0.043086 -0.992543 0.114061
0.992565 -0.046808 0.112357 1.369890 -0.051083 -0.998064 0.035479 0.024989 0.110479 -0.040955 -0.993034 0.121553
0.992195 -0.071721 0.102006 1.444593 -0.073795 -0.997134 0.016703 0.008133 0.100515 -0.024100 -0.994644 0.052457
0.988877 -0.090685 0.117895 1.516853 -0.092748 -0.995616 0.012120 0.004228 0.116279 -0.022920 -0.992952 0.062337
0.990508 -0.113140 0.078058 1.560084 -0.113221 -0.993564 -0.003407 -0.042718 0.077941 -0.005463 -0.996943 0.026651
0.987517 -0.139820 0.072528 1.619199 -0.138120 -0.990020 -0.027970 -0.081445 0.075715 0.017604 -0.996974 0.026536
0.984829 -0.157367 0.073126 1.684863 -0.156081 -0.987476 -0.023021 -0.085068 0.075833 0.011258 -0.997057 0.027414
0.982700 -0.177981 0.051218 1.765209 -0.177183 -0.983980 -0.019760 -0.087973 0.053914 0.010343 -0.998492 0.006855
0.977629 -0.199910 0.065409 1.854353 -0.198298 -0.979672 -0.030341 -0.084766 0.070145 0.016692 -0.997397 0.037291
0.974092 -0.224788 0.024799 1.904011 -0.224632 -0.974403 -0.008943 -0.090074 0.026175 0.003141 -0.999652 0.027712
0.140609 0.967883 -0.208404 0.010296 0.990008 -0.135195 0.040071 1.311856 0.010609 -0.211956 -0.977222 -0.020600
0.173782 0.965592 -0.193473 0.020623 0.984686 -0.167597 0.048019 1.366476 0.013942 -0.198855 -0.979930 -0.026074
0.187633 0.965469 -0.180732 0.039259 0.982117 -0.187315 0.018983 1.420685 -0.015527 -0.181062 -0.983349 -0.034166
0.234499 0.953510 -0.189283 0.069997 0.972112 -0.230607 0.042651 1.498557 -0.002982 -0.194006 -0.980996 0.033598
0.243802 0.954035 -0.174290 0.074554 0.969809 -0.238786 0.049521 1.554337 0.005627 -0.181102 -0.983448 -0.027926
0.260064 0.954096 -0.148551 0.104419 0.965380 -0.253695 0.060664 1.627675 0.020192 -0.159185 -0.987042 -0.027735
0.277391 0.948149 -0.155139 0.125040 0.959944 -0.266877 0.085346 1.751476 0.039518 -0.172599 -0.984199 0.010368
0.266011 0.952177 -0.150321 0.167131 0.963040 -0.255656 0.084815 1.821473 0.042328 -0.167327 -0.984992 0.006639
0.271054 0.949938 -0.155394 0.184763 0.962163 -0.262726 0.072234 1.879445 0.027792 -0.169094 -0.985208 0.004521
0.263223 0.949478 -0.170897 0.186974 0.964375 -0.254124 0.073498 1.945394 0.026356 -0.184155 -0.982544 0.036799
0.257883 0.949667 -0.177846 0.199714 0.965815 -0.248352 0.074308 2.015077 0.026399 -0.190929 -0.981249 0.041356
0.257666 0.951735 -0.166757 0.219179 0.965873 -0.248988 0.071371 2.095015 0.026405 -0.179456 -0.983412 0.038112
0.258209 0.949491 -0.178312 0.230210 0.965988 -0.251074 0.061884 2.158278 0.013989 -0.188226 -0.982026 0.037530
0.266011 0.946006 -0.185231 0.240588 0.962664 -0.250703 0.102105 2.250761 0.050154 -0.205476 -0.977376 0.047148
0.266152 0.946123 -0.184430 0.261135 0.961940 -0.248403 0.113878 2.337905 0.061930 -0.207719 -0.976226 0.043174
0.264161 0.946359 -0.186075 0.275804 0.963808 -0.251824 0.087517 2.393587 0.035965 -0.202459 -0.978630 0.040419
0.256568 0.947130 -0.192659 0.317502 0.965934 -0.244286 0.085419 2.487549 0.033839 -0.208011 -0.977541 0.080895
0.246103 0.948767 -0.198177 0.328207 0.969211 -0.239226 0.058312 2.542529 0.007915 -0.206426 -0.978430 0.079343
0.245010 0.947522 -0.205356 0.335587 0.969461 -0.241778 0.041087 2.576911 -0.010720 -0.209152 -0.977824 0.004178
0.246997 0.948381 -0.198911 0.353556 0.969002 -0.240626 0.055985 2.650352 0.005232 -0.206573 -0.978417 0.007546
0.248421 0.945701 -0.209611 0.368028 0.968467 -0.246723 0.034644 2.728011 -0.018953 -0.211608 -0.977171 0.025952
0.245800 0.946583 -0.208719 0.384786 0.969237 -0.242848 0.040064 2.797550 -0.012763 -0.212146 -0.977155 0.028026
0.263892 0.944281 -0.196709 0.423119 0.964490 -0.256012 0.064938 2.903947 0.010960 -0.206860 -0.978309 0.071506
0.273138 0.941730 -0.196315 0.442873 0.961965 -0.268308 0.051323 2.964658 -0.004340 -0.202867 -0.979197 0.070393
0.290283 0.935007 -0.203710 0.459670 0.956869 -0.286208 0.049859 3.024128 -0.011685 -0.209397 -0.977761 0.070070
0.296618 0.937584 -0.181532 0.484390 0.954847 -0.294520 0.039047 3.080825 -0.016855 -0.184917 -0.982610 0.056305
0.314609 0.932786 -0.175875 0.511343 0.949142 -0.311526 0.045614 3.146568 -0.012242 -0.181281 -0.983355 0.057728
0.358747 0.913747 -0.190700 0.554289 0.933130 -0.356283 0.048268 3.211810 -0.023838 -0.195264 -0.980461 0.056608
0.376838 0.906842 -0.188760 0.580774 0.925413 -0.377398 0.034382 3.264945 -0.040058 -0.187638 -0.981421 0.053256
0.403110 0.899018 -0.171082 0.618605 0.914998 -0.399359 0.057364 3.355058 -0.016752 -0.179663 -0.983586 0.047959
0.411711 0.893307 -0.180268 0.642661 0.910351 -0.412241 0.036300 3.411943 -0.041887 -0.179053 -0.982947 0.044654
0.439921 0.878057 -0.188378 0.664523 0.896229 -0.442569 0.030094 3.468409 -0.056946 -0.182069 -0.981635 0.018001
0.465849 0.860328 -0.206932 0.688132 0.882816 -0.467785 0.042578 3.528978 -0.060169 -0.202518 -0.977428 0.014878
0.480870 0.849062 -0.218765 0.709598 0.874820 -0.481339 0.054800 3.616807 -0.058772 -0.217732 -0.974237 -0.002534
0.492946 0.836085 -0.240760 0.758519 0.866470 -0.496854 0.048638 3.684658 -0.078958 -0.232587 -0.969365 0.027521
0.510847 0.819753 -0.258922 0.781308 0.855270 -0.515072 0.056696 3.743565 -0.086886 -0.250411 -0.964233 0.022923
0.508352 0.827925 -0.236893 0.844017 0.856727 -0.514073 0.041813 3.809451 -0.087162 -0.224208 -0.970636 0.007195
0.537293 0.816769 -0.210251 0.891434 0.841156 -0.537104 0.063054 3.869639 -0.061426 -0.210733 -0.975612 0.005302
0.533214 0.815718 -0.224249 0.919262 0.843472 -0.533015 0.066715 3.932386 -0.065107 -0.224720 -0.972246 0.003192
0.544254 0.815803 -0.195585 0.964994 0.837624 -0.541394 0.072651 3.989389 -0.046619 -0.203367 -0.977992 -0.005173
0.544985 0.816243 -0.191675 1.001027 0.837183 -0.542298 0.070980 4.045206 -0.046008 -0.199149 -0.978889 -0.010021
0.542793 0.811276 -0.217269 1.022924 0.836995 -0.543898 0.060126 4.112300 -0.069393 -0.214489 -0.974258 -0.021153
0.538830 0.811028 -0.227807 1.049537 0.838355 -0.542771 0.050608 4.164706 -0.082603 -0.218252 -0.972390 -0.025457
0.537611 0.813009 -0.223584 1.129622 0.839077 -0.542003 0.046710 4.246838 -0.083208 -0.212717 -0.973565 -0.026421
0.541155 0.810877 -0.222777 1.163518 0.836984 -0.544987 0.049470 4.305468 -0.081296 -0.213232 -0.973613 -0.032758
0.544540 0.810108 -0.217260 1.202778 0.835053 -0.547891 0.050025 4.373917 -0.078509 -0.208664 -0.974831 -0.046470
0.541919 0.814211 -0.208289 1.239516 0.837539 -0.543747 0.053551 4.432630 -0.069655 -0.203471 -0.976600 -0.046539
0.544128 0.816474 -0.193120 1.296322 0.837618 -0.541859 0.069171 4.514686 -0.048168 -0.199399 -0.978734 -0.054299
0.537212 0.822406 -0.187222 1.334386 0.842816 -0.532004 0.081441 4.578757 -0.032625 -0.201545 -0.978936 -0.057054
0.513902 0.839364 -0.177123 1.392608 0.857486 -0.508619 0.077614 4.640448 -0.024942 -0.191767 -0.981124 -0.061824
0.499018 0.848659 -0.175380 1.427222 0.865887 -0.496455 0.061423 4.690053 -0.034941 -0.182510 -0.982583 -0.062069
0.475656 0.860560 -0.182175 1.471608 0.879486 -0.469027 0.080734 4.783306 -0.015969 -0.198622 -0.979946 -0.067558
0.449788 0.875548 -0.176369 1.498620 0.893123 -0.441950 0.083733 4.843271 -0.004634 -0.195182 -0.980756 -0.070045
0.424091 0.888806 -0.173697 1.526396 0.905150 -0.422174 0.049716 4.893058 -0.029143 -0.178306 -0.983543 -0.073669
0.427863 0.886485 -0.176288 1.578660 0.903360 -0.425800 0.051329 4.972025 -0.029561 -0.181213 -0.982999 -0.087726
0.421500 0.887561 -0.185937 1.600152 0.906271 -0.419477 0.052069 5.036116 -0.031782 -0.190456 -0.981181 -0.090274
0.417967 0.888525 -0.189280 1.636349 0.907436 -0.418231 0.040521 5.097036 -0.043159 -0.188696 -0.981087 -0.052148
0.416796 0.889127 -0.189033 1.663708 0.907766 -0.417963 0.035609 5.157787 -0.047348 -0.186440 -0.981325 -0.055029
0.413318 0.890623 -0.189629 1.690521 0.909491 -0.413984 0.037998 5.246665 -0.044662 -0.188171 -0.981120 -0.086758
0.410821 0.891127 -0.192661 1.713784 0.910808 -0.410573 0.043113 5.310588 -0.040682 -0.193189 -0.980318 -0.090276
0.410261 0.890260 -0.197795 1.744068 0.910772 -0.411075 0.038884 5.373307 -0.046692 -0.196098 -0.979472 -0.099980
0.415040 0.888585 -0.195341 1.773538 0.908917 -0.414440 0.045928 5.439630 -0.040146 -0.196610 -0.979659 -0.099301
0.413773 0.888089 -0.200224 1.812725 0.909828 -0.411052 0.056996 5.527043 -0.031685 -0.205752 -0.978091 -0.114205
0.409817 0.890566 -0.197336 1.841373 0.911108 -0.410071 0.041517 5.582473 -0.043948 -0.196809 -0.979456 -0.118296
0.415318 0.887006 -0.201819 1.874357 0.908643 -0.415078 0.045584 5.657812 -0.043337 -0.202313 -0.978362 -0.100290
0.417568 0.883142 -0.213766 1.896318 0.907789 -0.415678 0.055954 5.725632 -0.039443 -0.217419 -0.975281 -0.099752
0.416109 0.883775 -0.213997 1.941219 0.908096 -0.416061 0.047487 5.794476 -0.047068 -0.214089 -0.975679 -0.108546
0.419093 0.882600 -0.213023 1.969918 0.906834 -0.418491 0.050175 5.854596 -0.044864 -0.214204 -0.975758 -0.111732
0.411039 0.885515 -0.216587 1.982165 0.909880 -0.413173 0.037516 5.949018 -0.056267 -0.212488 -0.975542 -0.121427
0.414480 0.883885 -0.216688 2.009706 0.908121 -0.417230 0.035141 6.008504 -0.059348 -0.211344 -0.975608 -0.123226
0.421578 0.880141 -0.218229 2.062755 0.905832 -0.419827 0.056690 6.088386 -0.041724 -0.221578 -0.974250 -0.111887
0.421519 0.881595 -0.212396 2.090946 0.905972 -0.419536 0.056608 6.150979 -0.039202 -0.216286 -0.975543 -0.114664
0.432177 0.880211 -0.196090 2.133568 0.901339 -0.428493 0.063103 6.234000 -0.028479 -0.204015 -0.978553 -0.106181
0.439183 0.875276 -0.202509 2.157592 0.897867 -0.435371 0.065468 6.297280 -0.030864 -0.210578 -0.977090 -0.107572
0.445441 0.869551 -0.213220 2.178182 0.894340 -0.443247 0.060733 6.353768 -0.041698 -0.217744 -0.975115 -0.111002
0.455576 0.864817 -0.211048 2.209795 0.888734 -0.455447 0.052157 6.432644 -0.051015 -0.211328 -0.976083 -0.141581
0.468759 0.858821 -0.206620 2.243958 0.881760 -0.468869 0.051587 6.491494 -0.052574 -0.206371 -0.977060 -0.143026
0.490848 0.847552 -0.201800 2.290409 0.869907 -0.489597 0.059630 6.564400 -0.048261 -0.204816 -0.977610 -0.155356
0.515015 0.832876 -0.202676 2.324874 0.855327 -0.514873 0.057632 6.616930 -0.056352 -0.203036 -0.977548 -0.158087
-0.243726 0.898082 -0.366123 -2.913380 0.968522 0.205675 -0.140226 6.463646 -0.050632 -0.388775 -0.919940 -0.037166
-0.226413 0.902921 -0.365337 -2.928071 0.972835 0.191036 -0.130759 6.532889 -0.048273 -0.385018 -0.921646 -0.040048
-0.231113 0.907381 -0.351064 -2.944250 0.970756 0.190969 -0.145478 6.608528 -0.064962 -0.374420 -0.924981 -0.061457
-0.222375 0.909519 -0.351175 -2.958880 0.971932 0.178434 -0.153325 6.668563 -0.076791 -0.375414 -0.923671 -0.064875
-0.205852 0.911010 -0.357333 -2.976781 0.975569 0.162410 -0.147946 6.734023 -0.076746 -0.379058 -0.922185 -0.071491
-0.210878 0.911958 -0.351941 -2.989269 0.973650 0.163986 -0.158472 6.823119 -0.086806 -0.376085 -0.922510 -0.079458
-0.205356 0.914394 -0.348873 -3.002551 0.975648 0.163199 -0.146547 6.891907 -0.077066 -0.370472 -0.925641 -0.083825
-0.199417 0.913397 -0.354880 -3.029658 0.977754 0.161434 -0.133924 6.983542 -0.065036 -0.373692 -0.925270 -0.064624
-0.192538 0.910472 -0.366020 -3.051453 0.980310 0.161801 -0.113194 7.057385 -0.043837 -0.380607 -0.923697 -0.067280
-0.204488 0.911217 -0.357586 -3.070985 0.976658 0.165388 -0.137060 7.132521 -0.065751 -0.377266 -0.923768 -0.099314
-0.210504 0.912102 -0.351793 -3.083539 0.973348 0.162052 -0.162271 7.183737 -0.090999 -0.376576 -0.921906 -0.103985
-0.211047 0.912335 -0.350863 -3.098631 0.972362 0.159282 -0.170708 7.272397 -0.099857 -0.377193 -0.920735 -0.110853
-0.208637 0.908595 -0.361836 -3.119097 0.972942 0.155279 -0.171090 7.335564 -0.099266 -0.387741 -0.916408 -0.116638
-0.209506 0.907636 -0.363735 -3.134800 0.972829 0.155992 -0.171086 7.394373 -0.098544 -0.389696 -0.915656 -0.155014
-0.207700 0.912843 -0.351536 -3.142301 0.973711 0.158574 -0.163530 7.462231 -0.093532 -0.376260 -0.921781 -0.161721
-0.205228 0.911951 -0.355285 -3.158284 0.973602 0.153174 -0.169227 7.524490 -0.099906 -0.380636 -0.919312 -0.167176
-0.205998 0.904564 -0.373268 -3.181638 0.973280 0.149851 -0.173987 7.630377 -0.101448 -0.399135 -0.911263 -0.136205
-0.216559 0.910117 -0.353256 -3.190388 0.971272 0.164285 -0.172168 7.697119 -0.098658 -0.380392 -0.919548 -0.142570
-0.209120 0.915036 -0.344931 -3.194066 0.971654 0.154661 -0.178795 7.781715 -0.110257 -0.372544 -0.921442 -0.157445
-0.211515 0.914025 -0.346150 -3.212752 0.970579 0.154739 -0.184478 7.841629 -0.115055 -0.374985 -0.919863 -0.165333
-0.211916 0.914017 -0.345926 -3.229223 0.969871 0.153167 -0.189446 7.915637 -0.120172 -0.375650 -0.918937 -0.186293
-0.341567 0.784870 -0.517021 -4.000917 0.931108 0.207700 -0.299830 7.578633 -0.127943 -0.583815 -0.801742 -0.042356
-0.349441 0.781759 -0.516473 -4.025522 0.927221 0.209265 -0.310597 7.637223 -0.134732 -0.587419 -0.797988 -0.047628
-0.350943 0.787466 -0.506691 -4.054110 0.926568 0.213836 -0.309427 7.713552 -0.135315 -0.578075 -0.804686 -0.058529
-0.346596 0.787137 -0.510184 -4.076873 0.927286 0.205493 -0.312911 7.772368 -0.141464 -0.581540 -0.801124 -0.065675
-0.341700 0.777976 -0.527252 -4.108884 0.929884 0.198553 -0.309666 7.864168 -0.136225 -0.596096 -0.791273 -0.066206
-0.336573 0.779165 -0.528792 -4.132316 0.932770 0.198897 -0.300631 7.932322 -0.129066 -0.594426 -0.793725 -0.072485
-0.336438 0.782237 -0.524323 -4.153023 0.932802 0.200443 -0.299504 8.013051 -0.129186 -0.589855 -0.797109 -0.088409
-0.332158 0.777735 -0.533667 -4.179998 0.934288 0.193588 -0.299383 8.073523 -0.129529 -0.598040 -0.790930 -0.093743
-0.333397 0.775647 -0.535927 -4.213515 0.934633 0.197320 -0.295848 8.152154 -0.123724 -0.599530 -0.790731 -0.106413
-0.334843 0.773533 -0.538077 -4.236395 0.932690 0.190846 -0.306051 8.209220 -0.134050 -0.604339 -0.785370 -0.112901
-0.327075 0.771183 -0.546168 -4.275991 0.935934 0.184496 -0.299982 8.287074 -0.130575 -0.609293 -0.782120 -0.125156
-0.318765 0.776882 -0.542994 -4.294987 0.940629 0.188786 -0.282093 8.355370 -0.116644 -0.600678 -0.790936 -0.133169
-0.308139 0.781158 -0.542995 -4.313570 0.944082 0.180707 -0.275781 8.433386 -0.117306 -0.597610 -0.793159 -0.149263
-0.310020 0.778448 -0.545808 -4.337336 0.942274 0.175185 -0.285360 8.487327 -0.126521 -0.602768 -0.787822 -0.154707
-0.315786 0.784932 -0.533067 -4.374954 0.938454 0.175522 -0.297482 8.575103 -0.139938 -0.594200 -0.792051 -0.173586
-0.304106 0.794271 -0.525979 -4.389722 0.942310 0.169718 -0.288528 8.638863 -0.139901 -0.583378 -0.800061 -0.184707
-0.300913 0.800773 -0.517893 -4.410621 0.944452 0.174986 -0.278191 8.721378 -0.132144 -0.572837 -0.808948 -0.194818
-0.292489 0.802691 -0.519748 -4.428759 0.945928 0.163147 -0.280361 8.779947 -0.140248 -0.573647 -0.807007 -0.203941
-0.396500 0.576378 -0.714546 -4.806708 0.898993 0.086071 -0.429421 8.680536 -0.186007 -0.812638 -0.552287 -0.147186
-0.412733 0.586950 -0.696521 -4.827371 0.886524 0.083306 -0.455121 8.768866 -0.209109 -0.805326 -0.554728 -0.172835
-0.392673 0.589983 -0.705499 -4.855136 0.897548 0.078571 -0.433859 8.835134 -0.200537 -0.803584 -0.560391 -0.183859
-0.393648 0.591625 -0.703577 -4.893477 0.897960 0.083665 -0.432052 8.912626 -0.196748 -0.801860 -0.564190 -0.210252
-0.383414 0.595148 -0.706253 -4.919599 0.899773 0.068209 -0.430995 8.968722 -0.208333 -0.800716 -0.561650 -0.223457
-0.359225 0.580834 -0.730472 -4.956004 0.911336 0.049699 -0.408652 9.051342 -0.201055 -0.812504 -0.547188 -0.241172
-0.365725 0.585884 -0.723177 -4.979052 0.909166 0.058627 -0.412286 9.108462 -0.199154 -0.808271 -0.554108 -0.255657
-0.368005 0.596974 -0.712877 -4.993269 0.903968 0.050159 -0.424648 9.168973 -0.217746 -0.800691 -0.558104 -0.282019
-0.390750 0.589405 -0.707047 -5.019854 0.889192 0.043080 -0.455501 9.209396 -0.238015 -0.806688 -0.540928 -0.290354
-0.398744 0.587497 -0.704167 -5.056159 0.883223 0.039360 -0.467298 9.293664 -0.246821 -0.808269 -0.534585 -0.297432
-0.366023 0.597451 -0.713498 -5.074906 0.902743 0.041745 -0.428150 9.374483 -0.226014 -0.800818 -0.554624 -0.313820
-0.341987 0.598562 -0.724409 -5.102451 0.914420 0.034351 -0.403306 9.445318 -0.216519 -0.800339 -0.559085 -0.329577
-0.344719 0.603093 -0.719338 -5.137004 0.910140 0.027129 -0.413411 9.508156 -0.229811 -0.797209 -0.558251 -0.362944
-0.348342 0.602593 -0.718011 -5.158511 0.905947 0.019766 -0.422930 9.565914 -0.240663 -0.797804 -0.552803 -0.375948
-0.323728 0.606791 -0.725951 -5.180711 0.918608 0.017792 -0.394769 9.691510 -0.226626 -0.794662 -0.563163 -0.390268
-0.311839 0.610342 -0.728175 -5.202087 0.923138 0.013231 -0.384242 9.754558 -0.224884 -0.792028 -0.567556 -0.406317
-0.324780 0.613476 -0.719837 -5.222173 0.913415 0.006025 -0.406985 9.801188 -0.245339 -0.789691 -0.562314 -0.420963
-0.332442 0.612354 -0.717290 -5.247346 0.909549 0.007041 -0.415537 9.874660 -0.249406 -0.790552 -0.559307 -0.446419
-0.336483 0.614284 -0.713747 -5.271057 0.906934 0.007379 -0.421207 9.931610 -0.253474 -0.789051 -0.559598 -0.462537
-0.348496 0.611420 -0.710434 -5.298582 0.897728 -0.000209 -0.440551 10.004587 -0.269510 -0.791306 -0.548816 -0.500927
-0.350530 0.599223 -0.719764 -5.326745 0.897470 -0.004775 -0.441050 10.065198 -0.267724 -0.800568 -0.536110 -0.511240
-0.346981 0.597667 -0.722771 -5.338682 0.901400 -0.000304 -0.432987 10.172590 -0.259002 -0.801744 -0.538632 -0.503468
-0.353940 0.590317 -0.725432 -5.363424 0.900435 0.005365 -0.434958 10.227056 -0.252872 -0.807153 -0.533441 -0.514862
-0.344237 0.585434 -0.734008 -5.390002 0.907216 0.006077 -0.420621 10.292439 -0.241785 -0.810697 -0.533207 -0.527993
-0.341333 0.573781 -0.744491 -5.464937 0.908964 -0.000176 -0.416875 10.338912 -0.239326 -0.819009 -0.521486 -0.571589
-0.350142 0.569317 -0.743827 -5.489011 0.905811 0.003561 -0.423667 10.395507 -0.238552 -0.822110 -0.516940 -0.582320
-0.342354 0.576496 -0.741921 -5.504315 0.908701 0.002411 -0.417440 10.494495 -0.238864 -0.817097 -0.524688 -0.604645
-0.350939 0.580195 -0.734994 -5.526356 0.903509 0.003606 -0.428553 10.549732 -0.245994 -0.814470 -0.525477 -0.621384
-0.360412 0.579576 -0.730887 -5.565965 0.897896 0.003241 -0.440196 10.615560 -0.252759 -0.814912 -0.521566 -0.637779
-0.352961 0.585802 -0.729558 -5.586904 0.900981 0.002547 -0.433850 10.676648 -0.252292 -0.810450 -0.528696 -0.653703
-0.353976 0.588711 -0.726719 -5.615965 0.901755 0.008735 -0.432158 10.758164 -0.248069 -0.808296 -0.533965 -0.696424
-0.353848 0.593998 -0.722467 -5.637492 0.901530 0.010910 -0.432579 10.811832 -0.249069 -0.804393 -0.539367 -0.713921
-0.363495 0.596086 -0.715928 -5.658872 0.895687 0.012311 -0.444514 10.866542 -0.256155 -0.802826 -0.538381 -0.727268
-0.351908 0.594986 -0.722601 -5.680187 0.902496 0.010877 -0.430561 10.955473 -0.248318 -0.803663 -0.540800 -0.755783
-0.358181 0.582892 -0.729344 -5.728744 0.899102 0.004802 -0.437712 11.027401 -0.251637 -0.812535 -0.525800 -0.785090
-0.352391 0.569558 -0.742579 -5.759327 0.905180 0.005952 -0.424987 11.087128 -0.237635 -0.821929 -0.517650 -0.793053
-0.359889 0.568777 -0.739576 -5.781423 0.901750 0.008626 -0.432171 11.143299 -0.239429 -0.822447 -0.515999 -0.804271
-0.364369 0.584760 -0.724770 -5.794230 0.901271 0.025533 -0.432502 11.230600 -0.234404 -0.810805 -0.536331 -0.820495
-0.384220 0.584244 -0.714866 -5.815854 0.888130 0.022387 -0.459048 11.277489 -0.252192 -0.811269 -0.527486 -0.832872
-0.365663 0.571488 -0.734637 -5.864809 0.899044 0.012622 -0.437677 11.367361 -0.240855 -0.820513 -0.518408 -0.851288
-0.372249 0.574528 -0.728936 -5.889621 0.899662 0.030326 -0.435532 11.432575 -0.228120 -0.817923 -0.528170 -0.864155
-0.350595 0.584387 -0.731830 -5.900489 0.910010 0.027942 -0.413643 11.518673 -0.221279 -0.810994 -0.541594 -0.879819
-0.350102 0.574146 -0.740125 -5.925344 0.908552 0.015858 -0.417471 11.576798 -0.227952 -0.818600 -0.527193 -0.886671
-0.357296 0.573721 -0.737010 -5.950350 0.906352 0.022435 -0.421926 11.632550 -0.225533 -0.818743 -0.528009 -0.898086
-0.371886 0.579216 -0.725403 -5.994047 0.896582 0.021660 -0.442348 11.711157 -0.240503 -0.814886 -0.527370 -0.961399
-0.366225 0.573681 -0.732646 -6.022686 0.900373 0.019657 -0.434674 11.773213 -0.234962 -0.818843 -0.523726 -0.971944
-0.370948 0.580265 -0.725045 -6.063801 0.900453 0.033803 -0.433637 11.863269 -0.227115 -0.813726 -0.535040 -0.988589
-0.373847 0.582985 -0.721364 -6.085441 0.896594 0.028088 -0.441961 11.915026 -0.237395 -0.811997 -0.533202 -1.003001
-0.374456 0.572751 -0.729205 -6.115445 0.896207 0.021788 -0.443100 11.969156 -0.237898 -0.819440 -0.521462 -1.009819
-0.386284 0.577204 -0.719458 -6.123746 0.888891 0.024681 -0.457454 12.043854 -0.246288 -0.816227 -0.522605 -1.030104
-0.392088 0.589745 -0.706023 -6.141368 0.883278 0.026873 -0.468079 12.093710 -0.257074 -0.807142 -0.531446 -1.050796
-0.380752 0.581022 -0.719334 -6.185000 0.890306 0.020226 -0.454913 12.173178 -0.249766 -0.813636 -0.524989 -1.065944
-0.361991 0.577061 -0.732095 -6.212494 0.901562 0.017092 -0.432313 12.243643 -0.236958 -0.816522 -0.526443 -1.078136
-0.345369 0.581622 -0.736503 -6.235277 0.911382 0.020684 -0.411042 12.314260 -0.223837 -0.813196 -0.537223 -1.095986
-0.335848 0.582587 -0.740134 -6.253820 0.914713 0.014246 -0.403853 12.402758 -0.224736 -0.812643 -0.537685 -1.119156
-0.343238 0.574804 -0.742824 -6.278627 0.910272 0.008644 -0.413921 12.457852 -0.231502 -0.818246 -0.526195 -1.127735
-0.354869 0.582279 -0.731450 -6.324991 0.903458 0.012335 -0.428500 12.536197 -0.240484 -0.812895 -0.530442 -1.160277
-0.351230 0.579273 -0.735581 -6.348766 0.905194 0.009296 -0.424897 12.597294 -0.239294 -0.815080 -0.527620 -1.173356
-0.346772 0.577416 -0.739148 -6.384443 0.908427 0.010601 -0.417908 12.684830 -0.233472 -0.816381 -0.528217 -1.194091
-0.358020 0.582878 -0.729435 -6.403805 0.902404 0.015392 -0.430617 12.735922 -0.239770 -0.812414 -0.531502 -1.209459
-0.366726 0.586607 -0.722083 -6.423381 0.897076 0.017310 -0.441538 12.787094 -0.246510 -0.809687 -0.532579 -1.226126
-0.361510 0.591327 -0.720863 -6.450935 0.898636 0.014899 -0.438441 12.874150 -0.248522 -0.806295 -0.536773 -1.261236
-0.360507 0.597800 -0.716010 -6.473316 0.901790 0.027225 -0.431316 12.938734 -0.238348 -0.801183 -0.548905 -1.280955
-0.355269 0.602490 -0.714695 -6.494936 0.903081 0.023850 -0.428808 12.996983 -0.241307 -0.797770 -0.552571 -1.297945
-0.349974 0.593681 -0.724611 -6.524021 0.905834 0.017362 -0.423277 13.086701 -0.238710 -0.804513 -0.543853 -1.298537
-0.360749 0.591864 -0.720803 -6.551373 0.899216 0.015608 -0.437226 13.135169 -0.247528 -0.805887 -0.537844 -1.312284
-0.379387 0.598673 -0.705447 -6.597658 0.887761 0.020737 -0.459837 13.203278 -0.260663 -0.800725 -0.539347 -1.359350
-0.365900 0.589188 -0.720399 -6.627240 0.895004 0.010577 -0.445933 13.266394 -0.255119 -0.807926 -0.531196 -1.370254
-0.368727 0.577105 -0.728691 -6.658586 0.894160 0.005996 -0.447708 13.321745 -0.254005 -0.816648 -0.518235 -1.378477
-0.368670 0.582694 -0.724259 -6.690204 0.892993 0.005626 -0.450034 13.397045 -0.258158 -0.812672 -0.522416 -1.408744
-0.360478 0.581721 -0.729148 -6.713390 0.897541 0.003525 -0.440916 13.459036 -0.253920 -0.813381 -0.523389 -1.422859
-0.367343 0.576137 -0.730155 -6.730433 0.895734 0.007761 -0.444523 13.555504 -0.250439 -0.817317 -0.518916 -1.430222
-0.368294 0.568397 -0.735720 -6.757921 0.897625 0.011296 -0.440615 13.608974 -0.242134 -0.822677 -0.514367 -1.442830
-0.389973 0.555041 -0.734746 -6.788024 0.886499 0.010463 -0.462613 13.656260 -0.249081 -0.831757 -0.496123 -1.449774
-0.407133 0.553910 -0.726241 -6.816194 0.882727 0.034396 -0.468625 13.735294 -0.234596 -0.831866 -0.502955 -1.480271
-0.383281 0.555569 -0.737861 -6.841903 0.899579 0.043415 -0.434595 13.812492 -0.209413 -0.830336 -0.516419 -1.493814
-0.374368 0.535650 -0.756920 -6.879382 0.906929 0.041434 -0.419241 13.879071 -0.193204 -0.843423 -0.501308 -1.497883
-0.385412 0.530882 -0.754733 -6.937658 0.904782 0.056822 -0.422067 13.953321 -0.181183 -0.845539 -0.502232 -1.515637
-0.412414 0.546502 -0.728870 -6.952563 0.890243 0.071963 -0.449765 14.004118 -0.193346 -0.834360 -0.516198 -1.530336
-0.398387 0.550996 -0.733274 -6.977893 0.897720 0.070272 -0.434927 14.066364 -0.188115 -0.831544 -0.522635 -1.543339
-0.399868 0.544896 -0.737017 -7.000358 0.895665 0.061530 -0.440452 14.164506 -0.194652 -0.836243 -0.512648 -1.559266
-0.398661 0.540377 -0.740987 -7.031275 0.900433 0.077302 -0.428071 14.224314 -0.174040 -0.837864 -0.517391 -1.569984
-0.411967 0.546983 -0.728762 -7.076665 0.896200 0.098710 -0.432531 14.271811 -0.164651 -0.831304 -0.530871 -1.608495
-0.440614 0.543542 -0.714438 -7.104537 0.882465 0.116271 -0.455782 14.319052 -0.164669 -0.831290 -0.530887 -1.619524
-0.452614 0.527952 -0.718615 -7.137580 0.878101 0.123652 -0.462221 14.372714 -0.155173 -0.840225 -0.519561 -1.621168
-0.451732 0.519376 -0.725388 -7.163998 0.884739 0.156182 -0.439141 14.496209 -0.114787 -0.840152 -0.530064 -1.620287
-0.624361 -0.042402 -0.779984 -9.634718 0.779530 0.030179 -0.625638 13.115144 0.050067 -0.998645 0.014212 -0.030324
-0.622401 -0.065066 -0.779989 -9.674108 0.778382 0.053057 -0.625545 13.162789 0.082086 -0.996469 0.017623 -0.018766
-0.627528 -0.100440 -0.772088 -9.713145 0.768991 0.075315 -0.634808 13.215968 0.121910 -0.992088 0.029975 -0.001045
-0.627956 -0.114780 -0.769739 -9.744549 0.761192 0.115357 -0.638185 13.259027 0.162045 -0.986670 0.014930 0.006508
-0.617429 -0.153417 -0.771521 -9.793876 0.756181 0.154468 -0.635869 13.323290 0.216728 -0.976014 0.020638 0.011761
-0.626119 -0.178185 -0.759095 -9.820050 0.735249 0.189186 -0.650859 13.347744 0.259583 -0.965639 0.012557 0.028732
-0.615534 -0.214140 -0.758460 -9.846950 0.726327 0.219387 -0.651397 13.378250 0.305887 -0.951847 0.020496 0.057269
-0.603708 -0.247279 -0.757885 -9.909061 0.715500 0.251175 -0.651898 13.409142 0.351563 -0.935823 0.025292 0.085764
-0.586264 -0.265850 -0.765257 -9.941942 0.709161 0.288254 -0.643428 13.454459 0.391644 -0.919910 0.019538 0.111092
-0.568263 -0.297824 -0.767058 -9.975126 0.702116 0.310604 -0.640749 13.494827 0.429081 -0.902677 0.032602 0.145989
-0.546515 -0.327840 -0.770612 -10.016998 0.690902 0.343510 -0.636125 13.542090 0.473260 -0.880069 0.038772 0.174819
-0.541807 -0.350823 -0.763785 -10.045248 0.665748 0.375568 -0.644770 13.572783 0.513054 -0.857829 0.030074 0.204024
-0.546785 -0.371435 -0.750374 -10.068682 0.632012 0.404726 -0.660876 13.599040 0.549169 -0.835603 0.013453 0.233577
-0.527534 -0.397498 -0.750802 -10.109383 0.611941 0.435221 -0.660386 13.675790 0.589267 -0.807823 0.013652 0.286289
-0.504781 -0.418622 -0.754951 -10.136099 0.597512 0.461759 -0.655559 13.711531 0.623038 -0.782006 0.017045 0.329168
-0.478610 -0.447136 -0.755646 -10.160320 0.582692 0.482039 -0.654300 13.739537 0.656812 -0.753464 0.029834 0.379220
-0.461662 -0.461256 -0.757701 -10.188839 0.555294 0.515832 -0.652354 13.780060 0.691749 -0.721914 0.017993 0.410315
-0.445729 -0.480930 -0.755004 -10.211571 0.533567 0.534486 -0.655462 13.806201 0.718771 -0.695004 0.018372 0.457911
-0.409428 -0.497959 -0.764465 -10.248016 0.536252 0.546545 -0.643213 13.853679 0.738108 -0.673295 0.043261 0.524494
-0.035158 -0.799513 -0.599619 -9.918355 0.818962 0.320820 -0.475790 14.215318 0.572770 -0.507793 0.643492 0.232414
-0.045163 -0.796849 -0.602488 -9.922519 0.804229 0.328763 -0.495106 14.255246 0.592600 -0.506899 0.626002 0.262385
-0.046256 -0.797856 -0.601071 -9.920869 0.803783 0.327545 -0.496637 14.326226 0.593122 -0.506103 0.626152 0.304723
-0.037801 -0.797103 -0.602659 -9.920694 0.806845 0.331462 -0.489014 14.378729 0.589553 -0.504738 0.630609 0.342214
-0.047230 -0.794982 -0.604792 -9.926093 0.804297 0.328782 -0.494984 14.424840 0.592347 -0.509811 0.623873 0.377050
-0.077101 -0.798555 -0.596964 -9.951817 0.789397 0.316845 -0.525796 14.494775 0.609022 -0.511781 0.605947 0.433948
-0.066434 -0.806777 -0.587110 -9.948463 0.800070 0.308525 -0.514490 14.551085 0.596217 -0.503909 0.624981 0.478136
-0.057105 -0.796106 -0.602456 -9.955272 0.805270 0.319975 -0.499155 14.613744 0.590151 -0.513644 0.622809 0.515836
-0.062492 -0.792840 -0.606217 -9.963843 0.813643 0.311295 -0.491000 14.708157 0.577997 -0.523928 0.625635 0.561876
-0.065671 -0.806380 -0.587740 -9.959900 0.822626 0.289628 -0.489287 14.760403 0.564777 -0.515622 0.644330 0.605804
-0.074001 -0.799325 -0.596325 -9.967578 0.813364 0.297616 -0.499864 14.806762 0.577030 -0.522020 0.628118 0.640394
-0.099855 -0.778574 -0.619557 -9.987896 0.804619 0.303116 -0.510597 14.882391 0.585335 -0.549493 0.596188 0.687119
-0.153055 -0.785928 -0.599075 -9.995850 0.788517 0.268281 -0.553413 14.908773 0.595664 -0.557084 0.578656 0.713640
-0.170588 -0.801356 -0.573348 -9.995908 0.775422 0.249844 -0.579912 14.943525 0.607964 -0.543513 0.578769 0.754148
-0.149576 -0.789108 -0.595765 -10.031235 0.787064 0.269678 -0.554801 15.024806 0.598463 -0.551890 0.580741 0.820679
-0.100606 -0.777843 -0.620354 -10.042157 0.814484 0.293702 -0.500354 15.109488 0.571396 -0.555607 0.603992 0.865037
-0.082629 -0.796427 -0.599063 -10.041634 0.831331 0.276425 -0.482160 15.172304 0.549602 -0.537860 0.639253 0.921760
-0.058251 -0.799724 -0.597536 -10.034783 0.831373 0.292494 -0.472511 15.235908 0.552654 -0.524299 0.647831 0.964977
-0.056102 -0.796047 -0.602629 -10.046892 0.833076 0.295354 -0.467707 15.309034 0.550306 -0.528275 0.646598 0.996586
-0.049349 -0.790039 -0.611067 -10.054753 0.841536 0.296631 -0.451471 15.369310 0.537941 -0.536515 0.650209 1.031863
-0.069418 -0.800277 -0.595599 -10.054995 0.826565 0.288138 -0.483495 15.408056 0.558544 -0.525865 0.641479 1.073753
-0.072577 -0.799150 -0.596735 -10.043104 0.822387 0.290558 -0.489138 15.511615 0.564281 -0.526247 0.636122 1.140171
-0.062503 -0.789568 -0.610471 -10.045110 0.826003 0.302397 -0.475684 15.574748 0.560189 -0.533983 0.633285 1.173051
-0.050732 -0.791332 -0.609278 -10.045300 0.839877 0.296299 -0.454767 15.637065 0.540400 -0.534790 0.649590 1.217504
-0.062205 -0.792700 -0.606429 -10.065896 0.826625 0.299577 -0.476388 15.697752 0.559305 -0.530923 0.636630 1.264499
-0.065191 -0.788891 -0.611065 -10.068239 0.824442 0.302414 -0.478374 15.749974 0.562180 -0.534973 0.630680 1.300632
-0.076628 -0.782659 -0.617716 -10.074124 0.823325 0.299770 -0.481948 15.803217 0.562374 -0.545512 0.621412 1.334474
-0.100730 -0.786274 -0.609612 -10.059927 0.814861 0.286357 -0.503986 15.887704 0.570837 -0.547515 0.611859 1.367957
-0.104321 -0.788582 -0.606016 -10.062955 0.817950 0.278597 -0.503331 15.938934 0.565752 -0.548199 0.615957 1.406235
-0.105260 -0.781749 -0.614645 -10.071209 0.835407 0.265777 -0.481101 16.008041 0.539458 -0.564120 0.625103 1.440669
-0.109189 -0.781349 -0.614469 -10.115109 0.845074 0.252514 -0.471260 16.066167 0.523381 -0.570728 0.632726 1.503192
-0.108377 -0.786060 -0.608576 -10.118627 0.851403 0.242636 -0.465017 16.125032 0.513194 -0.568540 0.642957 1.543092
-0.128902 -0.783073 -0.608425 -10.126947 0.836703 0.243435 -0.490578 16.168543 0.532270 -0.572308 0.623820 1.574216
-0.133659 -0.789822 -0.598596 -10.151967 0.836843 0.233611 -0.495095 16.229396 0.530875 -0.567105 0.629733 1.623503
-0.118604 -0.795811 -0.593817 -10.151746 0.844861 0.233317 -0.481428 16.291305 0.521674 -0.558792 0.644677 1.663574
-0.101684 -0.791918 -0.602102 -10.156884 0.856405 0.238281 -0.458032 16.361269 0.506193 -0.562217 0.653973 1.700361
-0.091182 -0.782887 -0.615445 -10.168369 0.871851 0.235881 -0.429227 16.455568 0.481208 -0.575714 0.661053 1.751441
-0.134190 -0.807962 -0.573751 -10.163902 0.845193 0.208951 -0.491923 16.478999 0.517341 -0.550941 0.654845 1.794028
-0.134971 -0.803478 -0.579833 -10.169283 0.831662 0.226245 -0.507101 16.521353 0.538629 -0.550669 0.637685 1.824603
-0.124093 -0.779625 -0.613829 -10.188266 0.843344 0.243094 -0.479246 16.647462 0.522850 -0.577140 0.627326 1.851380
-0.176774 -0.789245 -0.588084 -10.197904 0.835339 0.195690 -0.513726 16.685032 0.520538 -0.582063 0.624694 1.884585
-0.176764 -0.807495 -0.562766 -10.195218 0.861352 0.149758 -0.485433 16.748586 0.476264 -0.570547 0.669066 1.929601
-0.183446 -0.775857 -0.603650 -10.238331 0.860439 0.170232 -0.480277 16.810125 0.475387 -0.607509 0.636349 1.985920
-0.246152 -0.777901 -0.578169 -10.255170 0.845359 0.119483 -0.520665 16.846623 0.474107 -0.616923 0.628194 2.011455
-0.269744 -0.784350 -0.558600 -10.265286 0.838351 0.094090 -0.536949 16.891595 0.473715 -0.613141 0.632180 2.048032
-0.276930 -0.767455 -0.578206 -10.290027 0.843178 0.094497 -0.529264 16.953626 0.460825 -0.634100 0.620932 2.071393
-0.324808 -0.773034 -0.544902 -10.318417 0.812853 0.066363 -0.578676 17.008833 0.483498 -0.630884 0.606807 2.036305
-0.307529 -0.768346 -0.561311 -10.336945 0.828341 0.074128 -0.555298 17.082625 0.468270 -0.635727 0.613656 2.066378
-0.286500 -0.759073 -0.584573 -10.381083 0.848541 0.082266 -0.522695 17.164694 0.444854 -0.645786 0.620536 2.094759
-0.277529 -0.763489 -0.583148 -10.396911 0.852792 0.083741 -0.515494 17.232219 0.442407 -0.640368 0.627857 2.130569
-0.226356 -0.763164 -0.605263 -10.410943 0.880133 0.105957 -0.462751 17.323799 0.417287 -0.637459 0.647702 2.164878
-0.203837 -0.747788 -0.631873 -10.423675 0.890520 0.126515 -0.436998 17.423385 0.406723 -0.651772 0.640132 2.220419
-0.178325 -0.757402 -0.628126 -10.428750 0.883116 0.158329 -0.441631 17.481405 0.433943 -0.633462 0.640640 2.255460
-0.166124 -0.762854 -0.624866 -10.434077 0.874064 0.179451 -0.451453 17.538776 0.456525 -0.621170 0.636971 2.290321
-0.186357 -0.761587 -0.620691 -10.472365 0.842169 0.201534 -0.500135 17.579761 0.505987 -0.615930 0.603827 2.339774
-0.180659 -0.764065 -0.619327 -10.480561 0.839402 0.208407 -0.501967 17.636656 0.512608 -0.610549 0.603707 2.376030
-0.149159 -0.757438 -0.635641 -10.487134 0.854026 0.225322 -0.468902 17.715705 0.498388 -0.612795 0.613263 2.413724
-0.120892 -0.756030 -0.643276 -10.490360 0.865140 0.237509 -0.441727 17.814891 0.486743 -0.609925 0.625358 2.439809
-0.115407 -0.748904 -0.652551 -10.500552 0.857680 0.256256 -0.445778 17.872701 0.501065 -0.611126 0.612747 2.471762
-0.087222 -0.736529 -0.670759 -10.507503 0.867881 0.274372 -0.414130 17.951384 0.489056 -0.618260 0.615288 2.504276
-0.078907 -0.743054 -0.664563 -10.543098 0.873557 0.269639 -0.405207 18.013675 0.480283 -0.612508 0.627824 2.565659
-0.095879 -0.754561 -0.649188 -10.547555 0.850314 0.276963 -0.447501 18.045728 0.517468 -0.594920 0.615059 2.604296
-0.127691 -0.735828 -0.665021 -10.562953 0.822332 0.296317 -0.485764 18.085469 0.554495 -0.608896 0.567257 2.625231
-0.131701 -0.739191 -0.660493 -10.562492 0.824250 0.288492 -0.487221 18.174762 0.550697 -0.608579 0.571284 2.650275
-0.105802 -0.755824 -0.646170 -10.558020 0.840294 0.279506 -0.464524 18.241310 0.531707 -0.592120 0.605542 2.703834
-0.095715 -0.749408 -0.655154 -10.567842 0.836256 0.296463 -0.461287 18.300800 0.539922 -0.592028 0.598321 2.743080
-0.076660 -0.743969 -0.663802 -10.575638 0.854633 0.293876 -0.428065 18.382576 0.513543 -0.600122 0.613292 2.781333
-0.084883 -0.770157 -0.632181 -10.566903 0.852934 0.271817 -0.445667 18.435444 0.515071 -0.577038 0.633821 2.830883
-0.084116 -0.768136 -0.634737 -10.572121 0.840147 0.287842 -0.459673 18.482980 0.535796 -0.571939 0.621135 2.867376
-0.097800 -0.755087 -0.648289 -10.617533 0.825300 0.302501 -0.476837 18.528374 0.556161 -0.581668 0.593589 2.921578
-0.123658 -0.762383 -0.635201 -10.621757 0.809459 0.292776 -0.508978 18.567335 0.574008 -0.577108 0.580914 2.960267
-0.133945 -0.778543 -0.613131 -10.617798 0.789780 0.289852 -0.540586 18.606777 0.598587 -0.556647 0.576053 3.002479
-0.105994 -0.778882 -0.618149 -10.614598 0.799936 0.302468 -0.518282 18.699523 0.590651 -0.549414 0.590996 3.058343
-0.077383 -0.767143 -0.636792 -10.621804 0.816295 0.317963 -0.482247 18.776214 0.572428 -0.557128 0.601610 3.101486
-0.078693 -0.775072 -0.626953 -10.625240 0.819284 0.308023 -0.483628 18.835821 0.567963 -0.551711 0.610765 3.147666
-0.071786 -0.781541 -0.619710 -10.618378 0.824027 0.303601 -0.478336 18.915241 0.561984 -0.544996 0.622217 3.168616
-0.068357 -0.780683 -0.621178 -10.619736 0.825517 0.305371 -0.474626 18.976302 0.560222 -0.545237 0.623593 3.206952
-0.050086 -0.772991 -0.632437 -10.624790 0.827998 0.321960 -0.459087 19.040020 0.558489 -0.546651 0.623909 3.247164
-0.052928 -0.772729 -0.632526 -10.645974 0.818663 0.329137 -0.470595 19.125428 0.571829 -0.542733 0.615184 3.292935
-0.026438 -0.766899 -0.641223 -10.647597 0.832439 0.338266 -0.438887 19.194872 0.553486 -0.545382 0.629453 3.335372
-0.026043 -0.777373 -0.628501 -10.640939 0.820157 0.342845 -0.458038 19.246180 0.571545 -0.527398 0.628639 3.380448
-0.044909 -0.773429 -0.632291 -10.648483 0.815445 0.337245 -0.470442 19.296373 0.577090 -0.536725 0.615543 3.426289
-0.051101 -0.760419 -0.647419 -10.652924 0.807112 0.350353 -0.475209 19.356219 0.588183 -0.546823 0.595840 3.457062
-0.052956 -0.767911 -0.638364 -10.653913 0.810321 0.340545 -0.476874 19.411418 0.583588 -0.542533 0.604221 3.501724
-0.053922 -0.765696 -0.640939 -10.656549 0.806067 0.345469 -0.480527 19.489308 0.589362 -0.542551 0.598574 3.524971
-0.056087 -0.775106 -0.629337 -10.655739 0.811057 0.332231 -0.481466 19.545355 0.582273 -0.537432 0.610021 3.567022
0.164040 -0.969638 -0.181366 -9.344382 0.981548 0.178755 -0.067899 20.667784 0.098258 -0.166881 0.981069 0.317509
0.166548 -0.966666 -0.194471 -9.337234 0.981191 0.181998 -0.064355 20.739220 0.097603 -0.180095 0.978795 0.320263
0.162089 -0.967475 -0.194214 -9.326682 0.983183 0.175119 -0.051802 20.810168 0.084128 -0.182552 0.979590 0.323579
0.159609 -0.969918 -0.183803 -9.308612 0.983154 0.172977 -0.059050 20.873515 0.089067 -0.171282 0.981188 0.334211
0.159755 -0.969422 -0.186278 -9.297800 0.983568 0.172389 -0.053620 20.943258 0.084092 -0.174651 0.981033 0.326575
0.161791 -0.969106 -0.186166 -9.286226 0.984359 0.171816 -0.038934 21.017132 0.069718 -0.176955 0.981747 0.328337
0.161364 -0.970581 -0.178702 -9.273068 0.984597 0.170677 -0.037925 21.114313 0.067309 -0.169830 0.983172 0.339803
0.160175 -0.970409 -0.180695 -9.261125 0.984825 0.169497 -0.037284 21.181383 0.066808 -0.171981 0.982832 0.346160
0.159052 -0.971967 -0.173154 -9.244854 0.985290 0.167375 -0.034484 21.247163 0.062499 -0.165123 0.984291 0.351641
0.156496 -0.972187 -0.174244 -9.228485 0.984051 0.168582 -0.056774 21.325610 0.084569 -0.162580 0.983065 0.363616
0.150556 -0.971321 -0.184036 -9.221285 0.983691 0.165722 -0.069921 21.383889 0.098414 -0.170507 0.980429 0.369838
0.141805 -0.975554 -0.167884 -9.205423 0.984794 0.156226 -0.075994 21.449243 0.100364 -0.154555 0.982873 0.379601
0.145604 -0.974561 -0.170384 -9.183558 0.983132 0.161794 -0.085283 21.528699 0.110681 -0.155093 0.981680 0.397957
0.142429 -0.974613 -0.172751 -9.173926 0.982007 0.161002 -0.098691 21.588201 0.123999 -0.155587 0.980009 0.407235
0.147191 -0.975114 -0.165792 -9.155931 0.982100 0.163998 -0.092650 21.657627 0.117534 -0.149187 0.981799 0.414332
0.153551 -0.973808 -0.167689 -9.150735 0.983595 0.166887 -0.068485 21.758547 0.094676 -0.154423 0.983458 0.405329
0.148671 -0.973651 -0.172920 -9.143365 0.985681 0.159974 -0.053302 21.830895 0.079561 -0.162520 0.983492 0.411055
0.149593 -0.977268 -0.150232 -9.119623 0.985753 0.159225 -0.054203 21.897658 0.076891 -0.139983 0.987164 0.417762
